0 0.454875 0.4225 0.01 0.012666666666666666 
0 0.484125 0.42783333333333334 0.0095625 0.017416666666666667 
0 0.475375 0.42983333333333335 0.00875 0.01975 
0 0.5051875 0.43383333333333335 0.0219375 0.014 
0 0.498875 0.44316666666666665 0.01897000000000003 0.016583333333333332 
0 0.513655 0.4437933333333334 0.011720000000000027 0.013706666666666631 
0 0.55428 0.43583333333333335 0.023845000000000026 0.01429333333333337 
0 0.5681875 0.4394166666666667 0.0171875 0.013583333333333333 
0 0.497375 0.4375 0.008 0.011666666666666667 
0 0.54328 0.4390833333333333 0.011190000000000054 0.01954333333333337 
0 0.5948125 0.44216666666666665 0.0133125 0.01629333333333337 
0 0.4894375 0.44016666666666665 0.0109375 0.0155 
0 0.5351549999999999 0.44354 0.009595000000000027 0.016920000000000074 
0 0.453375 0.4475 0.0146875 0.018416666666666668 
0 0.429625 0.4488333333333333 0.0095 0.016 
0 0.4714375 0.44716666666666666 0.0158125 0.015333333333333332 
0 0.484875 0.4528333333333333 0.019 0.013 
0 0.473125 0.45653999999999995 0.0245 0.019626666666666702 
0 0.483905 0.4658333333333333 0.011720000000000027 0.014333333333333333 
0 0.490375 0.4661266666666667 0.014095000000000028 0.01841333333333326 
0 0.475625 0.47475 0.010220000000000028 0.018416666666666668 
0 0.476845 0.47883333333333333 0.015029999999999972 0.0235 
0 0.5675625 0.4488333333333333 0.0135625 0.013539999999999964 
0 0.5755625 0.44853999999999994 0.011 0.015333333333333332 
0 0.581155 0.4488333333333333 0.017970000000000028 0.016083333333333335 
0 0.5527799999999999 0.4508333333333333 0.015095000000000027 0.016666666666666666 
0 0.43825 0.45225 0.018125 0.01025 
0 0.50878 0.45416666666666666 0.015157500000000027 0.015960000000000037 
0 0.4140625 0.4726666666666667 0.0190625 0.0105 
0 0.4149375 0.4585 0.0123125 0.01725 
0 0.438125 0.4598333333333333 0.0101875 0.019833333333333335 
0 0.562625 0.46120666666666665 0.0124375 0.014626666666666703 
0 0.45025 0.46216666666666667 0.011625 0.01925 
0 0.571875 0.4628333333333333 0.010375 0.013 
0 0.575125 0.46316666666666667 0.01175 0.015373333333333296 
0 0.501125 0.464 0.012654999999999974 0.025873333333333297 
0 0.460875 0.46508333333333335 0.015279999999999972 0.01895666666666663 
0 0.512655 0.4652933333333334 0.016407500000000026 0.016246666666666593 
0 0.398375 0.4678333333333333 0.0195 0.011833333333333333 
0 0.595625 0.4681666666666667 0.0130625 0.02370666666666663 
0 0.58778 0.477 0.012595000000000028 0.018333333333333333 
0 0.5556875 0.4666266666666667 0.0119375 0.017746666666666595 
0 0.539375 0.4686666666666667 0.01675 0.024666666666666667 
0 0.551875 0.4745 0.011154999999999972 0.01570666666666663 
0 0.5630625 0.47441666666666665 0.010842499999999972 0.020166666666666666 
0 0.571375 0.4743733333333333 0.009970000000000027 0.024126666666666702 
0 0.549625 0.4885 0.02475 0.01470666666666663 
0 0.610875 0.4695 0.0225 0.018333333333333333 
0 0.5211549999999999 0.4718333333333333 0.011690000000000055 0.017126666666666703 
0 0.452875 0.4756266666666667 0.0125 0.020539999999999965 
0 0.430625 0.47783333333333333 0.0185 0.019 
0 0.514875 0.4805 0.008720000000000028 0.020626666666666703 
0 0.5206875 0.4865 0.0091875 0.01975 
0 0.458625 0.48283333333333334 0.01 0.018333333333333333 
0 0.50803 0.47779333333333335 0.011875 0.029039999999999965 
0 0.493375 0.48383333333333334 0.01590499999999997 0.018460000000000035 
0 0.4665 0.4828733333333333 0.011529999999999973 0.0255 
0 0.408625 0.48783333333333334 0.01225 0.02033333333333333 
0 0.48465499999999995 0.48654 0.015315000000000054 0.024210000000000037 
0 0.428625 0.49016666666666664 0.021125 0.022 
0 0.584095 0.49383333333333335 0.025592499999999973 0.011916666666666667 
0 0.446625 0.4950833333333333 0.022220000000000028 0.015543333333333369 
0 0.47290499999999996 0.49475 0.0135 0.03171000000000004 
0 0.49875 0.503 0.0110625 0.024083333333333335 
0 0.402625 0.5016666666666667 0.014125 0.025833333333333333 
0 0.529625 0.5041666666666667 0.016 0.023666666666666666 
0 0.514125 0.5078333333333334 0.009 0.027333333333333334 
0 0.545125 0.5075 0.01575 0.02475 
0 0.451625 0.50725 0.013845000000000027 0.019916666666666666 
0 0.522 0.5108333333333334 0.0099375 0.0205 
0 0.505875 0.5130833333333333 0.011 0.023416666666666665 
0 0.491375 0.5235 0.0105 0.023166666666666665 
0 0.417625 0.5261666666666667 0.0195 0.014583333333333334 
0 0.423875 0.5311666666666667 0.0214375 0.019 
0 0.623625 0.5259166666666667 0.0179375 0.03266666666666666 
0 0.480125 0.5275 0.015625 0.030416666666666668 
0 0.548125 0.5278333333333334 0.01475 0.019 
0 0.52525 0.5305 0.018595000000000028 0.0215 
0 0.446625 0.5315 0.0123125 0.021333333333333333 
0 0.637125 0.5325 0.01525 0.024 
0 0.533095 0.5318333333333334 0.017684999999999944 0.02325 
0 0.524875 0.5495833333333333 0.01990499999999997 0.020583333333333332 
0 0.55472 0.5322933333333334 0.01621749999999997 0.024373333333333295 
0 0.5829525 0.5331666666666667 0.021860000000000015 0.03025 
0 0.437375 0.5365 0.013 0.024333333333333332 
0 0.568625 0.5337066666666667 0.0115 0.02504333333333337 
0 0.5725625 0.53646 0.018592499999999974 0.03170666666666663 
0 0.5959375 0.5385 0.0194375 0.02325 
0 0.609125 0.5474166666666667 0.008029999999999973 0.017083333333333332 
0 0.658625 0.5385 0.015 0.023666666666666666 
0 0.494875 0.54225 0.0165 0.020083333333333335 
0 0.5124375 0.5431666666666667 0.022592499999999974 0.017 
0 0.614625 0.5419166666666667 0.012845000000000027 0.025876666666666704 
0 0.538125 0.5456266666666667 0.018029999999999973 0.028373333333333296 
0 0.6468125 0.5438733333333333 0.0141875 0.02508666666666674 
0 0.625375 0.5468333333333333 0.011 0.023373333333333298 
0 0.6314375 0.5548333333333333 0.0165 0.022333333333333334 
0 0.6373125 0.5598333333333333 0.014592499999999974 0.028166666666666666 
0 0.6161875 0.5675833333333333 0.025782500000000028 0.023083333333333334 
0 0.54725 0.5515 0.016125 0.03129333333333337 
0 0.4823125 0.5521666666666667 0.0238125 0.013416666666666667 
0 0.509125 0.5535 0.0205 0.012583333333333334 
0 0.56225 0.5538333333333333 0.014625 0.03266666666666666 
0 0.672125 0.5538333333333333 0.01575 0.02 
0 0.6585625 0.5526666666666666 0.0181875 0.020126666666666702 
0 0.660625 0.5698333333333333 0.020779999999999972 0.026416666666666668 
0 0.6790625 0.5705 0.018342499999999973 0.029 
0 0.671125 0.5718333333333333 0.01325 0.019333333333333334 
0 0.679375 0.5901666666666666 0.0065 0.009333333333333334 
0 0.68622 0.5525 0.01725 0.028539999999999965 
0 0.604875 0.5575 0.01625 0.026 
0 0.5771875 0.5601666666666667 0.0129375 0.025666666666666667 
0 0.5971875 0.5604166666666667 0.016625 0.02775 
0 0.703345 0.56104 0.026125 0.0331266666666667 
0 0.5876875 0.5591033333333333 0.0118125 0.032813333333333354 
0 0.6505 0.5650833333333334 0.016375 0.03075 
0 0.548625 0.5671666666666667 0.0185 0.024666666666666667 
0 0.645625 0.5768733333333333 0.013470000000000027 0.030960000000000036 
0 0.7308450000000001 0.5811666666666667 0.020375 0.02666666666666667 
0 0.445125 0.5838333333333333 0.01325 0.03133333333333333 
0 0.473875 0.5861666666666666 0.025 0.019333333333333334 
0 0.624125 0.5848733333333332 0.0241875 0.02129333333333337 
0 0.625875 0.6348333333333334 0.0171875 0.027333333333333334 
0 0.428875 0.6995 0.01925 0.013333333333333334 
0 0.401125 0.7458333333333333 0.0165625 0.017916666666666668 
0 0.719625 0.8435 0.0265 0.04666666666666667 
0 0.742875 0.8768333333333334 0.0075 0.016 
0 0.425 0.45775 0.0121875 0.015583333333333333 
0 0.418875 0.4723333333333333 0.0211875 0.022333333333333334 
0 0.527125 0.4825 0.012875 0.02808333333333333 
0 0.533125 0.4805833333333333 0.0165625 0.023333333333333334 
0 0.4666875 0.5305 0.0145 0.018 
0 0.4720625 0.5335833333333333 0.0111875 0.03025 
0 0.69572 0.5697933333333334 0.011279999999999972 0.028789999999999965 
0 0.7020625 0.57575 0.022282500000000028 0.031 
0 0.52397 0.44233333333333336 0.012 0.019539999999999964 
0 0.53097 0.4603733333333333 0.014904999999999972 0.01604333333333337 
0 0.538875 0.4566266666666667 0.0148125 0.012833333333333334 
0 0.5810625 0.47725 0.011092499999999972 0.018083333333333333 
0 0.578375 0.46653999999999995 0.0126875 0.017666666666666667 
0 0.59 0.4565 0.015095000000000027 0.022166666666666668 
