0 0.71325 0.31366666666666665 0.02975 0.03166666666666667 
0 0.87975 0.6083333333333333 0.029 0.04533333333333334 
0 0.3015 0.49666666666666665 0.01975 0.039 
0 0.20025 0.4146666666666667 0.0205 0.04033333333333333 
0 0.209 0.38866666666666666 0.0325 0.026 
0 0.719 0.41633333333333333 0.02725 0.034666666666666665 
0 0.55075 0.572 0.02925 0.03133333333333333 
0 0.72575 0.358 0.03075 0.037333333333333336 
0 0.30325 0.6153333333333333 0.02025 0.046 
0 0.6965 0.25733333333333336 0.026 0.026 
0 0.68175 0.24 0.015 0.03133333333333333 
0 0.26525 0.524 0.02675 0.049 
0 0.31575 0.49266666666666664 0.019 0.051333333333333335 
0 0.35825 0.5183333333333333 0.024 0.043666666666666666 
0 0.6615 0.533 0.02 0.04766666666666667 
0 0.20375 0.346 0.0335 0.032 
0 0.3035 0.5743333333333334 0.02675 0.043666666666666666 
0 0.71175 0.6496666666666666 0.03275 0.04466666666666667 
0 0.67225 0.634 0.025 0.043 
0 0.21325 0.6053333333333333 0.02175 0.04833333333333333 
0 0.28775 0.6176666666666667 0.0235 0.043 
0 0.75475 0.44766666666666666 0.01875 0.051666666666666666 
0 0.8265 0.465 0.0355 0.027 
0 0.5825 0.6186666666666667 0.02225 0.050666666666666665 
0 0.212 0.4136666666666667 0.023 0.039 
0 0.38825 0.39666666666666667 0.03275 0.03333333333333333 
0 0.61775 0.275 0.026 0.030333333333333334 
0 0.5565 0.4866666666666667 0.02525 0.03266666666666666 
0 0.337 0.32266666666666666 0.02175 0.03266666666666666 
0 0.6135 0.5263333333333333 0.02175 0.024 
0 0.43065 0.25966666666666666 0.02060000000000002 0.029333333333333333 
0 0.31625 0.6663333333333333 0.02175 0.05366666666666667 
0 0.2285 0.43 0.0255 0.045 
0 0.62925 0.48833333333333334 0.0265 0.037 
0 0.3415 0.5356666666666666 0.02825 0.035333333333333335 
0 0.72325 0.602 0.02 0.05159666666666665 
0 0.747 0.6596666666666666 0.02475 0.04666666666666667 
0 0.505 0.262 0.019 0.033666666666666664 
0 0.1435 0.6423333333333333 0.0215 0.050333333333333334 
0 0.159 0.3893333333333333 0.02675 0.03766666666666667 
0 0.5345 0.4553333333333333 0.02325 0.033 
0 0.32675 0.475 0.01275 0.042333333333333334 
0 0.09225 0.636 0.02225 0.037333333333333336 
0 0.32725 0.287 0.0185 0.03333333333333333 
0 0.4275 0.248 0.01875 0.029 
0 0.288 0.4043333333333333 0.02375 0.04566666666666667 
0 0.3455 0.25766666666666665 0.02025 0.042333333333333334 
0 0.575 0.44666666666666666 0.0195 0.04066666666666666 
0 0.34625 0.6733333333333333 0.02225 0.05 
0 0.70875 0.385 0.0265 0.04 
0 0.531 0.4886666666666667 0.02475 0.043 
0 0.39325 0.331 0.021 0.04533333333333334 
0 0.6165 0.646 0.02725 0.037 
0 0.315 0.44733333333333336 0.0205 0.04033333333333333 
0 0.61625 0.5523333333333333 0.016 0.04766666666666667 
0 0.673 0.348 0.02275 0.032 
0 0.217 0.6786666666666666 0.042 0.029 
0 0.70725 0.4493333333333333 0.0155 0.042666666666666665 
0 0.3445 0.632 0.026 0.04 
0 0.3605 0.3323333333333333 0.02325 0.02 
0 0.8405 0.5796666666666667 0.02425 0.049 
0 0.26625 0.6126666666666667 0.021 0.041666666666666664 
0 0.56475 0.5816666666666667 0.02175 0.046 
0 0.72075 0.44233333333333336 0.01925 0.044 
0 0.25725 0.5363333333333333 0.0185 0.037333333333333336 
0 0.58366 0.23678666666666667 0.021590000000000033 0.01782666666666667 
0 0.71075 0.27066666666666667 0.03025 0.021 
0 0.7095 0.6046666666666667 0.019 0.047 
0 0.65425 0.5526666666666666 0.02225 0.039 
0 0.34725 0.492 0.01725 0.04733333333333333 
0 0.51 0.5236666666666666 0.0265 0.03666666666666667 
0 0.56525 0.31966666666666665 0.019 0.034666666666666665 
0 0.1005 0.6233333333333333 0.0255 0.017333333333333333 
0 0.1935 0.6236666666666667 0.02575 0.03766666666666667 
0 0.28825 0.391 0.0305 0.019666666666666666 
0 0.18225 0.36833333333333335 0.02525 0.04833333333333333 
0 0.406 0.25266666666666665 0.01575 0.04 
0 0.27925 0.48033333333333333 0.0215 0.04533333333333334 
0 0.69425 0.525 0.0195 0.052333333333333336 
0 0.65725 0.6126666666666667 0.023 0.034333333333333334 
0 0.2645 0.304 0.032 0.026333333333333334 
0 0.76375 0.325 0.0315 0.03766666666666667 
0 0.56525 0.38433333333333336 0.0235 0.043 
0 0.7785 0.5206666666666667 0.02875 0.03966666666666667 
0 0.60425 0.634 0.02 0.049666666666666665 
0 0.311 0.25866666666666666 0.0205 0.028333333333333332 
0 0.66275 0.242 0.025 0.032 
0 0.44575 0.316 0.017 0.02 
0 0.5165 0.205 0.02175 0.030333333333333334 
0 0.309 0.5443333333333333 0.03875 0.034 
0 0.59475 0.3293333333333333 0.03075 0.025666666666666667 
0 0.47575 0.37466666666666665 0.02175 0.043 
0 0.03975 0.6383333333333333 0.039 0.035666666666666666 
0 0.792 0.37066666666666664 0.0235 0.04466666666666667 
0 0.25225 0.396 0.0245 0.03833333333333333 
0 0.4335 0.6566666666666666 0.02475 0.04033333333333333 
0 0.36375 0.6726666666666666 0.019 0.04833333333333333 
0 0.577 0.7056666666666667 0.0435 0.03233333333333333 
0 0.14975 0.6826666666666666 0.03375 0.035666666666666666 
0 0.521 0.23633333333333334 0.0325 0.022 
0 0.31525 0.6233333333333333 0.02075 0.046 
0 0.2955 0.448 0.02825 0.03133333333333333 
0 0.0305 0.6653333333333333 0.02875 0.037 
0 0.91975 0.5063333333333333 0.0435 0.025666666666666667 
0 0.68525 0.3016666666666667 0.019 0.050333333333333334 
0 0.694 0.237 0.0185 0.029333333333333333 
0 0.7055 0.47833333333333333 0.01925 0.049666666666666665 
0 0.378 0.6493333333333333 0.02 0.05533333333333333 
0 0.46975 0.6643333333333333 0.023 0.042333333333333334 
0 0.6245 0.3963333333333333 0.01625 0.029333333333333333 
0 0.6615 0.323 0.02875 0.031 
0 0.36125 0.4796666666666667 0.01625 0.041 
0 0.6555 0.264 0.01725 0.03333333333333333 
0 0.47575 0.28933333333333333 0.0145 0.037333333333333336 
0 0.5275 0.30266666666666664 0.01575 0.038 
0 0.27325 0.33666666666666667 0.03325 0.029666666666666668 
0 0.465 0.6136666666666667 0.02525 0.025666666666666667 
0 0.669 0.6263333333333333 0.019 0.04133333333333333 
0 0.4365 0.42966666666666664 0.0255 0.04133333333333333 
0 0.42675 0.32133333333333336 0.031 0.028 
0 0.453 0.5086666666666667 0.0305 0.03666666666666667 
0 0.278 0.3506666666666667 0.02625 0.03966666666666667 
0 0.4425 0.47333333333333333 0.024 0.04733333333333333 
0 0.4975 0.39241 0.034162500000000026 0.03125666666666666 
0 0.5755 0.212 0.01525 0.039 
0 0.4765 0.347 0.02375 0.03 
0 0.508 0.4806666666666667 0.015 0.044 
0 0.82725 0.6266666666666667 0.02175 0.05159 
0 0.72875 0.6643333333333333 0.02475 0.039 
0 0.83075 0.486 0.0185 0.05533333333333333 
0 0.7985 0.6363333333333333 0.01825 0.062 
0 0.697 0.2813333333333333 0.01225 0.034 
0 0.48925 0.2866666666666667 0.0165 0.028333333333333332 
0 0.5835 0.297 0.02375 0.018666666666666668 
0 0.683 0.2703333333333333 0.0175 0.028 
0 0.379 0.26566666666666666 0.01775 0.036 
0 0.406 0.30733333333333335 0.025 0.025333333333333333 
0 0.53825 0.37933333333333336 0.02125 0.018666666666666668 
0 0.63825 0.49766666666666665 0.02175 0.037 
0 0.34075 0.25233333333333335 0.017 0.029666666666666668 
0 0.47225 0.22633333333333333 0.027 0.025 
0 0.063 0.645 0.0215 0.058 
0 0.6595 0.47833333333333333 0.026 0.03266666666666666 
0 0.34225 0.6053333333333333 0.02925 0.019666666666666666 
0 0.52675 0.25166666666666665 0.027 0.024666666666666667 
0 0.86675 0.566 0.04 0.029 
0 0.53275 0.539 0.0145 0.042333333333333334 
0 0.11225 0.6503333333333333 0.0205 0.05433333333333333 
0 0.81125 0.635 0.0185 0.05466666666666667 
0 0.37975 0.335 0.021 0.026 
0 0.78125 0.6506666666666666 0.0195 0.037333333333333336 
0 0.6305 0.26766666666666666 0.02375 0.023666666666666666 
0 0.50325 0.32133333333333336 0.016 0.03766666666666667 
0 0.493 0.249 0.01325 0.04066666666666666 
0 0.575 0.6003333333333334 0.02175 0.042666666666666665 
0 0.114 0.6233333333333333 0.0305 0.033 
0 0.64675 0.44733333333333336 0.0365 0.03133333333333333 
0 0.54775 0.20833333333333334 0.01825 0.035333333333333335 
0 0.60475 0.357 0.02425 0.025 
0 0.2615 0.741 0.0235 0.052333333333333336 
0 0.2815 0.268 0.03325 0.02 
0 0.3325 0.43166666666666664 0.019 0.049 
0 0.4895 0.362 0.0155 0.046 
0 0.3895 0.25366666666666665 0.0165 0.029333333333333333 
0 0.482 0.499 0.0165 0.04466666666666667 
0 0.57275 0.3453333333333333 0.02525 0.018 
0 0.22075 0.36866666666666664 0.03075 0.02266666666666667 
0 0.386 0.62 0.03525 0.019333333333333334 
0 0.384 0.287 0.02325 0.029666666666666668 
0 0.5835 0.31333333333333335 0.03125 0.015666666666666666 
0 0.86675 0.6386666666666667 0.0195 0.04833333333333333 
0 0.68425 0.5106666666666667 0.01675 0.06233333333333333 
0 0.54 0.41733333333333333 0.0225 0.038 
0 0.59375 0.2633333333333333 0.029 0.025 
0 0.674 0.484 0.01625 0.028333333333333332 
0 0.6905 0.49033333333333334 0.0185 0.033666666666666664 
0 0.58 0.48433333333333334 0.0245 0.019333333333333334 
0 0.542 0.319 0.012 0.033 
0 0.5645 0.5153333333333333 0.0145 0.033 
0 0.471 0.49266666666666664 0.02125 0.03233333333333333 
0 0.7725 0.641 0.0205 0.034333333333333334 
0 0.33725 0.47386666666666666 0.01575 0.052133333333333365 
0 0.419 0.2633333333333333 0.01325 0.04 
0 0.50475 0.6463333333333333 0.0285 0.028333333333333332 
0 0.44975 0.5353333333333333 0.0315 0.029666666666666668 
0 0.38975 0.651 0.0225 0.05533333333333333 
0 0.455 0.40066666666666667 0.017 0.03333333333333333 
0 0.203 0.31833333333333336 0.029 0.022 
0 0.41025 0.2876666666666667 0.0135 0.025333333333333333 
0 0.6375 0.5733333333333334 0.02125 0.041 
0 0.514 0.26966666666666667 0.01925 0.037 
0 0.571 0.27166666666666667 0.01875 0.015333333333333332 
0 0.56225 0.21266666666666667 0.014 0.034333333333333334 
0 0.367 0.32133333333333336 0.02975 0.019333333333333334 
0 0.55025 0.43033333333333335 0.0195 0.04766666666666667 
0 0.5455 0.355 0.0225 0.027333333333333334 
0 0.455 0.25166666666666665 0.02475 0.021666666666666667 
0 0.564 0.5413333333333333 0.0235 0.03333333333333333 
0 0.67175 0.5083333333333333 0.01925 0.046 
0 0.3625 0.23066666666666666 0.03875 0.023666666666666666 
0 0.40275 0.29333333333333333 0.011 0.02266666666666667 
0 0.102 0.655 0.0175 0.04833333333333333 
0 0.40925 0.42633333333333334 0.018 0.044 
0 0.5765 0.325 0.02825 0.022 
0 0.2575 0.597 0.0175 0.051333333333333335 
0 0.3085 0.6846666666666666 0.01825 0.047 
0 0.4455 0.3933333333333333 0.0105 0.036333333333333336 
0 0.64675 0.256 0.02325 0.018666666666666668 
0 0.56525 0.2976666666666667 0.0145 0.019666666666666666 
0 0.4585 0.343 0.032 0.017333333333333333 
0 0.45125 0.26266666666666666 0.021 0.017666666666666667 
0 0.1936225 0.32746333333333333 0.031125 0.04098999999999997 
0 0.2331225 0.34498 0.035 0.026326666666666672 
0 0.2407475 0.36531 0.02625 0.03799000000000001 
0 0.2666225 0.36181 0.020375 0.04049000000000001 
0 0.260435 0.3695566666666667 0.0198125 0.04948666666666668 
0 0.2297475 0.39598 0.0234375 0.032656666666666674 
0 0.278395 0.3807266666666667 0.017122500000000002 0.04432000000000001 
0 0.2507875 0.32848 0.027250000000000028 0.03316000000000001 
0 0.2596625 0.2948233333333333 0.033 0.02799333333333334 
0 0.2784125 0.27882666666666667 0.034625 0.023326666666666673 
0 0.29828750000000004 0.29149 0.029875 0.02199666666666667 
0 0.29378750000000003 0.3006566666666667 0.01 0.015160000000000007 
0 0.3061625 0.30332000000000003 0.01825 0.02249666666666667 
0 0.2929125 0.30765333333333333 0.0185 0.04349000000000001 
0 0.2697875 0.3153166666666667 0.02725 0.025159999999999967 
0 0.3207875 0.262 0.01625 0.03232333333333334 
0 0.2894125 0.25349 0.022375 0.022326666666666672 
0 0.33453750000000004 0.26232 0.012625 0.043656666666666635 
0 0.3640375 0.2614866666666667 0.0165 0.04298999999999997 
0 0.3680375 0.24599000000000001 0.022375 0.041823333333333344 
0 0.3447875 0.27498333333333336 0.025125 0.03848999999999997 
0 0.3192875 0.3138066666666667 0.02725 0.022660000000000007 
0 0.3422875 0.3059766666666667 0.034 0.019326666666666673 
0 0.36791250000000003 0.30147666666666667 0.023625 0.023326666666666673 
0 0.30528750000000004 0.32197 0.018125 0.03615666666666671 
0 0.2999125 0.35098666666666667 0.0245 0.041490000000000006 
0 0.31753750000000003 0.33265666666666666 0.0205 0.035660000000000004 
0 0.32653750000000004 0.34049 0.018625 0.05132000000000001 
0 0.34153750000000005 0.32466 0.02625 0.053986666666666676 
0 0.35978750000000004 0.34965333333333337 0.01775 0.054653333333333345 
0 0.34216250000000004 0.3603166666666667 0.018125 0.04715666666666667 
0 0.3226625 0.3639833333333333 0.021 0.04832000000000001 
0 0.3125375 0.37248000000000003 0.01825 0.03599000000000001 
0 0.3016625 0.40714 0.0295 0.03615666666666668 
0 0.35216250000000004 0.36865000000000003 0.015125 0.04432000000000001 
0 0.3051625 0.41197 0.029125 0.03865666666666667 
0 0.3246625 0.40897 0.02229249999999996 0.041990000000000006 
0 0.345705 0.39716 0.0151875 0.060650000000000016 
0 0.35733 0.40549 0.016625 0.05082000000000001 
0 0.3699975 0.35067 0.027375 0.024410000000000005 
0 0.372685 0.36483333333333334 0.01775 0.04965333333333335 
0 0.38856 0.37283 0.0175 0.03574333333333334 
0 0.3886225 0.37133333333333335 0.0275 0.046653333333333345 
0 0.368995 0.39165666666666665 0.0195 0.041823333333333344 
0 0.36512 0.41915 0.022625 0.06131666666666668 
0 0.385745 0.4238166666666667 0.01725 0.04049000000000001 
0 0.37737 0.43581333333333333 0.014125 0.04898666666666668 
0 0.411745 0.3271733333333333 0.03 0.023830000000000004 
0 0.40787 0.33834 0.021875 0.04915333333333335 
0 0.422495 0.3425033333333333 0.018375 0.04682333333333334 
0 0.417745 0.37266333333333335 0.017 0.04865333333333335 
0 0.44037 0.3423366666666667 0.014875 0.05165333333333334 
0 0.434245 0.3556666666666667 0.01475 0.06298333333333335 
0 0.43137000000000003 0.39565666666666666 0.013125 0.030326666666666672 
0 0.40087 0.40332 0.031125 0.04965333333333335 
0 0.421745 0.41881666666666667 0.017375 0.04915333333333335 
0 0.387495 0.30934666666666666 0.019875 0.027160000000000007 
0 0.3951225 0.3055366666666667 0.0134375 0.012080000000000002 
0 0.429745 0.28957666666666665 0.01975 0.034656666666666676 
0 0.43762 0.27874666666666664 0.019375 0.03615666666666668 
0 0.446245 0.2717466666666667 0.023875 0.042323333333333345 
0 0.46462 0.2727466666666667 0.018375 0.04932000000000001 
0 0.465495 0.3194 0.0345 0.03232666666666667 
0 0.456495 0.3292333333333333 0.020375 0.016826666666666674 
0 0.452745 0.35239333333333334 0.01325 0.04832000000000001 
0 0.46412 0.3570566666666667 0.012625 0.04465666666666668 
0 0.45787 0.38488333333333336 0.013375 0.03182666666666667 
0 0.502495 0.35356000000000004 0.015372499999999945 0.05232000000000001 
0 0.4301625 0.23178666666666667 0.03275 0.019663333333333335 
0 0.44891250000000005 0.22512333333333334 0.028997500000000002 0.030156666666666675 
0 0.4735375 0.23378666666666667 0.0239975 0.03832333333333334 
0 0.47716000000000003 0.25511333333333336 0.01925 0.043656666666666635 
0 0.49716000000000005 0.22779 0.019124999999999944 0.039653333333333346 
0 0.51141 0.22145666666666666 0.020624999999999942 0.01749666666666667 
0 0.5081600000000001 0.22912000000000002 0.018499999999999944 0.03799000000000001 
0 0.52966 0.19679666666666668 0.0155 0.034323333333333345 
0 0.5376599999999999 0.20546 0.01925 0.03416 
0 0.55141 0.24045333333333332 0.022 0.02549333333333334 
0 0.58741 0.20629333333333333 0.018625 0.034823333333333345 
0 0.60366 0.21762333333333334 0.021 0.029160000000000005 
0 0.61366 0.21912333333333334 0.021125 0.03366000000000001 
0 0.6051599999999999 0.24361666666666668 0.03025 0.02849333333333334 
0 0.55891 0.23495333333333335 0.02375 0.04049000000000001 
0 0.57216 0.25411333333333336 0.021875 0.019163333333333338 
0 0.543285 0.26478 0.019375 0.041486666666666644 
0 0.53316 0.27477666666666667 0.014 0.03865666666666664 
0 0.52591 0.27244333333333337 0.010625 0.0333233333333333 
0 0.56241 0.27127666666666667 0.01625 0.029159999999999967 
0 0.5542849999999999 0.27477666666666667 0.019125 0.04065666666666664 
0 0.5483925000000001 0.30896666666666667 0.0288125 0.018496666666666668 
0 0.48766000000000004 0.2979366666666666 0.025999999999999943 0.03582666666666667 
0 0.49641 0.29710333333333333 0.026374999999999944 0.04465666666666668 
0 0.51591 0.30693666666666664 0.01275 0.046320000000000014 
0 0.5254099999999999 0.32943 0.017875 0.03582333333333334 
0 0.57366 0.27177666666666667 0.026875 0.03515999999999997 
0 0.541535 0.30327 0.010625 0.02399333333333334 
0 0.514535 0.3499366666666667 0.0155 0.046653333333333345 
0 0.51991 0.35076999999999997 0.025 0.035156666666666676 
0 0.536285 0.34876999999999997 0.01975 0.03099000000000001 
0 0.56741 0.3587666666666667 0.01425 0.04349000000000001 
0 0.577035 0.35226999999999997 0.0315 0.03282333333333334 
0 0.550535 0.32077666666666665 0.022375 0.04148999999999997 
0 0.6298674999999999 0.24940666666666667 0.022125 0.02549333333333334 
0 0.6328674999999999 0.23274333333333333 0.0305 0.02499333333333334 
0 0.5982424999999999 0.25224 0.031375 0.025160000000000005 
0 0.6718675 0.26940000000000003 0.012625 0.029826666666666633 
0 0.6756175 0.27773333333333333 0.022 0.04365333333333331 
0 0.5928675 0.24990666666666667 0.013 0.016163333333333335 
0 0.5942424999999999 0.2805666666666667 0.019375 0.017159999999999967 
0 0.6059924999999999 0.2873966666666667 0.021125 0.04198999999999997 
0 0.6206174999999999 0.29023000000000004 0.028875 0.04215333333333331 
0 0.6371175 0.28556333333333334 0.023 0.04615666666666664 
0 0.6551174999999999 0.28656333333333334 0.020125 0.0413233333333333 
0 0.6716175 0.29806 0.0165 0.03799000000000001 
0 0.6236174999999999 0.31616666666666665 0.02575 0.03599000000000001 
0 0.6476175 0.32566333333333336 0.014375 0.04848666666666668 
0 0.6599925 0.33383 0.018375 0.04198666666666668 
0 0.7001175 0.31050333333333335 0.02025 0.04265333333333335 
0 0.6946175 0.3341633333333333 0.02375 0.04098666666666668 
0 0.6014925 0.33766 0.025875 0.05215333333333334 
0 0.6237425 0.3374933333333333 0.028 0.03699000000000001 
0 0.6309925 0.3573233333333333 0.021625 0.03782333333333334 
0 0.6487425 0.38448333333333334 0.028625 0.03815666666666668 
0 0.6521174999999999 0.3714866666666667 0.025125 0.03665666666666668 
0 0.5864925 0.37232000000000004 0.016125 0.04315333333333334 
0 0.6031175 0.3891466666666667 0.029875 0.043323333333333346 
0 0.6022424999999999 0.37282 0.034375 0.027823333333333342 
0 0.6305599999999999 0.38099 0.01425 0.01599666666666667 
0 0.6365599999999999 0.3952366666666667 0.0258125 0.03782333333333334 
0 0.66887 0.3733266666666667 0.0206875 0.04548666666666668 
0 0.6875375 0.37651999999999997 0.019875 0.041823333333333344 
0 0.6886825 0.3533833333333334 0.024875 0.032739999999999936 
0 0.7084925 0.285 0.02675 0.026993333333333338 
0 0.7079924999999999 0.2989966666666667 0.029 0.021660000000000006 
0 0.5192 0.38665333333333335 0.028 0.058983333333333346 
0 0.5259125 0.38516 0.01225 0.014413333333333337 
0 0.5423250000000001 0.38815 0.018 0.04165333333333335 
0 0.55645 0.37948333333333334 0.015375 0.041656666666666675 
0 0.580825 0.40098 0.01825 0.05048666666666668 
0 0.5939500000000001 0.4069766666666667 0.024375 0.05182000000000001 
0 0.610325 0.41214333333333336 0.017875 0.05731666666666668 
0 0.62695 0.42064 0.01675 0.053820000000000014 
0 0.5642 0.41481 0.02125 0.058150000000000014 
0 0.6367825 0.41208666666666666 0.024875 0.03299333333333334 
0 0.6552825 0.42241666666666666 0.031125 0.03782333333333334 
0 0.6409075000000001 0.44208000000000003 0.015625 0.022660000000000007 
0 0.59266 0.4444133333333333 0.028622500000000058 0.03582333333333334 
0 0.6197825 0.45791 0.021875 0.03682333333333334 
0 0.55741 0.44358000000000003 0.018875 0.05615000000000001 
0 0.591035 0.4585766666666667 0.01887250000000006 0.04448666666666668 
0 0.59841 0.47929333333333335 0.02024750000000006 0.05115333333333327 
0 0.6821575 0.42997 0.018875 0.050819999999999935 
0 0.6994075000000001 0.41281 0.01975 0.04898666666666668 
0 0.6876575 0.4577966666666667 0.02275 0.04831999999999994 
0 0.6646575 0.4531333333333334 0.022875 0.0306566666666666 
0 0.6175325 0.4826233333333333 0.018875 0.05115333333333334 
0 0.6362675 0.4690666666666667 0.0343125 0.02574333333333334 
0 0.66083 0.50773 0.019125 0.028910000000000005 
0 0.6475175000000001 0.5197266666666667 0.0195625 0.03191000000000001 
0 0.7107825 0.5222899999999999 0.015 0.054653333333333345 
0 0.6769075 0.5569466666666666 0.015 0.03049333333333334 
0 0.7241575 0.5116266666666667 0.015 0.0544866666666666 
0 0.7237 0.45941666666666664 0.0205 0.04699000000000001 
0 0.74145 0.45092 0.01825 0.054820000000000015 
0 0.76895 0.4510866666666667 0.02025 0.04365666666666668 
0 0.7852 0.46608333333333335 0.019125 0.05132000000000001 
0 0.8027000000000001 0.47524666666666665 0.014997499999999945 0.047653333333333346 
0 0.809825 0.47158 0.024122499999999946 0.05915333333333334 
0 0.7657 0.48141333333333336 0.022 0.04798666666666668 
0 0.7897000000000001 0.51657 0.03799749999999995 0.03865666666666667 
0 0.7474500000000001 0.49141 0.017 0.05248666666666668 
0 0.7568250000000001 0.50674 0.022625 0.04432000000000001 
0 0.7179500000000001 0.48657666666666666 0.032875 0.03832333333333334 
0 0.73895 0.5065733333333333 0.01475 0.05048666666666668 
0 0.8466475 0.4994733333333334 0.01875 0.05098666666666668 
0 0.7550325 0.6264366666666666 0.0345 0.022830000000000003 
0 0.7409075 0.6151066666666667 0.013375 0.04299000000000001 
0 0.7471575 0.6361033333333334 0.017 0.04232000000000001 
0 0.7000325000000001 0.6436 0.024125 0.05132000000000009 
0 0.6925325 0.6157733333333333 0.0165 0.05665333333333335 
0 0.6924075000000001 0.5842833333333333 0.022 0.021326666666666674 
0 0.7672825 0.67326 0.0165 0.03232333333333334 
0 0.6307849999999999 0.5260199999999999 0.02374750000000006 0.060150000000000016 
0 0.34803500000000004 0.44354 0.0195 0.04882000000000001 
0 0.336785 0.4508733333333333 0.0155 0.03549000000000001 
0 0.365535 0.46886666666666665 0.0245 0.03949000000000001 
0 0.38791000000000003 0.4632033333333333 0.02125 0.04532000000000001 
0 0.399785 0.45253666666666664 0.026125 0.041990000000000006 
0 0.375035 0.4971933333333333 0.018 0.05282000000000001 
0 0.39028500000000005 0.49335999999999997 0.017875 0.05032000000000001 
0 0.40303500000000003 0.49202666666666667 0.02575 0.05848666666666668 
0 0.405785 0.4843633333333333 0.028 0.042156666666666676 
0 0.420285 0.4607033333333333 0.023375 0.040156666666666674 
0 0.42941 0.44853999999999994 0.02175 0.04298666666666668 
0 0.428535 0.49635999999999997 0.02075 0.04882000000000001 
0 0.42041 0.5233533333333333 0.032 0.054486666666666676 
0 0.4105775 0.5388499999999999 0.035875 0.04215333333333335 
0 0.4469525 0.54618 0.0352475 0.03832333333333334 
0 0.479075 0.5368499999999999 0.020125 0.058483333333333345 
0 0.40470249999999997 0.55801 0.035 0.03649000000000001 
0 0.4398275 0.5751733333333333 0.0175 0.05598333333333335 
0 0.4548275 0.5820033333333333 0.018747500000000004 0.04748666666666668 
0 0.46194999999999997 0.5805033333333334 0.027125 0.03949000000000001 
0 0.49495 0.5413466666666666 0.016625 0.05215333333333334 
0 0.4697 0.3918333333333333 0.01975 0.05715000000000001 
0 0.4519525 0.42149000000000003 0.025247500000000003 0.04349000000000001 
0 0.46557499999999996 0.42949 0.021 0.045820000000000013 
0 0.4792 0.42049000000000003 0.021875 0.05015333333333335 
0 0.48669999999999997 0.4164933333333333 0.03650000000000006 0.022826666666666672 
0 0.5002 0.4349866666666667 0.027625000000000056 0.04365666666666668 
0 0.5272 0.41416000000000003 0.02125 0.03749000000000001 
0 0.52095 0.4493166666666667 0.0165 0.04415666666666668 
0 0.4987 0.4448166666666667 0.024500000000000056 0.041656666666666675 
0 0.464325 0.46831333333333336 0.029625 0.024160000000000004 
0 0.467325 0.45998 0.03825 0.04365666666666668 
0 0.495075 0.47814333333333336 0.01425 0.05548333333333335 
0 0.5207 0.4769766666666667 0.02475 0.04832000000000001 
0 0.5380349999999999 0.5038033333333334 0.02174750000000006 0.043653333333333266 
0 0.5769075 0.49897 0.026 0.04665333333333327 
0 0.5535325 0.5144666666666667 0.0145 0.06081666666666661 
0 0.5857825 0.5121333333333333 0.02075 0.0494866666666666 
0 0.6032825 0.50097 0.019625 0.05764999999999994 
0 0.6042825000000001 0.54929 0.013125 0.03615666666666668 
0 0.5876575 0.5571233333333333 0.021375 0.045986666666666676 
0 0.6291575 0.5519566666666667 0.018625 0.05698333333333335 
0 0.546535 0.54396 0.01487250000000006 0.04831999999999994 
0 0.501785 0.5269633333333333 0.02799999999999994 0.042986666666666604 
0 0.507285 0.5539566666666667 0.028624999999999942 0.03582333333333334 
0 0.541285 0.56462 0.01362250000000006 0.04882000000000001 
0 0.528785 0.5766733333333334 0.01625 0.047320000000000015 
0 0.5200349999999999 0.5885033333333334 0.01075 0.02499333333333334 
0 0.512035 0.58367 0.011875 0.030326666666666672 
0 0.50341 0.5913333333333334 0.013749999999999943 0.047656666666666674 
0 0.489035 0.5905033333333334 0.023874999999999945 0.05665000000000001 
0 0.515535 0.61133 0.015 0.03299000000000001 
0 0.522535 0.61916 0.01625 0.041656666666666675 
0 0.5370349999999999 0.6168266666666666 0.017247500000000058 0.055653333333333346 
0 0.5520349999999999 0.6239933333333333 0.012747500000000059 0.04082333333333334 
0 0.5506599999999999 0.6044966666666667 0.01637250000000006 0.02299666666666667 
0 0.5614075000000001 0.62566 0.025625 0.05581666666666668 
0 0.48253500000000005 0.62949 0.02475 0.0549866666666666 
0 0.501285 0.66698 0.021999999999999943 0.029160000000000005 
0 0.512535 0.6643166666666667 0.03325 0.02715999999999993 
0 0.5966575000000001 0.5955 0.022 0.030326666666666672 
0 0.6187825 0.5985 0.01675 0.03132333333333334 
0 0.5761575 0.56001 0.021125 0.043156666666666677 
0 0.6262825000000001 0.6114966666666667 0.0195 0.053653333333333345 
0 0.6396575 0.6203266666666667 0.01725 0.042323333333333345 
0 0.64999 0.58867 0.029625 0.04298666666666668 
0 0.290735 0.5133566666666667 0.019 0.057650000000000014 
0 0.056737499999999996 0.6449866666666667 0.03 0.04398999999999993 
0 0.0789875 0.6556500000000001 0.02075 0.05065333333333327 
0 0.1289875 0.6419866666666667 0.017 0.05832000000000001 
0 0.154985 0.64432 0.03425 0.040989999999999936 
0 0.156485 0.6239933333333333 0.03125 0.04532000000000001 
0 0.16423500000000002 0.5966666666666667 0.03125 0.057983333333333345 
0 0.09265999999999999 0.6768233333333333 0.008375 0.015830000000000004 
0 0.23266 0.6111733333333333 0.017872500000000003 0.041156666666666675 
0 0.2477825 0.61234 0.010625000000000029 0.041323333333333344 
0 0.3337 0.6779966666666667 0.025625 0.022326666666666595 
0 0.326575 0.6588366666666666 0.046125 0.024493333333333263 
0 0.365825 0.6178466666666667 0.024125 0.05731666666666668 
0 0.36745 0.56936 0.017375 0.04965333333333335 
0 0.322325 0.5826899999999999 0.0185 0.046320000000000014 
0 0.3337 0.6096833333333334 0.034125 0.03032333333333334 
0 0.3352 0.6356766666666667 0.0265 0.028156666666666677 
0 0.378075 0.58019 0.021375 0.047820000000000015 
0 0.38565750000000004 0.5448666666666666 0.015125 0.045820000000000013 
0 0.39865750000000005 0.56636 0.029625 0.03932333333333334 
0 0.4222825 0.5826899999999999 0.02125 0.04498666666666668 
0 0.39278250000000003 0.6003499999999999 0.035 0.02499333333333334 
0 0.3842825 0.63551 0.0325 0.04215333333333335 
0 0.41278250000000005 0.6246766666666667 0.01325 0.053486666666666675 
0 0.4247825 0.6100166666666667 0.018375 0.03499000000000001 
0 0.42553250000000004 0.6371733333333334 0.0445 0.02982666666666667 
0 0.4217825 0.6490066666666666 0.016125 0.03998666666666668 
0 0.4475325 0.662 0.02225 0.021829999999999926 
0 0.4775325 0.63551 0.02075 0.04315333333333334 
0 0.4402825 0.6248433333333333 0.039125 0.030993333333333338 
0 0.459825 0.67833 0.030375 0.041323333333333344 
0 0.5546475000000001 0.7736933333333333 0.0255 0.02932666666666667 
