0 0.635125 0.2155 0.024 0.030666666666666665 
0 0.6421675 0.22218666666666664 0.0256875 0.03464666666666669 
0 0.637625 0.2535 0.018667500000000017 0.042166666666666665 
0 0.610125 0.2265 0.027125 0.03250666666666666 
0 0.691625 0.22996333333333333 0.01914499999999998 0.03574333333333334 
0 0.587875 0.22951666666666665 0.0283125 0.026326666666666672 
0 0.6799575 0.23083333333333333 0.019625 0.03695333333333334 
0 0.705625 0.23383333333333334 0.021 0.043333333333333335 
0 0.572875 0.23668 0.018 0.03807333333333334 
0 0.65299 0.24476333333333333 0.01255250000000001 0.03690666666666668 
0 0.6299375 0.24617666666666665 0.0141875 0.04615666666666668 
0 0.6203125 0.25051 0.014625 0.03899000000000001 
0 0.659125 0.25367999999999996 0.015480000000000018 0.04432000000000001 
0 0.679625 0.2635 0.023457499999999982 0.027669999999999997 
0 0.764125 0.2635 0.016332499999999982 0.033 
0 0.7512075 0.2655 0.01735500000000002 0.03596999999999999 
0 0.739625 0.2735 0.0125 0.021333333333333333 
0 0.684875 0.26609333333333335 0.02725 0.031243333333333338 
0 0.591375 0.27416666666666667 0.0195 0.03194000000000002 
0 0.7000625 0.27516666666666667 0.0280625 0.026333333333333334 
0 0.725125 0.27516666666666667 0.01475 0.03166666666666667 
0 0.6075825 0.2804466666666667 0.03125 0.02705333333333332 
0 0.578395 0.28228000000000003 0.0321875 0.03548999999999997 
0 0.6303325 0.27978000000000003 0.0290625 0.03423999999999997 
0 0.6580199999999999 0.2865 0.026605000000000018 0.020669999999999997 
0 0.6875625 0.28584 0.0221875 0.029823333333333344 
0 0.7322925 0.2905 0.01758249999999998 0.03522666666666665 
0 0.6098325 0.29194333333333333 0.015397500000000036 0.036573333333333305 
0 0.70374 0.29282 0.019259999999999992 0.04042666666666666 
0 0.717355 0.2927366666666667 0.011625 0.04542999999999999 
0 0.779375 0.2955 0.016332499999999982 0.033666666666666664 
0 0.66525 0.2971666666666667 0.025282500000000027 0.03383333333333333 
0 0.657875 0.29925666666666667 0.0251875 0.03191000000000001 
0 0.7912075 0.2948033333333333 0.01475 0.035323333333333345 
0 0.6417925 0.3011066666666667 0.0165 0.04190666666666664 
0 0.757125 0.2993033333333333 0.024707499999999983 0.027863333333333344 
0 0.583875 0.3011066666666667 0.02904250000000002 0.029493333333333302 
0 0.724875 0.30683333333333335 0.01425 0.04066666666666666 
0 0.632875 0.30783333333333335 0.013792500000000018 0.03166666666666667 
0 0.6852825 0.30892 0.023394999999999982 0.03815666666666668 
0 0.6160625 0.3125 0.01775 0.0368733333333333 
0 0.3785425 0.31783333333333336 0.03008249999999998 0.027663333333333335 
0 0.797875 0.31883333333333336 0.03375 0.023666666666666666 
0 0.7068025 0.31866666666666665 0.016654999999999972 0.041490000000000006 
0 0.582875 0.31922 0.019644999999999982 0.041193333333333346 
0 0.772875 0.32083333333333336 0.015 0.026333333333333334 
0 0.730875 0.32216666666666666 0.022 0.043 
0 0.678625 0.32516666666666666 0.0115 0.034 
0 0.652875 0.326 0.032 0.019833333333333335 
0 0.751125 0.32212999999999997 0.015 0.033703333333333335 
0 0.7419375 0.3435 0.0213125 0.036863333333333304 
0 0.762875 0.3265 0.014875 0.03406666666666668 
0 0.6004075 0.32788 0.020842499999999972 0.038616666666666674 
0 0.574875 0.32741333333333333 0.0165 0.04095999999999996 
0 0.688625 0.3295 0.01325 0.03966666666666667 
0 0.665125 0.33416666666666667 0.016 0.019333333333333334 
0 0.653375 0.3448333333333333 0.01775 0.017333333333333333 
0 0.63075 0.33337666666666665 0.0180625 0.03845666666666667 
0 0.5380199999999999 0.33466 0.0175625 0.040656666666666674 
0 0.5520825 0.3368333333333333 0.02975 0.0341233333333333 
0 0.775125 0.33716666666666667 0.023 0.025333333333333333 
0 0.770625 0.3481666666666667 0.0255 0.030666666666666665 
0 0.771375 0.34883333333333333 0.033125 0.03933333333333333 
0 0.618125 0.3380433333333333 0.01925 0.04307666666666664 
0 0.7130625 0.34283 0.014927500000000008 0.04082666666666667 
0 0.69998 0.3456933333333333 0.014144999999999982 0.04254333333333337 
0 0.63975 0.34983333333333333 0.017625 0.042666666666666665 
0 0.755625 0.3511666666666667 0.016 0.042056666666666694 
0 0.565625 0.3511633333333333 0.01107249999999999 0.037143333333333355 
0 0.5722925 0.3589866666666667 0.014875 0.040296666666666626 
0 0.665375 0.3541666666666667 0.01475 0.03666666666666667 
0 0.678625 0.3585 0.01175 0.037 
0 0.5931875 0.35824666666666666 0.011720000000000027 0.039146666666666684 
0 0.6075425 0.36083 0.012 0.03428666666666663 
0 0.65125 0.35886999999999997 0.0210625 0.04424000000000001 
0 0.689375 0.36283333333333334 0.014 0.030333333333333334 
0 0.584625 0.3641266666666667 0.01125 0.0343733333333333 
0 0.721875 0.3645 0.014850000000000023 0.036509999999999994 
0 0.550145 0.36568999999999996 0.0184375 0.03697333333333336 
0 0.5999475 0.36749333333333334 0.011782500000000027 0.03645666666666663 
0 0.735125 0.36734 0.01575 0.04149333333333334 
0 0.62722 0.3735 0.011904999999999973 0.037403333333333344 
0 0.619125 0.38353666666666664 0.0153125 0.029630000000000035 
0 0.609625 0.36954 0.0180625 0.038626666666666705 
0 0.7774375 0.37616666666666665 0.0329375 0.02255333333333336 
0 0.7461875 0.37916666666666665 0.0234375 0.026 
0 0.439625 0.38316666666666666 0.0265 0.024333333333333332 
0 0.7081575 0.3821366666666667 0.018289999999999963 0.039779999999999975 
0 0.5158550000000001 0.3845 0.015269999999999982 0.03966666666666667 
0 0.28939499999999996 0.3841366666666667 0.020875 0.04165333333333327 
0 0.83325 0.38397333333333333 0.016625 0.04719333333333331 
0 0.349875 0.38716666666666666 0.022125 0.04066666666666666 
0 0.635125 0.38531000000000004 0.0139375 0.04563333333333329 
0 0.700875 0.38758 0.014875 0.03625333333333333 
0 0.849375 0.3888333333333333 0.0185 0.04 
0 0.566105 0.3872933333333334 0.01596749999999997 0.03748999999999993 
0 0.789625 0.44116666666666665 0.019 0.03766666666666667 
0 0.375 0.39016666666666666 0.019 0.03968333333333332 
0 0.648125 0.39116666666666666 0.0145625 0.04415666666666668 
0 0.676125 0.3912466666666667 0.0291875 0.03025333333333333 
0 0.673375 0.4108233333333333 0.0285 0.025410000000000005 
0 0.503625 0.3941733333333333 0.013355000000000018 0.03734999999999999 
0 0.775375 0.3945 0.018 0.044 
0 0.772645 0.4134966666666667 0.0200625 0.04290333333333335 
0 0.659875 0.39391 0.0285625 0.03158999999999999 
0 0.5469475 0.39359 0.01325 0.03291000000000001 
0 0.450355 0.3965 0.031 0.017083333333333332 
0 0.450875 0.4101666666666667 0.014019999999999982 0.03451999999999998 
0 0.579375 0.39616666666666667 0.015394999999999982 0.038 
0 0.731625 0.39447333333333334 0.0159375 0.027826666666666673 
0 0.53398 0.39742 0.0128125 0.04174666666666667 
0 0.723125 0.39864000000000005 0.0100625 0.034859999999999974 
0 0.524625 0.39592333333333335 0.011855000000000018 0.044576666666666674 
0 0.590895 0.4005 0.013147500000000036 0.04574000000000001 
0 0.388375 0.39885666666666664 0.0225 0.035976666666666685 
0 0.803375 0.4008333333333333 0.014625 0.03966666666666667 
0 0.759625 0.4035 0.015644999999999982 0.041 
0 0.48673 0.4023366666666667 0.0189375 0.03926666666666665 
0 0.47473000000000004 0.4029766666666667 0.0173125 0.033856666666666646 
0 0.7355625 0.40830333333333335 0.018125 0.04489333333333328 
0 0.604375 0.4110366666666666 0.0286875 0.02157666666666667 
0 0.817625 0.4131666666666667 0.016125 0.03666666666666667 
0 0.751375 0.41505000000000003 0.0195 0.043116666666666636 
0 0.5421675 0.41325 0.015625 0.04525 
0 0.705625 0.41463333333333335 0.0196875 0.04419999999999997 
0 0.728375 0.41928666666666664 0.010375 0.04175 
0 0.6928225 0.42035666666666666 0.02290750000000003 0.03295000000000005 
0 0.567625 0.4221666666666667 0.021917500000000017 0.03706333333333335 
0 0.811375 0.4197966666666667 0.0143125 0.03371999999999995 
0 0.510875 0.42291333333333336 0.01425 0.04388000000000003 
0 0.681125 0.4245 0.02448000000000002 0.021056666666666692 
0 0.647625 0.42307666666666666 0.0190625 0.03775666666666666 
0 0.30766750000000004 0.42490333333333336 0.018625 0.04241 
0 0.626125 0.42102999999999996 0.027375 0.03547000000000003 
0 0.658125 0.42683333333333334 0.016 0.03365000000000001 
0 0.592875 0.42916666666666664 0.015167500000000018 0.029666666666666668 
0 0.496125 0.42768999999999996 0.014730000000000017 0.043266666666666655 
0 0.7419375 0.42728666666666665 0.0149375 0.03774000000000001 
0 0.5810825 0.43166 0.0126875 0.034173333333333326 
0 0.46445749999999997 0.43383333333333335 0.0140625 0.029849999999999984 
0 0.825625 0.43383333333333335 0.02325 0.019683333333333317 
0 0.421375 0.43516666666666665 0.023957499999999982 0.03472666666666669 
0 0.6641050000000001 0.4341566666666667 0.01801999999999998 0.04043333333333332 
0 0.675145 0.44470666666666664 0.012480000000000019 0.0411266666666667 
0 0.709625 0.43411666666666665 0.020144999999999982 0.034573333333333345 
0 0.4364575 0.43507 0.016375 0.046429999999999985 
0 0.45564499999999997 0.4357733333333333 0.014980000000000018 0.03972666666666669 
0 0.559625 0.43683333333333335 0.018542500000000017 0.04066666666666666 
0 0.29548 0.43816666666666665 0.01425 0.036726666666666685 
0 0.331125 0.43690333333333337 0.01908249999999998 0.03759666666666665 
0 0.446125 0.43707 0.016207499999999982 0.04298666666666668 
0 0.412125 0.43743 0.0175625 0.04365666666666668 
0 0.36139499999999997 0.4384866666666667 0.0125 0.04049000000000001 
0 0.350375 0.44615 0.01876999999999998 0.03857333333333334 
0 0.4834575 0.43918666666666667 0.0143125 0.03982333333333334 
0 0.801375 0.4382733333333333 0.016125 0.04356000000000002 
0 0.282605 0.4409866666666667 0.015269999999999982 0.04117999999999999 
0 0.3698125 0.44316666666666665 0.0195 0.042 
0 0.318875 0.44165333333333334 0.015605000000000018 0.03849000000000001 
0 0.5225425 0.4417166666666667 0.015375 0.03911666666666663 
0 0.594125 0.4435 0.02 0.036333333333333336 
0 0.403625 0.4465133333333333 0.02 0.038570000000000014 
0 0.402125 0.45709333333333335 0.0138125 0.043073333333333345 
0 0.685875 0.4465 0.0124375 0.042 
0 0.774625 0.44673666666666667 0.016644999999999983 0.04099000000000001 
0 0.6969375 0.44916666666666666 0.009625 0.030116666666666635 
0 0.392625 0.44867666666666667 0.0111875 0.03882333333333334 
0 0.714625 0.4525 0.016 0.04 
0 0.3800625 0.45126 0.0158125 0.04274000000000001 
0 0.47308249999999996 0.4524333333333333 0.0161875 0.04740666666666667 
0 0.765125 0.4510033333333333 0.015542500000000018 0.034323333333333345 
0 0.809375 0.4535166666666667 0.02375 0.035316666666666684 
0 0.3360825 0.45298333333333335 0.0174375 0.03032333333333334 
0 0.547125 0.4558333333333333 0.014417500000000019 0.04120666666666663 
0 0.602375 0.4568333333333333 0.01825 0.034333333333333334 
0 0.751105 0.4539166666666667 0.0138125 0.03407666666666667 
0 0.427875 0.4570633333333334 0.015707499999999982 0.042656666666666676 
0 0.501875 0.45671000000000006 0.01598000000000002 0.039123333333333295 
0 0.829625 0.45453666666666664 0.021125 0.046963333333333364 
0 0.5358125 0.45916666666666667 0.01325 0.03700666666666666 
0 0.720625 0.4588333333333333 0.0229375 0.042 
0 0.512375 0.45896000000000003 0.017917500000000017 0.040873333333333296 
0 0.655375 0.46116666666666667 0.01591750000000002 0.048 
0 0.701375 0.4628333333333333 0.013542500000000018 0.034333333333333334 
0 0.4900825 0.4634333333333333 0.0140625 0.03615666666666668 
0 0.5752925 0.46430000000000005 0.0205625 0.03623999999999993 
0 0.465355 0.4675666666666667 0.013602499999999964 0.03577333333333331 
0 0.6227075 0.4711666666666667 0.0225 0.030373333333333297 
0 0.762625 0.47033 0.01675 0.03283666666666667 
0 0.6317699999999999 0.4735 0.02475 0.036869999999999965 
0 0.66952 0.47221 0.013835000000000037 0.044063333333333274 
0 0.613375 0.4730466666666667 0.01889499999999998 0.018330000000000003 
0 0.7258225 0.4736233333333333 0.0201875 0.037410000000000006 
0 0.8399375 0.4771666666666667 0.0241875 0.024926666666666656 
0 0.745375 0.47783333333333333 0.014532500000000028 0.04569999999999997 
0 0.419625 0.4815 0.013644999999999982 0.024333333333333332 
0 0.449855 0.4783966666666667 0.018289999999999963 0.03244333333333331 
0 0.5282925 0.48025999999999996 0.0134375 0.03124000000000001 
0 0.514375 0.4835 0.01775 0.029666666666666668 
0 0.6848325 0.48192 0.0199375 0.041490000000000006 
0 0.7556975 0.48207666666666665 0.01225 0.03124666666666667 
0 0.647895 0.48329333333333335 0.014375 0.03582333333333327 
0 0.79002 0.4816033333333333 0.0175 0.03599333333333334 
0 0.5618125 0.4871666666666667 0.0143125 0.029896666666666686 
0 0.557 0.48883333333333334 0.010875 0.02131333333333335 
0 0.674625 0.48433666666666664 0.018042500000000017 0.039830000000000004 
0 0.80177 0.4891666666666667 0.023625 0.037093333333333325 
0 0.238375 0.48983333333333334 0.02225 0.034 
0 0.324375 0.48819999999999997 0.0135625 0.039903333333333346 
0 0.850375 0.4895 0.022 0.030333333333333334 
0 0.40973000000000004 0.4900833333333333 0.016144999999999982 0.036216666666666696 
0 0.605125 0.4908766666666667 0.01851999999999998 0.032989999999999936 
0 0.367125 0.49383333333333335 0.012644999999999983 0.04035333333333332 
0 0.709855 0.49102999999999997 0.0175 0.044726666666666685 
0 0.226375 0.49366666666666664 0.016625 0.046653333333333345 
0 0.3130625 0.4945866666666667 0.014625 0.03899000000000001 
0 0.590125 0.4965 0.0140625 0.03933333333333333 
0 0.7361449999999999 0.4941233333333333 0.0153125 0.03778000000000005 
0 0.34676999999999997 0.49783333333333335 0.014125 0.038519999999999985 
0 0.6959575 0.4961266666666667 0.017522500000000038 0.0391566666666666 
0 0.3358125 0.49883333333333335 0.0143125 0.03833333333333333 
0 0.359125 0.49883333333333335 0.009019999999999981 0.036 
0 0.830375 0.50126 0.02073000000000002 0.041573333333333344 
0 0.20875 0.5021666666666667 0.021375 0.03666666666666667 
0 0.397875 0.5021666666666667 0.015167500000000018 0.0367966666666667 
0 0.571375 0.5004000000000001 0.0126875 0.03709999999999999 
0 0.620105 0.5031666666666667 0.016289999999999964 0.038863333333333305 
0 0.303625 0.5019166666666667 0.013 0.03258333333333333 
0 0.388875 0.5038333333333334 0.011707499999999982 0.037333333333333336 
0 0.382625 0.5051666666666667 0.009019999999999981 0.038 
0 0.492875 0.5051666666666667 0.0145 0.02619666666666664 
0 0.46723000000000003 0.5059233333333333 0.02825 0.03141000000000001 
0 0.61098 0.50612 0.015875 0.029160000000000005 
0 0.7748550000000001 0.5073266666666667 0.0189375 0.03050666666666666 
0 0.37401999999999996 0.50611 0.0088125 0.03665666666666668 
0 0.490125 0.5069533333333333 0.025605000000000017 0.0425466666666667 
0 0.421625 0.5077200000000001 0.011105000000000018 0.028779999999999972 
0 0.553375 0.5095 0.02375 0.03233333333333333 
0 0.583875 0.5069833333333333 0.0075 0.03474000000000001 
0 0.5404800000000001 0.5088699999999999 0.0159375 0.041630000000000035 
0 0.630625 0.5088699999999999 0.01839499999999998 0.041240000000000006 
0 0.6363949999999999 0.5252 0.022 0.034656666666666676 
0 0.650395 0.5291666666666667 0.016125 0.029666666666666668 
0 0.716875 0.5120233333333333 0.013042500000000018 0.036143333333333354 
0 0.721625 0.5420433333333333 0.011832499999999982 0.03539333333333328 
0 0.649625 0.5118333333333334 0.02 0.01794666666666664 
0 0.28925 0.5091600000000001 0.01625 0.025673333333333326 
0 0.683625 0.5121633333333333 0.016332499999999982 0.03125 
0 0.665125 0.5311666666666667 0.022 0.030333333333333334 
0 0.430605 0.5125533333333333 0.011 0.02374333333333334 
0 0.598605 0.5095633333333334 0.014519999999999983 0.03557666666666667 
0 0.747625 0.5111600000000001 0.017875 0.03599000000000001 
0 0.757125 0.5118266666666667 0.01625 0.041656666666666675 
0 0.506125 0.5155366666666666 0.014980000000000018 0.04265333333333335 
0 0.51923 0.51437 0.014875 0.03713000000000003 
0 0.44301999999999997 0.5154766666666667 0.017625 0.036150000000000015 
0 0.53173 0.51945 0.013394999999999982 0.036383333333333365 
0 0.459875 0.5218333333333334 0.015644999999999982 0.0306266666666667 
0 0.698875 0.5178333333333334 0.012480000000000019 0.04466666666666667 
0 0.738375 0.5236999999999999 0.013457499999999982 0.034156666666666675 
0 0.7861675 0.5248233333333333 0.0158125 0.033406666666666675 
0 0.768625 0.5259066666666666 0.0095 0.027259999999999993 
0 0.4742075 0.5313933333333334 0.01666750000000002 0.03543999999999998 
0 0.553 0.5301433333333333 0.0169375 0.02599333333333334 
0 0.277 0.5335 0.0175 0.03481333333333335 
0 0.60673 0.5331966666666667 0.015375 0.024576666666666674 
0 0.703885 0.5334166666666667 0.01819749999999999 0.036536666666666634 
0 0.807375 0.5358333333333334 0.02475 0.035 
0 0.687625 0.5350833333333334 0.012332499999999982 0.02575 
0 0.397125 0.5375 0.013 0.019 
0 0.776125 0.5371533333333334 0.0141875 0.03049000000000001 
0 0.783625 0.54715 0.013980000000000018 0.03266000000000001 
0 0.7310825 0.54136 0.017875 0.02647333333333336 
0 0.855125 0.5461666666666667 0.028 0.030333333333333334 
0 0.8365199999999999 0.5488333333333333 0.02075 0.039179999999999986 
0 0.670625 0.5518333333333333 0.0115 0.016 
0 0.813875 0.5558333333333333 0.0175 0.024 
0 0.7308325 0.5556066666666667 0.012200000000000046 0.023410000000000007 
0 0.439375 0.5611666666666667 0.01975 0.027 
0 0.094625 0.5615 0.01875 0.019666666666666666 
0 0.8183325 0.5598533333333333 0.02525 0.03815666666666668 
0 0.718125 0.5624566666666666 0.010990000000000008 0.03145000000000005 
0 0.705375 0.5691666666666667 0.013332499999999982 0.030666666666666665 
0 0.678875 0.5715 0.01025 0.029333333333333333 
0 0.7567075 0.5725 0.01691750000000002 0.035666666666666666 
0 0.362375 0.5705966666666666 0.0135 0.02757000000000001 
0 0.165125 0.5791666666666667 0.01425 0.029 
0 0.416125 0.5773166666666667 0.0125 0.035183333333333316 
0 0.234875 0.5828333333333333 0.01675 0.021333333333333333 
0 0.694625 0.5838333333333333 0.01175 0.034666666666666665 
0 0.387625 0.5885 0.01375 0.023666666666666666 
0 0.220125 0.5911666666666666 0.01125 0.019666666666666666 
0 0.050625 0.5951666666666666 0.012 0.018 
0 0.633125 0.5948333333333333 0.01275 0.018666666666666668 
0 0.431625 0.5998333333333333 0.01325 0.020473333333333357 
0 0.406625 0.6091666666666666 0.01175 0.02 
0 0.032125 0.6095 0.01625 0.025666666666666667 
0 0.146875 0.6118333333333333 0.01725 0.015333333333333332 
0 0.586125 0.6215 0.014417500000000019 0.017 
0 0.712125 0.6218333333333333 0.023 0.030013333333333322 
0 0.648875 0.6261666666666666 0.02425 0.023333333333333334 
0 0.8717925 0.62541 0.019582499999999982 0.023089999999999992 
0 0.737125 0.6311666666666667 0.022 0.017333333333333333 
0 0.794875 0.6311666666666667 0.013 0.025333333333333333 
0 0.447375 0.6328333333333334 0.017917500000000017 0.017 
0 0.906625 0.6495 0.017 0.021666666666666667 
0 0.938125 0.6615 0.02075 0.023666666666666666 
0 0.4274175 0.6665 0.01820749999999998 0.023333333333333334 
0 0.527875 0.9018333333333334 0.012 0.01633333333333333 
0 0.2555 0.5069933333333333 0.024625 0.03199333333333334 
0 0.2725 0.49699666666666664 0.02175 0.03599000000000001 
0 0.5571975 0.4003333333333333 0.013625 0.028366666666666637 
0 0.6044375 0.24117999999999998 0.01775 0.03840666666666668 
0 0.5924375 0.2563433333333333 0.02175 0.024826666666666674 
0 0.663605 0.22626333333333332 0.0196875 0.03540666666666668 
0 0.6720425 0.23396333333333333 0.014352499999999964 0.05295000000000001 
0 0.7243125 0.5085766666666667 0.016 0.03857333333333334 
0 0.7444175000000001 0.29432 0.02 0.01999333333333334 
0 0.7499175 0.29482 0.028625 0.027406666666666638 
0 0.7860199999999999 0.38742 0.0331875 0.028823333333333343 
0 0.7928324999999999 0.40724666666666665 0.0126875 0.033990000000000006 
0 0.7860425 0.35366000000000003 0.0293125 0.03249000000000001 
0 0.8090425 0.34482666666666667 0.014625 0.04515666666666668 
