0 0.7348318713450293 0.6038925438596491 0.019005847953216373 0.023574561403508772 
0 0.7991593567251462 0.5852521929824561 0.016812865497076022 0.0200109649122807 
0 0.4921418128654971 0.5948464912280702 0.01516812865497076 0.01918859649122807 
0 0.8832236842105263 0.6313048245614035 0.017909356725146198 0.02631578947368421 
0 0.7739400584795322 0.6737938596491229 0.01864035087719298 0.033168859649122806 
0 0.11823830409356725 0.6359649122807017 0.012975146198830409 0.02768640350877193 
0 0.6997441520467836 0.6200657894736842 0.009502923976608187 0.02549342105263158 
0 0.10142543859649122 0.596765350877193 0.012609649122807017 0.029331140350877194 
0 0.13486842105263158 0.6367872807017544 0.011695906432748537 0.03179824561403509 
0 0.19809941520467836 0.6143092105263158 0.013888888888888888 0.021655701754385966 
0 0.8424707602339181 0.5770285087719298 0.020285087719298246 0.02275219298245614 
0 0.6405336257309941 0.5896381578947368 0.020650584795321638 0.017543859649122806 
0 0.5381944444444444 0.6241776315789473 0.014985380116959063 0.03289473684210526 
0 0.4055190058479532 0.6839364035087719 0.013888888888888888 0.03974780701754386 
0 0.5550073099415205 0.6132127192982456 0.01699561403508772 0.021107456140350877 
0 0.2326388888888889 0.7576754385964912 0.02101608187134503 0.033717105263157895 
0 0.5460526315789473 0.5970394736842105 0.010051169590643274 0.02850877192982456 
0 0.2995248538011696 0.6611842105263158 0.019919590643274854 0.023300438596491228 
0 0.8611111111111112 0.5778508771929824 0.016812865497076022 0.021929824561403508 
0 0.11001461988304094 0.700109649122807 0.016264619883040937 0.03359375000000005 
0 0.15880847953216373 0.6477521929824561 0.015899122807017545 0.027138157894736843 
0 0.43585526315789475 0.5783991228070176 0.01206140350877193 0.01425438596491228 
0 0.8887061403508771 0.6071820175438597 0.02010233918128655 0.0200109649122807 
0 0.814875730994152 0.6154057017543859 0.012244152046783625 0.021655701754385966 
0 0.4517543859649123 0.5773026315789473 0.01516812865497076 0.024945175438596492 
0 0.8417397660818714 0.6178728070175439 0.01644736842105263 0.01864035087719298 
0 0.27850877192982454 0.6266447368421053 0.017909356725146198 0.018914473684210526 
0 0.36622807017543857 0.6370614035087719 0.008223684210526315 0.022203947368421052 
0 0.6202485380116959 0.6165021929824561 0.010599415204678362 0.020285087719298246 
0 0.762609649122807 0.5674342105263158 0.0133406432748538 0.022478070175438597 
0 0.3614766081871345 0.5794956140350878 0.010599415204678362 0.025219298245614034 
0 0.2465277777777778 0.6655701754385965 0.02046783625730994 0.02905701754385965 
0 0.7986111111111112 0.6414473684210527 0.015899122807017545 0.028782894736842105 
0 0.04550438596491228 0.6559758771929824 0.014802631578947368 0.03262061403508772 
0 0.8554459064327485 0.6329495614035088 0.011878654970760233 0.026041666666666668 
0 0.9194078947368421 0.6099232456140351 0.023574561403508772 0.01836622807017544 
0 0.2225877192982456 0.7428728070175439 0.020650584795321638 0.020285087719298246 
0 0.3718932748538012 0.5583881578947368 0.010964912280701754 0.02631578947368421 
0 0.6427266081871345 0.6683114035087719 0.015899122807017545 0.012609649122807017 
0 0.10617690058479533 0.6329495614035088 0.01663011695906433 0.015625 
0 0.11476608187134503 0.5844298245614035 0.009685672514619883 0.01699561403508772 
0 0.91703216374269 0.5712719298245614 0.018457602339181287 0.024396929824561403 
0 0.7635233918128655 0.6400767543859649 0.012244152046783625 0.017269736842105265 
0 0.6346856725146199 0.6924342105263158 0.017361111111111112 0.022203947368421052 
0 0.47733918128654973 0.6359649122807017 0.010051169590643274 0.025767543859649123 
0 0.5327119883040936 0.6976425438596491 0.0222953216374269 0.015076754385964912 
0 0.15350877192982457 0.5975877192982456 0.014071637426900584 0.021107456140350877 
0 0.17799707602339182 0.5723684210526315 0.012426900584795321 0.01781798245614035 
0 0.2944078947368421 0.6433662280701754 0.015716374269005847 0.021655701754385966 
0 0.25146198830409355 0.5646929824561403 0.01663011695906433 0.02412280701754386 
0 0.712171052631579 0.6307565789473685 0.01663011695906433 0.021655701754385966 
0 0.4618055555555556 0.6773574561403509 0.012792397660818713 0.02905701754385965 
0 0.31122076023391815 0.5646929824561403 0.01206140350877193 0.022203947368421052 
0 0.3360745614035088 0.6181469298245614 0.014985380116959063 0.022203947368421052 
0 0.48483187134502925 0.6148574561403509 0.005847953216374269 0.014802631578947368 
0 0.33790204678362573 0.5929276315789473 0.015533625730994151 0.021929824561403508 
0 0.6034356725146199 0.6521381578947368 0.012609649122807017 0.021929824561403508 
0 0.6167763157894737 0.6378837719298246 0.01023391812865497 0.018092105263157895 
0 0.28380847953216376 0.4761513157894737 0.007492690058479532 0.018092105263157895 
0 0.24433479532163743 0.584703947368421 0.014437134502923976 0.026041666666666668 
0 0.5334429824561403 0.612390350877193 0.013706140350877192 0.019462719298245616 
0 0.46655701754385964 0.5885416666666666 0.015350877192982455 0.02275219298245614 
0 0.38066520467836257 0.6546052631578947 0.007675438596491228 0.03234649122807018 
0 0.2679093567251462 0.6831140350877193 0.014437134502923976 0.01699561403508772 
0 0.2631578947368421 0.6318530701754386 0.01516812865497076 0.012335526315789474 
0 0.31432748538011696 0.6735197368421053 0.01918859649122807 0.030975877192982455 
0 0.37298976608187134 0.6598135964912281 0.010782163742690058 0.03234649122807018 
0 0.48483187134502925 0.5896381578947368 0.012975146198830409 0.021655701754385966 
0 0.27284356725146197 0.5627741228070176 0.010416666666666666 0.023026315789473683 
0 0.29002192982456143 0.5748355263157895 0.015350877192982455 0.02412280701754386 
0 0.2978801169590643 0.5463267543859649 0.014619883040935672 0.013157894736842105 
0 0.3263888888888889 0.5704495614035088 0.011330409356725146 0.02275219298245614 
0 0.3850511695906433 0.5592105263157895 0.012426900584795321 0.020285087719298246 
0 0.8718932748538012 0.6006030701754386 0.020285087719298246 0.023300438596491228 
0 0.7490862573099415 0.555921052631579 0.013888888888888888 0.02823464912280702 
0 0.7532894736842105 0.5838815789473685 0.02046783625730994 0.029331140350877194 
0 0.12262426900584796 0.5860745614035088 0.010051169590643274 0.021655701754385966 
0 0.04258040935672515 0.4936951754385965 0.012609649122807017 0.015625 
0 0.24725877192982457 0.6318530701754386 0.019005847953216373 0.014802631578947368 
0 0.2984283625730994 0.5589364035087719 0.013157894736842105 0.01864035087719298 
0 0.27613304093567254 0.5975877192982456 0.012609649122807017 0.033168859649122806 
0 0.36878654970760233 0.5841557017543859 0.017726608187134504 0.012335526315789474 
0 0.8187134502923976 0.6842105263157895 0.023810307017543855 0.014528508771929825 
0 0.07821637426900585 0.5104166666666666 0.010599415204678362 0.01425438596491228 
0 0.25840643274853803 0.5879934210526315 0.009137426900584795 0.024671052631578948 
0 0.5122441520467836 0.5792214912280702 0.012975146198830409 0.015625 
0 0.2978801169590643 0.6817434210526315 0.014071637426900584 0.01617324561403509 
0 0.3740862573099415 0.6263706140350878 0.014437134502923976 0.02138157894736842 
0 0.2675438596491228 0.5762061403508771 0.012426900584795321 0.015350877192982455 
0 0.8654970760233918 0.6345942982456141 0.02284356725146199 0.013980263157894737 
0 0.3057383040935672 0.5986842105263158 0.010599415204678362 0.023848684210526317 
0 0.23300438596491227 0.5762061403508771 0.019005847953216373 0.013706140350877192 
0 0.6418128654970761 0.6175986842105263 0.011330409356725146 0.034265350877192985 
0 0.6792763157894737 0.5668859649122807 0.017361111111111112 0.015076754385964912 
0 0.4908625730994152 0.6132127192982456 0.007309941520467836 0.023574561403508772 
0 0.03929093567251462 0.34484649122807015 0.012426900584795321 0.012335526315789474 
0 0.33241959064327486 0.5583881578947368 0.010051169590643274 0.023574561403508772 
0 0.2328216374269006 0.6515899122807017 0.012244152046783625 0.02823464912280702 
0 0.43183479532163743 0.5849780701754386 0.007858187134502924 0.026589912280701754 
0 0.3048245614035088 0.5570175438596491 0.012792397660818713 0.019462719298245616 
0 0.24835526315789475 0.6428179824561403 0.013888888888888888 0.019736842105263157 
0 0.5851608187134503 0.6417214912280702 0.011513157894736841 0.023848684210526317 
0 0.3713450292397661 0.59375 0.013232821637426874 0.0194133771929825 
0 0.32108918128654973 0.5868969298245614 0.008589181286549707 0.03508771929824561 
0 0.2850877192982456 0.6798245614035088 0.01425438596491228 0.03262061403508772 
0 0.46034356725146197 0.5841557017543859 0.013706140350877192 0.01644736842105263 
0 0.21948099415204678 0.5849780701754386 0.008954678362573099 0.019736842105263157 
0 0.6133040935672515 0.6096491228070176 0.01206140350877193 0.017269736842105265 
0 0.5111476608187134 0.6214364035087719 0.009137426900584795 0.026589912280701754 
0 0.4782529239766082 0.709703947368421 0.01663011695906433 0.026589912280701754 
0 0.24396929824561403 0.7571271929824561 0.019554093567251463 0.033168859649122806 
0 0.6156798245614035 0.6535087719298246 0.00932017543859649 0.025219298245614034 
0 0.4192251461988304 0.6493969298245614 0.013157894736842105 0.021655701754385966 
0 0.7277046783625731 0.7047697368421053 0.027412280701754384 0.0234375 
0 0.6957236842105263 0.4388706140350877 0.018457602339181287 0.016721491228070175 
0 0.6591739766081871 0.5940241228070176 0.016812865497076022 0.01699561403508772 
0 0.5983187134502924 0.6140350877192983 0.012426900584795321 0.015625 
0 0.31085526315789475 0.5825109649122807 0.013706140350877192 0.03536184210526316 
0 0.627375730994152 0.662828947368421 0.01425438596491228 0.03125 
0 0.28326023391812866 0.602796052631579 0.01023391812865497 0.026041666666666668 
0 0.2918494152046784 0.5995065789473685 0.007858187134502924 0.027138157894736843 
0 0.4934210526315789 0.7023026315789473 0.017178362573099414 0.026041666666666668 
0 0.3084795321637427 0.5833333333333334 0.016812865497076022 0.018914473684210526 
0 0.5402046783625731 0.6759868421052632 0.018092105263157895 0.023848684210526317 
0 0.7562134502923976 0.6792763157894737 0.013157894736842105 0.02631578947368421 
0 0.6419956140350878 0.649671052631579 0.011513157894736841 0.023026315789473683 
0 0.3982090643274854 0.6469270833333333 0.021198830409356724 0.01809484649122813 
0 0.2377558479532164 0.5836074561403509 0.012975146198830409 0.01644736842105263 
0 0.9150219298245614 0.5625 0.017909356725146198 0.015625 
0 0.2578581871345029 0.6861293859649122 0.018457602339181287 0.02768640350877193 
0 0.4788011695906433 0.5882675438596491 0.010782163742690058 0.022203947368421052 
0 0.04257492690058479 0.6424067982456141 0.02384137426900585 0.02549342105263158 
0 0.05938230994152047 0.6378837719298246 0.019181286549707598 0.03193530701754386 
0 0.061116593567251465 0.6234923245614035 0.01379385964912281 0.02275219298245614 
0 0.07052631578947369 0.6174616228070176 0.017629751461988297 0.024533991228070175 
0 0.07573282163742691 0.6118421052631579 0.014705774853801165 0.023711622807017545 
0 0.08980628654970761 0.5884046052631579 0.02046052631578947 0.030016447368421052 
0 0.10945175438596491 0.6004660087719298 0.012423245614035091 0.02288925438596491 
0 0.11087536549707604 0.6178042763157895 0.009910453216374272 0.01665296052631579 
0 0.11891630116959065 0.6125274122807017 0.01023026315789474 0.02432839912280702 
0 0.12558479532163744 0.6115679824561403 0.01351790935672513 0.0161047149122807 
0 0.12457967836257311 0.6253426535087719 0.01625913742690057 0.012952302631578948 
0 0.12768823099415205 0.6368558114035088 0.011235380116959067 0.027275219298245616 
0 0.14345029239766083 0.6513843201754386 0.017172880116959048 0.017955043859649123 
0 0.1464199561403509 0.6269188596491229 0.015985014619883026 0.02275219298245614 
0 0.1527704678362573 0.6343201754385965 0.024115497076023378 0.015762061403508772 
0 0.14404422514619883 0.6454906798245614 0.0170815058479532 0.013363486842105263 
0 0.15062134502923977 0.6458333333333334 0.01616776315789472 0.027754934210526317 
0 0.155374634502924 0.6689967105263158 0.011737938596491231 0.023300438596491228 
0 0.1712280701754386 0.6480263157894737 0.011509502923976612 0.029468201754385966 
0 0.1408918128654971 0.6213678728070176 0.019457236842105246 0.017955043859649123 
0 0.11476425438596491 0.6045093201754386 0.013011695906432757 0.015076754385964912 
0 0.1287390350877193 0.5922423245614035 0.013474049707602343 0.027617872807017545 
0 0.1462372076023392 0.6153371710526315 0.01648757309941519 0.01021107456140351 
0 0.13906615497076025 0.5969709429824561 0.008905336257309944 0.0307702850877193 
0 0.14710343567251463 0.5956688596491229 0.006805555555555557 0.021175986842105265 
0 0.13229532163742688 0.5668859649122807 0.025029239766081877 0.018229166666666668 
0 0.1330793128654971 0.587171052631579 0.011326754385964916 0.019736842105263157 
0 0.1378344298245614 0.5788103070175439 0.015665204678362576 0.020490679824561403 
0 0.14655884502923977 0.5718201754385965 0.01137244152046784 0.017064144736842105 
0 0.15208516081871346 0.5714089912280702 0.014890350877192985 0.02597313596491228 
0 0.15250182748538013 0.5947779605263158 0.006392543859649126 0.009046052631578948 
0 0.15587719298245614 0.555921052631579 0.020643274853801154 0.01747532894736842 
0 0.16652229532163743 0.5629111842105263 0.009910453216374272 0.019257127192982455 
0 0.1622295321637427 0.5816885964912281 0.011326754385964916 0.019736842105263157 
0 0.1721856725146199 0.5847724780701754 0.01402229532163741 0.009731359649122808 
0 0.17396747076023392 0.5776452850877193 0.008722587719298229 0.009731359649122808 
0 0.16826023391812867 0.594640899122807 0.016213450292397666 0.012335526315789474 
0 0.16757492690058481 0.6030701754385965 0.009316520467836261 0.017269736842105265 
0 0.17461074561403508 0.5568804824561403 0.010138888888888892 0.015076754385964912 
0 0.17666483918128656 0.5557154605263158 0.022927631578947377 0.018092105263157895 
0 0.19699378654970762 0.5468064692982456 0.018634868421052636 0.012129934210526315 
0 0.18671600877192984 0.5527686403508771 0.019411549707602345 0.022820723684210526 
0 0.19763157894736844 0.5569490131578947 0.016213450292397666 0.01864035087719298 
0 0.18986842105263158 0.5683251096491229 0.00908808479532164 0.025561951754385966 
0 0.19845394736842106 0.5702439692982456 0.009727704678362576 0.022341008771929825 
0 0.20677083333333335 0.5664747807017544 0.007947733918128657 0.023231907894736843 
0 0.21403508771929824 0.5530427631578947 0.013428362573099418 0.02035361842105263 
0 0.22143823099415205 0.5474232456140351 0.02333881578947369 0.019394188596491228 
0 0.16007492690058478 0.6171875 0.01836074561403509 0.01425438596491228 
0 0.17944078947368422 0.602796052631579 0.011509502923976633 0.024396929824561403 
0 0.1750548245614035 0.6208881578947368 0.009866593567251464 0.02768640350877193 
0 0.1802613304093567 0.6281524122807017 0.013976608187134485 0.03923245614035085 
0 0.16158808479532163 0.6276041666666666 0.014616228070175442 0.012266995614035088 
0 0.18676169590643277 0.5913514254385965 0.009682017543859653 0.015008223684210526 
0 0.19343019005847953 0.5894325657894737 0.018452119883040942 0.01617324561403509 
0 0.1839309210526316 0.5930646929824561 0.006257309941520469 0.012609649122807017 
0 0.17392726608187134 0.6064281798245614 0.006988304093567253 0.015076754385964912 
0 0.19110380116959064 0.6062225877192983 0.008494152046783629 0.02042214912280702 
0 0.19553362573099417 0.602796052631579 0.010321637426900588 0.021313048245614034 
0 0.19877741228070175 0.6012198464912281 0.024250730994152054 0.013637609649122808 
0 0.2105062134502924 0.5729166666666666 0.011783625730994113 0.023026315789473683 
0 0.2103234649122807 0.5932017543859649 0.010413011695906395 0.01343201754385965 
0 0.20411184210526317 0.5919682017543859 0.008130482456140353 0.017955043859649123 
0 0.22276315789473686 0.5692845394736842 0.013517909356725151 0.025082236842105265 
0 0.22714729532163744 0.5668174342105263 0.017949561403508778 0.013020833333333334 
0 0.22413194444444445 0.5836759868421053 0.01648757309941521 0.02378015350877193 
0 0.22856359649122807 0.6007401315789473 0.018633040935672522 0.013843201754385965 
0 0.2139016812865497 0.6076617324561403 0.017035818713450297 0.01206140350877193 
0 0.20316337719298247 0.6131441885964912 0.014751461988304099 0.02515076754385965 
0 0.18941154970760235 0.6269873903508771 0.008815789473684213 0.018092105263157895 
0 0.19141995614035087 0.6347313596491229 0.01110014619883041 0.021998355263157895 
0 0.19817434210526316 0.6396655701754386 0.013976608187134506 0.03344298245614035 
0 0.1897715643274854 0.6506304824561403 0.012969663742690063 0.02617872807017544 
0 0.20228618421052633 0.6591282894736842 0.022379385964912245 0.02398574561403509 
0 0.207218567251462 0.6387061403508771 0.014340277777777742 0.027549342105263157 
0 0.22073647660818713 0.6459703947368421 0.01973135964912281 0.017543859649122806 
0 0.2246655701754386 0.6554276315789473 0.010961257309941524 0.032072368421052634 
0 0.19278326023391815 0.6877741228070176 0.014159356725146201 0.03495065789473684 
0 0.20365497076023392 0.6921600877192983 0.008404605263157896 0.02700109649122807 
0 0.21178362573099418 0.6821546052631579 0.0123318713450292 0.033168859649122806 
0 0.2170815058479532 0.6663925438596491 0.010595760233918132 0.024945175438596492 
0 0.21966008771929824 0.5658580043859649 0.00534356725146199 0.017406798245614034 
0 0.22902412280701756 0.5618832236842105 0.018130482456140358 0.01528234649122807 
0 0.22843019005847953 0.5540021929824561 0.020780336257309948 0.012678179824561403 
0 0.22381578947368422 0.561609100877193 0.0063943713450292415 0.00884046052631579 
0 0.2465204678362573 0.5585252192982456 0.008176169590643276 0.027549342105263157 
0 0.25081505847953217 0.5504385964912281 0.013609283625731 0.018092105263157895 
0 0.2616392543859649 0.5524945175438597 0.010138888888888892 0.019325657894736843 
0 0.26625548245614034 0.5465323464912281 0.01534539473684211 0.0307702850877193 
0 0.20138523391812865 0.6303453947368421 0.018634868421052636 0.01411732456140351 
0 0.2171875 0.6211622807017544 0.008815789473684213 0.02665844298245614 
0 0.21348866959064328 0.645422149122807 0.020919225146198834 0.01651589912280702 
0 0.2221217105263158 0.6232182017543859 0.012012061403508776 0.02480811403508772 
0 0.23235562865497078 0.6150630482456141 0.010734649122807019 0.02700109649122807 
0 0.22162280701754386 0.6136924342105263 0.017492690058479535 0.014391447368421052 
0 0.23395650584795322 0.6339775219298246 0.014570540935672519 0.016721491228070175 
0 0.2413029970760234 0.6484375 0.011783625730994155 0.038240131578947366 
0 0.2466922514619883 0.6615953947368421 0.016350511695906397 0.01768092105263158 
0 0.2619480994152047 0.6480263157894737 0.009773391812865458 0.033717105263157895 
0 0.2592982456140351 0.6415844298245614 0.019457236842105225 0.01206140350877193 
0 0.27080774853801165 0.645422149122807 0.020643274853801175 0.01631030701754386 
0 0.271812865497076 0.6547423245614035 0.01717288011695907 0.012198464912280702 
0 0.26980263157894735 0.6654331140350878 0.017264254385964916 0.01343201754385965 
0 0.26898391812865496 0.6733826754385965 0.023019005847953182 0.02042214912280702 
0 0.2859740497076023 0.6636513157894737 0.01753837719298246 0.018092105263157895 
0 0.28407529239766083 0.6411732456140351 0.01356542397660819 0.03056469298245614 
0 0.29403508771929826 0.6426123903508771 0.014979897660818718 0.019942434210526317 
0 0.3031268274853801 0.6508360745614035 0.014751461988304099 0.015625 
0 0.3194334795321638 0.65625 0.012103435672514623 0.02700109649122807 
0 0.31135051169590644 0.668859649122807 0.009407894736842108 0.026932565789473683 
0 0.26605445906432745 0.5890899122807017 0.007673611111111113 0.025219298245614034 
0 0.27190058479532164 0.5910087719298246 0.008952850877192985 0.026589912280701754 
0 0.23875182748538012 0.6165021929824561 0.012240497076023395 0.021518640350877194 
0 0.24629568713450292 0.6038925438596491 0.013380847953216379 0.01679002192982456 
0 0.24615862573099415 0.6126644736842105 0.016578947368421058 0.01884594298245614 
0 0.25903691520467836 0.6091008771929824 0.011282894736842106 0.02549342105263158 
0 0.26798976608187136 0.6141036184210527 0.011737938596491231 0.019805372807017545 
0 0.2953965643274854 0.6144462719298246 0.010504385964912284 0.02617872807017544 
0 0.2995979532163743 0.620202850877193 0.012423245614035091 0.016036184210526317 
0 0.296218932748538 0.6324013157894737 0.019272660818713417 0.013843201754385965 
0 0.31202119883040935 0.6207510964912281 0.008859649122806979 0.01864035087719298 
0 0.31814144736842104 0.6147203947368421 0.011875000000000004 0.020970394736842105 
0 0.30909722222222225 0.6337719298245614 0.017812499999999964 0.021792763157894735 
0 0.31640533625730993 0.6382949561403509 0.009226973684210528 0.024945175438596492 
0 0.32316520467836257 0.6291118421052632 0.012605994152046787 0.02987938596491228 
0 0.27594663742690057 0.5536595394736842 0.010778508771929828 0.011101973684210526 
0 0.28256944444444443 0.5531798245614035 0.012514619883040938 0.024396929824561403 
0 0.29165752923976607 0.5500959429824561 0.0097733918128655 0.02597313596491228 
0 0.2822934941520468 0.5738075657894737 0.013108552631578951 0.013020833333333334 
0 0.2798263888888889 0.5810032894736842 0.012012061403508776 0.020285087719298246 
0 0.30326206140350875 0.5752467105263158 0.009546783625730996 0.02254660087719298 
0 0.29677631578947367 0.5912143640350878 0.007308114035087721 0.012198464912280702 
0 0.2991063596491228 0.6002604166666666 0.009683845029239769 0.024054276315789474 
0 0.3097057748538012 0.6164336622807017 0.00845029239766082 0.014734100877192983 
0 0.3211659356725146 0.5681195175438597 0.005937500000000002 0.018092105263157895 
0 0.3270120614035088 0.5855263157894737 0.008220029239766086 0.02700109649122807 
0 0.31933845029239766 0.5515350877192983 0.013611111111111114 0.0190515350877193 
0 0.33440972222222226 0.5694901315789473 0.01635233918128651 0.02617872807017544 
0 0.3360654239766082 0.5504385964912281 0.013017178362573103 0.020833333333333332 
0 0.329296418128655 0.5912828947368421 0.009590643274853804 0.0356359649122807 
0 0.3296235380116959 0.6125959429824561 0.013976608187134506 0.018434758771929825 
0 0.33250182748538015 0.635827850877193 0.010321637426900588 0.023300438596491228 
0 0.33760964912280705 0.6345942982456141 0.018450292397660783 0.017955043859649123 
0 0.3422679093567252 0.6367872807017544 0.019091739766081833 0.025219298245614034 
0 0.329296418128655 0.6477521929824561 0.007673611111111113 0.02768640350877193 
0 0.3343201754385965 0.6541940789473685 0.015529970760233922 0.02261513157894737 
0 0.3552467105263158 0.565515350877193 0.02046052631578944 0.011924342105263159 
0 0.34519736842105264 0.5707236842105263 0.012605994152046787 0.030975877192982455 
0 0.3517744883040936 0.5766173245614035 0.01379385964912281 0.0200109649122807 
0 0.35469846491228074 0.5881304824561403 0.013517909356725151 0.022341008771929825 
0 0.3673044590643275 0.6022478070175439 0.014797149122807022 0.013980263157894737 
0 0.3464729532163743 0.5989583333333334 0.01333698830409357 0.03070175438596491 
0 0.3567945906432749 0.6088267543859649 0.019822733918128617 0.01617324561403509 
0 0.35387426900584795 0.6181469298245614 0.023748172514619848 0.016721491228070175 
0 0.36885416666666665 0.6196546052631579 0.016898757309941566 0.02042214912280702 
0 0.34601790935672516 0.6378837719298246 0.020643274853801134 0.026041666666666668 
0 0.35808479532163745 0.6536458333333334 0.015528143274853806 0.024396929824561403 
0 0.3451133040935673 0.6584429824561403 0.02365862573099416 0.02261513157894737 
0 0.34931469298245615 0.6739309210526315 0.021467470760233923 0.03056469298245614 
0 0.36511878654970764 0.6774945175438597 0.015710891812865502 0.027412280701754384 
0 0.38274853801169595 0.6544682017543859 0.017993421052631586 0.04290021929824561 
0 0.3722441520467836 0.6395285087719298 0.014433479532163746 0.023574561403508772 
0 0.3257401315789474 0.6703673245614035 0.019091739766081875 0.04029605263157895 
0 0.33414473684210527 0.6781798245614035 0.01625913742690059 0.02837171052631579 
0 0.34757127192982457 0.6835252192982456 0.019457236842105267 0.02261513157894737 
0 0.3925255847953217 0.6617324561403509 0.01890899122807014 0.03179824561403509 
0 0.3944444444444445 0.6709155701754386 0.02146564327485381 0.02549342105263158 
0 0.4011129385964912 0.678453947368421 0.015985014619883088 0.029331140350877194 
0 0.37681103801169585 0.6115679824561403 0.0177211257309942 0.010416666666666666 
0 0.379735014619883 0.5900493421052632 0.008128654970760237 0.013020833333333334 
0 0.38658625730994156 0.5881304824561403 0.013335160818713413 0.022478070175438597 
0 0.38376461988304095 0.6008771929824561 0.013243786549707566 0.015899122807017545 
0 0.38481359649122804 0.6124588815789473 0.0221070906432749 0.018571820175438597 
0 0.3826663011695906 0.5760690789473685 0.01762975146198835 0.015762061403508772 
0 0.37992690058479534 0.5561951754385965 0.009042397660818716 0.0200109649122807 
0 0.3883296783625731 0.5546875 0.025029239766081877 0.017955043859649123 
0 0.38805555555555554 0.5459155701754386 0.016807383040935635 0.01137609649122807 
0 0.3464948830409357 0.5489309210526315 0.017081505847953222 0.02138157894736842 
0 0.3488687865497076 0.5544133771929824 0.015073099415204681 0.019736842105263157 
0 0.36046966374269007 0.5459155701754386 0.014433479532163705 0.020285087719298246 
0 0.362297149122807 0.5519462719298246 0.017447002923976614 0.013157894736842105 
0 0.39446454678362575 0.5797697368421053 0.014433479532163663 0.02042214912280702 
0 0.402046783625731 0.5722313596491229 0.011509502923976612 0.014665570175438597 
0 0.36394919590643277 0.5762061403508771 0.013382675438596536 0.009046052631578948 
0 0.40387975146198835 0.6167763157894737 0.013702485380116963 0.015008223684210526 
0 0.40789839181286547 0.6069764254385965 0.011783625730994155 0.015830592105263157 
0 0.40442799707602345 0.6310307017543859 0.010597587719298206 0.019736842105263157 
0 0.3952905701754386 0.5926535087719298 0.012194809941520472 0.021313048245614034 
0 0.40529422514619884 0.5981359649122807 0.01137244152046784 0.01021107456140351 
0 0.41466008771929824 0.6007401315789473 0.012240497076023395 0.029742324561403508 
0 0.4168530701754386 0.6210252192982456 0.007306286549707605 0.016036184210526317 
0 0.4211513157894737 0.6140350877192983 0.012971491228070179 0.029742324561403508 
0 0.4298300438596492 0.6310307017543859 0.007399488304093527 0.02288925438596491 
0 0.42453216374269004 0.6425438596491229 0.012331871345029242 0.012883771929824562 
0 0.4261750730994152 0.6524122807017544 0.009318347953216335 0.01493969298245614 
0 0.43448830409356726 0.6528234649122807 0.010504385964912284 0.02206688596491228 
0 0.43256944444444445 0.6110197368421053 0.010595760233918132 0.021792763157894735 
0 0.440608552631579 0.6101973684210527 0.009956140350877113 0.02987938596491228 
0 0.43658991228070176 0.6307565789473685 0.0070321637426900615 0.028645833333333332 
0 0.44170504385964915 0.6373355263157895 0.009499269005847874 0.030153508771929825 
0 0.44846491228070173 0.6321271929824561 0.0070321637426900615 0.014665570175438597 
0 0.4461805555555556 0.6403508771929824 0.011783625730994155 0.02768640350877193 
0 0.4097258771929825 0.6525493421052632 0.01045869883040936 0.023574561403508772 
0 0.41863304093567255 0.6629660087719298 0.011144005847953137 0.029331140350877194 
0 0.41657529239766083 0.6780427631578947 0.009864766081871349 0.03138706140350877 
0 0.4272624269005848 0.6680372807017544 0.008313230994152007 0.024945175438596492 
0 0.4176736111111112 0.7042214912280702 0.018543494152046747 0.030290570175438597 
0 0.4234283625730994 0.6932565789473685 0.017629751461988266 0.03549890350877193 
0 0.42963998538011694 0.6836622807017544 0.016533260233918174 0.037143640350877194 
0 0.44425621345029237 0.6925712719298246 0.010321637426900588 0.026589912280701754 
0 0.43311038011695907 0.6726973684210527 0.013519736842105267 0.02987938596491228 
0 0.4418804824561403 0.6669407894736842 0.013883406432748584 0.02617872807017544 
0 0.4450840643274854 0.6694078947368421 0.014431652046783589 0.0268640350877193 
0 0.45166118421052626 0.6783168859649122 0.012788742690058483 0.04084429824561404 
0 0.45458333333333334 0.6555646929824561 0.01516447368421053 0.030153508771929825 
0 0.45705043859649125 0.6465186403508771 0.01068713450292398 0.020833333333333332 
0 0.452764985380117 0.7118969298245614 0.018543494152046747 0.026589912280701754 
0 0.4625383771929825 0.6958607456140351 0.012880116959064247 0.0268640350877193 
0 0.469937865497076 0.6909265350877193 0.012834429824561407 0.03296326754385965 
0 0.4769261695906432 0.6955180921052632 0.012331871345029242 0.02905701754385965 
0 0.4182218567251462 0.5834703947368421 0.012969663742690022 0.025219298245614034 
0 0.43904788011695906 0.5900493421052632 0.010138888888888892 0.025356359649122806 
0 0.4139254385964912 0.5622258771929824 0.008770102339181247 0.015762061403508772 
0 0.42214729532163736 0.561266447368421 0.00895102339181287 0.023163377192982455 
0 0.4282675438596491 0.5652412280701754 0.011418128654970763 0.02138157894736842 
0 0.4245230263157894 0.5885416666666666 0.008678728070175482 0.031524122807017545 
0 0.4389565058479532 0.5614035087719298 0.0097733918128655 0.01918859649122807 
0 0.44452850877192984 0.5651041666666666 0.009133771929824565 0.01918859649122807 
0 0.4467214912280702 0.5757949561403509 0.009590643274853804 0.029742324561403508 
0 0.4483753654970761 0.609375 0.010595760233918049 0.03289473684210526 
0 0.45531615497076017 0.6008771929824561 0.008861476608187178 0.025904605263157895 
0 0.46225877192982456 0.6071820175438597 0.008039108187134464 0.015076754385964912 
0 0.4588797514619883 0.5905975877192983 0.01406615497076028 0.0190515350877193 
0 0.4704806286549707 0.6059484649122807 0.00803728070175439 0.01699561403508772 
0 0.47641812865497074 0.6058114035087719 0.009225146198830412 0.016858552631578948 
0 0.4557730263157894 0.6211622807017544 0.012240497076023395 0.025767543859649123 
0 0.46280701754385967 0.6234923245614035 0.016076388888888852 0.03262061403508772 
0 0.47057200292397655 0.6325383771929824 0.010504385964912284 0.028919956140350877 
0 0.4670084064327485 0.6177357456140351 0.019639985380117006 0.01864035087719298 
0 0.46710160818713453 0.6543311403508771 0.010869883040935675 0.0268640350877193 
0 0.47437134502923983 0.6774945175438597 0.01420321637426897 0.021655701754385966 
0 0.47893823099415206 0.6665296052631579 0.01288011695906433 0.023300438596491228 
0 0.4767452485380117 0.6604303728070176 0.005846125730994112 0.016241776315789474 
0 0.5015551900584796 0.5990953947368421 0.009499269005847874 0.019325657894736843 
0 0.4974451754385965 0.604577850877193 0.013883406432748501 0.02549342105263158 
0 0.4911257309941521 0.6174616228070176 0.013426535087719262 0.025767543859649123 
0 0.4866483918128655 0.6314418859649122 0.011509502923976612 0.03453947368421053 
0 0.4965149853801169 0.6288377192982456 0.009042397660818716 0.02919407894736842 
0 0.5008991228070175 0.6398026315789473 0.00803728070175439 0.030016447368421052 
0 0.5051918859649123 0.6240405701754386 0.009864766081871349 0.030016447368421052 
0 0.5078417397660818 0.6480263157894737 0.011326754385964916 0.030153508771929825 
0 0.5131396198830409 0.6539199561403509 0.013152412280701718 0.02631578947368421 
0 0.4831743421052631 0.6573464912280702 0.010595760233918132 0.02645285087719298 
0 0.4906633771929824 0.6643366228070176 0.010414839181286594 0.02823464912280702 
0 0.4883808479532164 0.6757127192982456 0.016807383040935635 0.03399122807017544 
0 0.5042744883040935 0.6699561403508771 0.009225146198830412 0.02905701754385965 
0 0.4917598684210526 0.6938048245614035 0.015710891812865543 0.01699561403508772 
0 0.49623538011695906 0.6566611842105263 0.009318347953216335 0.019325657894736843 
0 0.5078362573099415 0.6763980263157895 0.00904422514619879 0.02700109649122807 
0 0.5146875 0.6864035087719298 0.016076388888888935 0.03138706140350877 
0 0.516514985380117 0.6772203947368421 0.017081505847953263 0.03522478070175439 
0 0.5095723684210527 0.6969572368421053 0.02064510233918125 0.03125 
0 0.4999817251461989 0.5810032894736842 0.021284722222222184 0.020970394736842105 
0 0.5109429824561403 0.5993695175438597 0.008039108187134464 0.02055921052631579 
0 0.5126790935672515 0.5999177631578947 0.011875000000000004 0.02837171052631579 
0 0.5199872076023392 0.6267817982456141 0.00885964912280702 0.030016447368421052 
0 0.5237317251461988 0.6181469298245614 0.010869883040935675 0.023711622807017545 
0 0.5199872076023392 0.5916940789473685 0.014797149122807064 0.01836622807017544 
0 0.5275676169590643 0.5952576754385965 0.009775219298245657 0.0200109649122807 
0 0.5216319444444444 0.5748355263157895 0.009775219298245657 0.02261513157894737 
0 0.5261074561403509 0.5741502192982456 0.012605994152046787 0.02055921052631579 
0 0.5339345760233918 0.5991639254385965 0.007947733918128615 0.01836622807017544 
0 0.5361732456140351 0.5944353070175439 0.011920687134502927 0.017612390350877194 
0 0.523156067251462 0.608484100877193 0.01114400584795322 0.013500548245614035 
0 0.5379111842105263 0.580797697368421 0.011418128654970763 0.014459978070175438 
0 0.5409722222222222 0.5860060307017544 0.01497989766081876 0.012266995614035088 
0 0.5518804824561403 0.5841557017543859 0.009957967836257353 0.023848684210526317 
0 0.5554440789473684 0.6032072368421053 0.012605994152046787 0.012335526315789474 
0 0.5623866959064328 0.610608552631579 0.014066154970760197 0.01343201754385965 
0 0.5568146929824561 0.571546052631579 0.010961257309941524 0.01631030701754386 
0 0.5602850877192983 0.5703125 0.01662463450292394 0.021107456140350877 
0 0.5617470760233918 0.5855263157894737 0.01488852339181283 0.01425438596491228 
0 0.5765442251461989 0.5786732456140351 0.011326754385964916 0.023163377192982455 
0 0.5605592105263159 0.5941611842105263 0.009042397660818716 0.008771929824561403 
0 0.5175310672514619 0.6487116228070176 0.016990131578947416 0.02837171052631579 
0 0.5283095760233918 0.6322642543859649 0.010869883040935675 0.03577302631578947 
0 0.5312317251461989 0.6539199561403509 0.013519736842105267 0.02425986842105263 
0 0.5670595760233917 0.5934073464912281 0.010595760233918132 0.019257127192982455 
0 0.5725858918128655 0.6038240131578947 0.016076388888888852 0.021450109649122806 
0 0.5787518274853801 0.5960800438596491 0.013929093567251508 0.015556469298245614 
0 0.5715332602339182 0.6149945175438597 0.009683845029239808 0.02480811403508772 
0 0.5645449561403509 0.6317845394736842 0.012240497076023395 0.021998355263157895 
0 0.5765113304093568 0.6307565789473685 0.007902046783625691 0.022135416666666668 
0 0.5504184941520468 0.6281524122807017 0.012240497076023395 0.018092105263157895 
0 0.5542562134502924 0.6260964912280702 0.015436769005848 0.015487938596491228 
0 0.5601937134502925 0.6351425438596491 0.010047514619883045 0.03125 
0 0.5532510964912281 0.6406935307017544 0.010469663742690052 0.024739583333333332 
0 0.5429385964912281 0.6388432017543859 0.012194809941520472 0.02617872807017544 
0 0.543203581871345 0.6570723684210527 0.012149122807017547 0.023848684210526317 
0 0.5513322368421052 0.6640625 0.021922514619883048 0.015350877192982455 
0 0.5628417397660819 0.6687225877192983 0.023201754385964918 0.03056469298245614 
0 0.5544389619883041 0.6790021929824561 0.010595760233918132 0.03070175438596491 
0 0.5631158625730994 0.6820175438596491 0.014981725146198834 0.0234375 
0 0.5299579678362573 0.6762609649122807 0.015071271929824609 0.024671052631578948 
0 0.5251169590643275 0.6742050438596491 0.014523026315789438 0.013569078947368422 
0 0.5695102339181287 0.6458333333333334 0.011509502923976612 0.03070175438596491 
0 0.5768183479532164 0.6462445175438597 0.010778508771929828 0.02905701754385965 
0 0.5751736111111111 0.6724232456140351 0.01936586257309946 0.027412280701754384 
0 0.5858607456140351 0.6640625 0.014798976608187138 0.03070175438596491 
0 0.5900730994152047 0.6557017543859649 0.016076388888888852 0.027549342105263157 
0 0.605875365497076 0.6659813596491229 0.011326754385964916 0.02398574561403509 
0 0.581030701754386 0.6319901315789473 0.009682017543859653 0.013569078947368422 
0 0.5838614766081871 0.6163651315789473 0.013611111111111114 0.02055921052631579 
0 0.5878801169590644 0.602796052631579 0.014067982456140354 0.02645285087719298 
0 0.5912609649122808 0.5993695175438597 0.01114400584795322 0.018092105263157895 
0 0.6022825292397661 0.602453399122807 0.019820906432748545 0.01651589912280702 
0 0.5963468567251462 0.6425438596491229 0.010504385964912284 0.021655701754385966 
0 0.6049323830409357 0.6232867324561403 0.012012061403508776 0.01864035087719298 
0 0.6005025584795322 0.630139802631579 0.008631213450292401 0.02398574561403509 
0 0.5931487573099415 0.6283580043859649 0.009089912280701714 0.02042214912280702 
0 0.6090021929824562 0.628015350877193 0.013426535087719262 0.025836074561403508 
0 0.6201937134502924 0.6000548245614035 0.010961257309941524 0.017543859649122806 
0 0.5855208333333333 0.5880619517543859 0.013654970760233965 0.011992872807017545 
0 0.5950657894736842 0.5953262061403509 0.010778508771929828 0.015487938596491228 
0 0.6009119152046783 0.5866228070175439 0.00963633040935673 0.018777412280701754 
0 0.5984904970760234 0.5823053728070176 0.014433479532163746 0.014665570175438597 
0 0.6077631578947368 0.582922149122807 0.012331871345029242 0.024876644736842105 
0 0.585657894736842 0.5760690789473685 0.014568713450292444 0.015008223684210526 
0 0.5914126461988304 0.5709292763157895 0.009453581871345033 0.012198464912280702 
0 0.6274488304093567 0.6236293859649122 0.008313230994152007 0.02206688596491228 
0 0.6349396929824561 0.6269188596491229 0.008676900584795325 0.019325657894736843 
0 0.6349396929824561 0.6425438596491229 0.009407894736842108 0.010279605263157895 
0 0.6263523391812865 0.6444627192982456 0.00913559941520464 0.02124451754385965 
0 0.6351224415204678 0.6528234649122807 0.009956140350877196 0.01631030701754386 
0 0.6248008040935672 0.6696820175438597 0.007763157894736845 0.02069627192982456 
0 0.6224250730994152 0.6522752192982456 0.007125365497076067 0.017269736842105265 
0 0.5997642543859649 0.6831140350877193 0.009956140350877196 0.02987938596491228 
0 0.6090807748538012 0.6692708333333334 0.012514619883040938 0.0390625 
0 0.6173940058479532 0.6798245614035088 0.011235380116959067 0.03618421052631579 
0 0.626984649122807 0.6888706140350878 0.015985014619883005 0.03042763157894737 
0 0.6272587719298246 0.7117598684210527 0.017264254385964874 0.024671052631578948 
0 0.6330299707602339 0.608141447368421 0.013426535087719262 0.01898300438596491 
0 0.627626096491228 0.6004660087719298 0.016533260233918174 0.01781798245614035 
0 0.6213212719298246 0.5746984649122807 0.014524853801169593 0.02645285087719298 
0 0.6323739035087719 0.5788103070175439 0.010138888888888892 0.021107456140350877 
0 0.6403216374269006 0.5627741228070176 0.012514619883040938 0.017269736842105265 
0 0.6471016081871345 0.6003974780701754 0.02425255847953217 0.015693530701754384 
0 0.645641447368421 0.6060169956140351 0.02311038011695907 0.01768092105263158 
0 0.6513523391812865 0.6194490131578947 0.008676900584795325 0.0200109649122807 
0 0.6577010233918129 0.6178042763157895 0.02160270467836258 0.019325657894736843 
0 0.6439985380116959 0.6392543859649122 0.01411184210526312 0.01493969298245614 
0 0.6523099415204678 0.6428865131578947 0.011326754385964916 0.029468201754385966 
0 0.6583424707602339 0.6341831140350878 0.013563596491228116 0.026041666666666668 
0 0.6402430555555555 0.6739309210526315 0.011692251461988308 0.02905701754385965 
0 0.6499250730994152 0.6774945175438597 0.013245614035087722 0.03686951754385965 
0 0.6571418128654971 0.6743421052631579 0.011692251461988308 0.035910087719298246 
0 0.6652704678362573 0.6700932017543859 0.011418128654970763 0.044956140350877194 
0 0.6715734649122806 0.6839364035087719 0.014798976608187138 0.033168859649122806 
0 0.6608972953216374 0.657140899122807 0.010047514619883045 0.0229577850877193 
0 0.6700822368421053 0.6611156798245614 0.011098318713450296 0.027206688596491228 
0 0.6517543859649123 0.5762061403508771 0.023384502923976615 0.02261513157894737 
0 0.6538559941520468 0.5718201754385965 0.02274488304093568 0.01493969298245614 
0 0.6603490497076023 0.5635964912280702 0.012697368421052634 0.012883771929824562 
0 0.6601663011695906 0.5529057017543859 0.023750000000000007 0.014528508771929825 
0 0.6712189327485379 0.5622258771929824 0.010138888888888892 0.0268640350877193 
0 0.684281798245614 0.5603070175438597 0.014888523391812913 0.01411732456140351 
0 0.6963395467836258 0.5644188596491229 0.007854532163742694 0.02645285087719298 
0 0.6804440789473684 0.5782620614035088 0.02329312865497077 0.02042214912280702 
0 0.678344298245614 0.5940241228070176 0.013883406432748501 0.017269736842105265 
0 0.6841904239766081 0.5936129385964912 0.01406615497076028 0.020285087719298246 
0 0.674141081871345 0.5970394736842105 0.01662463450292394 0.021792763157894735 
0 0.6686604532163742 0.6118421052631579 0.015162646198830456 0.016584429824561403 
0 0.6834576023391813 0.6156798245614035 0.009318347953216335 0.020970394736842105 
0 0.6674725877192982 0.6302083333333334 0.01817799707602344 0.01425438596491228 
0 0.673876096491228 0.6261650219298246 0.016123903508771933 0.013843201754385965 
0 0.6675749269005847 0.6360334429824561 0.024433479532163793 0.016927083333333332 
0 0.6821893274853801 0.6386376096491229 0.008313230994152007 0.011650219298245614 
0 0.6724981725146199 0.6485745614035088 0.01114400584795322 0.03481359649122807 
0 0.6776133040935672 0.6500822368421053 0.014067982456140354 0.02905701754385965 
0 0.6907730263157894 0.6641995614035088 0.009042397660818716 0.024671052631578948 
0 0.6806341374269006 0.6788651315789473 0.009133771929824565 0.02768640350877193 
0 0.685749269005848 0.6847587719298246 0.009682017543859653 0.033854166666666664 
0 0.6941520467836257 0.6835252192982456 0.009775219298245574 0.03330592105263158 
0 0.7032876461988304 0.6806469298245614 0.011235380116959067 0.0434484649122807 
0 0.6911348684210527 0.6132127192982456 0.009590643274853804 0.019599780701754384 
0 0.6879385964912281 0.6276041666666666 0.010413011695906436 0.0278234649122807 
0 0.6954276315789474 0.6326754385964912 0.009775219298245574 0.03042763157894737 
0 0.7029184941520468 0.6344572368421053 0.010413011695906436 0.02919407894736842 
0 0.6849232456140351 0.6517269736842105 0.011418128654970763 0.012883771929824562 
0 0.69625 0.6595394736842105 0.01196637426900585 0.011239035087719298 
0 0.6956268274853801 0.6669407894736842 0.014248903508771976 0.022478070175438597 
0 0.7059027777777778 0.6584429824561403 0.013015350877193028 0.024739583333333332 
0 0.6957986111111111 0.5993695175438597 0.012786915204678409 0.02124451754385965 
0 0.7025584795321638 0.5995065789473685 0.007955043859649076 0.015830592105263157 
0 0.7045760233918129 0.5912828947368421 0.012788742690058483 0.025424890350877194 
0 0.7119755116959064 0.5903234649122807 0.01333698830409357 0.02288925438596491 
0 0.7044883040935672 0.6138980263157895 0.010413011695906436 0.020490679824561403 
0 0.7130299707602339 0.6242461622807017 0.016213450292397708 0.014459978070175438 
0 0.7088669590643275 0.6415844298245614 0.011875000000000004 0.018914473684210526 
0 0.7189163011695906 0.649671052631579 0.010869883040935675 0.02124451754385965 
0 0.7161750730994152 0.6620065789473685 0.01023026315789474 0.021107456140350877 
0 0.723483187134503 0.6703673245614035 0.009407894736842108 0.026589912280701754 
0 0.7292379385964912 0.6558388157894737 0.01068713450292398 0.029331140350877194 
0 0.7349013157894737 0.6499451754385965 0.010778508771929828 0.027960526315789474 
0 0.7275932017543859 0.6380208333333334 0.009225146198830412 0.01850328947368421 
0 0.7104184941520467 0.6777686403508771 0.014705774853801217 0.023026315789473683 
0 0.7098702485380116 0.6857182017543859 0.009407894736842108 0.025082236842105265 
0 0.7169042397660819 0.6947642543859649 0.011781798245614 0.032072368421052634 
0 0.7261293859649123 0.7092927631578947 0.005572002923976568 0.013980263157894737 
0 0.7330811403508772 0.6837993421052632 0.013702485380116963 0.028645833333333332 
0 0.7287883771929824 0.6961348684210527 0.006577119883040979 0.009457236842105263 
0 0.7392013888888889 0.6739309210526315 0.01434210526315798 0.036047149122807015 
0 0.7454130116959065 0.6609100877192983 0.012149122807017547 0.03851425438596491 
0 0.7600292397660819 0.684484649122807 0.018541666666666675 0.03056469298245614 
0 0.7547331871345029 0.6620065789473685 0.011326754385965 0.035910087719298246 
0 0.7517196637426901 0.6525493421052632 0.009864766081871432 0.02480811403508772 
0 0.7617671783625731 0.6591282894736842 0.013428362573099335 0.025219298245614034 
0 0.7429093567251461 0.6472724780701754 0.009546783625730955 0.019462719298245616 
0 0.7420431286549708 0.6363075657894737 0.018221856725146205 0.019257127192982455 
0 0.757483552631579 0.6446683114035088 0.01192068713450301 0.017269736842105265 
0 0.768265716374269 0.6583059210526315 0.011326754385965 0.01768092105263158 
0 0.7197934941520467 0.6140350877192983 0.0120577485380117 0.013157894736842105 
0 0.7240405701754385 0.6239035087719298 0.011555190058479535 0.013843201754385965 
0 0.7304349415204678 0.6217105263157895 0.013154239766081875 0.028988486842105265 
0 0.729749634502924 0.6137609649122807 0.01836074561403505 0.023506030701754384 
0 0.7453764619883041 0.6245888157894737 0.018040935672514666 0.020833333333333332 
0 0.7506743421052631 0.6192434210526315 0.010277777777777905 0.015350877192982455 
0 0.7570285087719298 0.6309621710526315 0.009364035087719259 0.02172423245614035 
0 0.7730080409356724 0.6493969298245614 0.01680738304093572 0.029605263157894735 
0 0.7782145467836258 0.6350054824561403 0.010230263157894657 0.021929824561403508 
0 0.7606761695906433 0.6186951754385965 0.015164473684210446 0.024533991228070175 
0 0.7720942982456139 0.620202850877193 0.00840460526315802 0.025219298245614034 
0 0.7396600877192983 0.5999177631578947 0.02037097953216379 0.02288925438596491 
0 0.7591173245614036 0.6089638157894737 0.01516264619883029 0.019325657894736843 
0 0.7159923245614035 0.5641447368421053 0.011509502923976612 0.023574561403508772 
0 0.7337189327485379 0.5453673245614035 0.015985014619883088 0.02563048245614035 
0 0.7588377192982455 0.5590734649122807 0.011600877192982542 0.01987390350877193 
0 0.7685215643274854 0.5453673245614035 0.019546783625731 0.029331140350877194 
0 0.7066776315789474 0.5648300438596491 0.013700657894736805 0.01918859649122807 
0 0.7044846491228071 0.5794956140350878 0.021282894736842112 0.018092105263157895 
0 0.7076772660818713 0.5141173245614035 0.007945906432748541 0.017132675438596492 
0 0.7201754385964912 0.4432565789473684 0.008768274853801173 0.02138157894736842 
0 0.71531432748538 0.4354440789473684 0.007353801169590686 0.012883771929824562 
0 0.7581140350877192 0.4516173245614035 0.011692251461988391 0.02823464912280702 
0 0.7510800438596491 0.4399671052631579 0.01717288011695911 0.010416666666666666 
0 0.7762993421052631 0.609375 0.009592470760233878 0.025904605263157895 
0 0.7841557017543859 0.6143092105263158 0.009956140350877279 0.021655701754385966 
0 0.7848866959064327 0.6293859649122807 0.012697368421052718 0.01768092105263158 
0 0.7873519736842106 0.6097861842105263 0.014250730994151967 0.02480811403508772 
0 0.7931980994152047 0.6277412280701754 0.01141812865497068 0.02206688596491228 
0 0.7935635964912281 0.6047149122807017 0.015255847953216295 0.02549342105263158 
0 0.8053472222222222 0.6243146929824561 0.013793859649122893 0.025767543859649123 
0 0.8037956871345029 0.6380208333333334 0.022836257309941526 0.0234375 
0 0.8106524122807018 0.6241776315789473 0.01379203216374257 0.0200109649122807 
0 0.8219791666666666 0.6270559210526315 0.016259137426900633 0.02837171052631579 
0 0.8180519005847954 0.6441885964912281 0.022379385964912287 0.019462719298245616 
0 0.824718567251462 0.6107456140350878 0.014798976608187221 0.028919956140350877 
0 0.8328490497076024 0.6085526315789473 0.013428362573099335 0.021929824561403508 
0 0.7900986842105263 0.6484375 0.010780336257309902 0.01864035087719298 
0 0.7839784356725147 0.6478892543859649 0.007490862573099375 0.01644736842105263 
0 0.7799579678362574 0.6716008771929824 0.017903874269005728 0.03070175438596491 
0 0.7872660818713451 0.6620065789473685 0.013793859649122726 0.03289473684210526 
0 0.7960361842105262 0.6648848684210527 0.012055921052631625 0.02768640350877193 
0 0.8054440789473685 0.6666666666666666 0.015528143274853681 0.025904605263157895 
0 0.8106505847953217 0.6651589912280702 0.02530336257309942 0.02206688596491228 
0 0.815592105263158 0.6635142543859649 0.023841374269005854 0.02042214912280702 
0 0.8205263157894737 0.6558388157894737 0.022105263157894742 0.025219298245614034 
0 0.839890350877193 0.6650219298245614 0.01762975146198835 0.02275219298245614 
0 0.8366940789473685 0.6381578947368421 0.019455409356725153 0.0322094298245614 
0 0.8391666666666667 0.6396655701754386 0.01361111111111103 0.02412280701754386 
0 0.8513157894736841 0.6400767543859649 0.010138888888888975 0.03234649122807018 
0 0.8396235380116959 0.6269188596491229 0.014431652046783672 0.020833333333333332 
0 0.8602668128654971 0.6419956140350878 0.01370248538011688 0.03234649122807018 
0 0.8725986842105262 0.6462445175438597 0.01936586257309946 0.02138157894736842 
0 0.8419042397660818 0.5990953947368421 0.022013888888888895 0.03125 
0 0.8172423245614034 0.5800438596491229 0.014248903508771976 0.01850328947368421 
0 0.8566228070175438 0.6121162280701754 0.0177211257309942 0.023026315789473683 
0 0.8571308479532164 0.6055372807017544 0.021328581871345037 0.02138157894736842 
0 0.8655829678362573 0.6018366228070176 0.0168987573099414 0.02398574561403509 
0 0.8709722222222223 0.6254111842105263 0.012925804093567172 0.010896381578947368 
0 0.8883223684210526 0.6230811403508771 0.018269371345029286 0.020285087719298246 
0 0.9055866228070175 0.6004660087719298 0.013793859649122893 0.03262061403508772 
0 0.8779057017543859 0.592516447368421 0.01945723684210531 0.02042214912280702 
0 0.8829312865497075 0.582922149122807 0.018084795321637433 0.024945175438596492 
0 0.8869499269005848 0.5834703947368421 0.02329312865497077 0.026589912280701754 
0 0.8947240497076024 0.5782620614035088 0.013426535087719179 0.017132675438596492 
0 0.8975548245614036 0.5742872807017544 0.02119334795321642 0.02768640350877193 
0 0.9013925438596492 0.5701754385964912 0.024570540935672482 0.023300438596491228 
0 0.8739875730994152 0.5459155701754386 0.016078216374268928 0.02617872807017544 
0 0.8823921783625731 0.5482456140350878 0.016076388888888935 0.027138157894736843 
0 0.881843932748538 0.537828947368421 0.020551900584795328 0.02398574561403509 
0 0.8970065789473685 0.5596217105263158 0.015804093567251383 0.012335526315789474 
0 0.8947240497076024 0.5431743421052632 0.023201754385964918 0.020148026315789474 
0 0.9006633771929825 0.5405701754385965 0.019274488304093448 0.021518640350877194 
0 0.9025822368421054 0.5328947368421053 0.021008771929824567 0.022478070175438597 
0 0.9161933479532164 0.536047149122807 0.019364035087719306 0.02617872807017544 
0 0.9203033625730993 0.5540021929824561 0.022196637426900593 0.022478070175438597 
0 0.9350091374269006 0.5550986842105263 0.018634868421052678 0.019462719298245616 
0 0.9200292397660818 0.5330317982456141 0.022836257309941526 0.026726973684210526 
0 0.9356487573099415 0.5356359649122807 0.018634868421052678 0.027138157894736843 
0 0.9373848684210526 0.5302905701754386 0.016441885964912327 0.022478070175438597 
0 0.9527302631578948 0.5394736842105263 0.009409722222222182 0.023026315789473683 
0 0.9563998538011697 0.5149396929824561 0.02091739766081872 0.02275219298245614 
0 0.9677266081871344 0.5169956140350878 0.018269371345029286 0.015076754385964912 
0 0.9593220029239766 0.5313870614035088 0.02165021929824566 0.020970394736842105 
0 0.8097532894736843 0.5597587719298246 0.015802266081871224 0.021655701754385966 
0 0.8192525584795322 0.5609923245614035 0.020003654970760242 0.023711622807017545 
0 0.8277467105263159 0.557702850877193 0.017172880116958944 0.019736842105263157 
0 0.8308534356725147 0.551672149122807 0.021557017543859656 0.023711622807017545 
0 0.8415405701754386 0.5522203947368421 0.014705774853801217 0.01836622807017544 
0 0.8366081871345029 0.5433114035087719 0.023841374269005854 0.01918859649122807 
0 0.7870888157894737 0.5220668859649122 0.0239327485380117 0.01644736842105263 
0 0.8053581871345029 0.5228892543859649 0.0127887426900584 0.025904605263157895 
0 0.8393238304093567 0.41091008771929827 0.01662646198830418 0.013157894736842105 
0 0.6732602339181286 0.3053728070175439 0.024113669590643323 0.009046052631578948 
0 0.06731907894736842 0.6869517543859649 0.02009502923976608 0.022203947368421052 
0 0.08156798245614034 0.6973684210526315 0.008770102339181289 0.01864035087719298 
0 0.0874141081871345 0.6847587719298246 0.01333698830409356 0.03262061403508772 
0 0.0958187134502924 0.6779057017543859 0.01443165204678361 0.027412280701754384 
0 0.10038559941520467 0.6833881578947368 0.016076388888888894 0.031524122807017545 
0 0.10056834795321637 0.7023026315789473 0.01717288011695907 0.03837719298245614 
0 0.11810672514619883 0.7124451754385965 0.01772112573099416 0.02275219298245614 
0 0.11244334795321637 0.6798245614035088 0.025027412280701763 0.023300438596491228 
0 0.14935124269005848 0.5046600877192983 0.012423245614035091 0.019462719298245616 
0 0.15848684210526315 0.5093201754385965 0.008585526315789477 0.018914473684210526 
0 0.15446637426900586 0.4876644736842105 0.012788742690058483 0.012883771929824562 
0 0.17090826023391814 0.47944078947368424 0.005663377192982458 0.01425438596491228 
0 0.19027412280701755 0.4564144736842105 0.00602887426900585 0.011239035087719298 
0 0.0505171783625731 0.5172697368421053 0.010595760233918132 0.018914473684210526 
0 0.055815058479532165 0.48163377192982454 0.011326754385964906 0.01617324561403509 
0 0.38474415204678364 0.6233854166666667 0.01781798245614035 0.020690789473684214 
0 0.38437865497076024 0.6327028508771929 0.020833333333333332 0.022198464912280707 
0 0.3878508771929825 0.6417461622807018 0.018914473684210526 0.019320175438596498 
0 0.4057766812865497 0.6259100877192982 0.012107090643274854 0.010139802631578888 
0 0.41066520467836254 0.6348163377192982 0.01160453216374269 0.011990131578947433 
0 0.05610380116959064 0.07592105263157894 0.015533625730994151 0.011507675438596496 
0 0.1070906432748538 0.08797697368421052 0.008770102339181289 0.008086622807017545 
0 0.6471673976608188 0.4510087719298246 0.013706140350877192 0.008358004385964915 
0 0.7061366959064328 0.45106359649122807 0.012975146198830409 0.009865679824561406 
0 0.7151370614035087 0.45476151315789476 0.0066703216374269 0.0078125 
0 0.40909539473684214 0.5759813596491228 0.00712719298245614 0.023226425438596498 
0 0.41348135964912286 0.5761184210526316 0.013249269005847953 0.020896381578947375 
0 0.07157529239766082 0.6785745614035088 0.02677266081871344 0.01466008771929825 
0 0.2291045321637427 0.7316940789473684 0.028598318713450293 0.014799890350877257 
0 0.23257675438596492 0.7440268640350878 0.01882127192982456 0.030967653508771877 
0 0.6593512426900584 0.5813322368421052 0.015350877192982455 0.016853070175438602 
