0 0.046052631578947366 0.6537828947368421 0.015350877192982455 0.03289473684210526 
0 0.27284356725146197 0.6461074561403509 0.019919590643274854 0.015350877192982455 
0 0.71875 0.6488486842105263 0.012244152046783625 0.01918859649122807 
0 0.14071637426900585 0.5978618421052632 0.00804093567251462 0.027960526315789474 
0 0.23994883040935672 0.6304824561403509 0.010782163742690058 0.02055921052631579 
0 0.8452119883040936 0.5783991228070176 0.021564327485380116 0.025219298245614034 
0 0.1206140350877193 0.6112938596491229 0.00932017543859649 0.02055921052631579 
0 0.08790204678362573 0.6861293859649122 0.012609649122807017 0.027960526315789474 
0 0.1286549707602339 0.6365131578947368 0.01114766081871345 0.02631578947368421 
0 0.5416666666666666 0.6759868421052632 0.019554093567251463 0.023026315789473683 
0 0.3159722222222222 0.6743421052631579 0.02266081871345029 0.029605263157894735 
0 0.533077485380117 0.6973684210526315 0.02320906432748538 0.01425438596491228 
0 0.1023391812865497 0.5945723684210527 0.01425438596491228 0.029605263157894735 
0 0.6416301169590644 0.5890899122807017 0.020833333333333332 0.019736842105263157 
0 0.7510964912280702 0.5570175438596491 0.014071637426900584 0.027412280701754384 
0 0.49396929824561403 0.5942982456140351 0.014802631578947368 0.021107456140350877 
0 0.3364400584795322 0.5712719298245614 0.01644736842105263 0.023848684210526317 
0 0.28618421052631576 0.4805372807017544 0.007675438596491228 0.01644736842105263 
0 0.09978070175438597 0.6806469298245614 0.017361111111111112 0.031524122807017545 
0 0.8629385964912281 0.5794956140350878 0.017909356725146198 0.02275219298245614 
0 0.19024122807017543 0.5679824561403509 0.010964912280701754 0.023026315789473683 
0 0.7922149122807017 0.6504934210526315 0.009685672514619883 0.019462719298245616 
0 0.564875730994152 0.6721491228070176 0.023757309941520467 0.027960526315789474 
0 0.9088084795321637 0.6047149122807017 0.014071637426900584 0.02987938596491228 
0 0.8068347953216374 0.6419956140350878 0.02138157894736842 0.021929824561403508 
0 0.36330409356725146 0.5789473684210527 0.009868421052631578 0.02549342105263158 
0 0.10800438596491228 0.6318530701754386 0.016264619883040937 0.014802631578947368 
0 0.37372076023391815 0.6595394736842105 0.011513157894736841 0.03262061403508772 
0 0.3673245614035088 0.6773574561403509 0.014071637426900584 0.02631578947368421 
0 0.6211622807017544 0.6167763157894737 0.013706140350877192 0.021107456140350877 
0 0.5467836257309941 0.596765350877193 0.01114766081871345 0.0268640350877193 
0 0.17982456140350878 0.5709978070175439 0.012426900584795321 0.01864035087719298 
0 0.7914839181286549 0.6148574561403509 0.014071637426900584 0.023026315789473683 
0 0.24744152046783627 0.6650219298245614 0.020833333333333332 0.030153508771929825 
0 0.22697368421052633 0.5877192982456141 0.014437134502923976 0.017269736842105265 
0 0.9226973684210527 0.6126644736842105 0.023940058479532164 0.018092105263157895 
0 0.13596491228070176 0.637609649122807 0.011878654970760233 0.02987938596491228 
0 0.6346856725146199 0.44956140350877194 0.018457602339181287 0.014802631578947368 
0 0.5941154970760234 0.6559758771929824 0.012792397660818713 0.027960526315789474 
0 0.3744517543859649 0.5592105263157895 0.010051169590643274 0.02412280701754386 
0 0.24433479532163743 0.6000548245614035 0.015716374269005847 0.01836622807017544 
0 0.23464912280701755 0.6483004385964912 0.012244152046783625 0.032072368421052634 
0 0.8746345029239766 0.6030701754385965 0.017361111111111112 0.023574561403508772 
0 0.506578947368421 0.6260964912280702 0.008771929824561403 0.02631578947368421 
0 0.34868421052631576 0.6603618421052632 0.01918859649122807 0.019462719298245616 
0 0.27923976608187134 0.6277412280701754 0.017361111111111112 0.01836622807017544 
0 0.8565423976608187 0.6343201754385965 0.012426900584795321 0.028782894736842105 
0 0.23410087719298245 0.7557565789473685 0.02046783625730994 0.03453947368421053 
0 0.8192616959064327 0.6861293859649122 0.02448830409356725 0.013706140350877192 
0 0.6081871345029239 0.5858004385964912 0.012975146198830409 0.022478070175438597 
0 0.49415204678362573 0.7020285087719298 0.017909356725146198 0.02768640350877193 
0 0.7642543859649122 0.5696271929824561 0.012792397660818713 0.021655701754385966 
0 0.2604166666666667 0.606359649122807 0.012975146198830409 0.024945175438596492 
0 0.5868055555555556 0.633327850877193 0.010964912280701754 0.03416118421052629 
0 0.7129020467836257 0.6321271929824561 0.020285087719298246 0.01699561403508772 
0 0.46235380116959063 0.6781030701754386 0.014300073099415205 0.031036184210526386 
0 0.20431286549707603 0.6598135964912281 0.019005847953216373 0.02055921052631579 
0 0.37262426900584794 0.5923793859649122 0.012426900584795321 0.018092105263157895 
0 0.33826754385964913 0.5942982456140351 0.01644736842105263 0.0200109649122807 
0 0.6708698830409356 0.6644736842105263 0.01206140350877193 0.024396929824561403 
0 0.31377923976608185 0.5635964912280702 0.010416666666666666 0.023300438596491228 
0 0.4793494152046784 0.6359649122807017 0.009685672514619883 0.03125 
0 0.660453216374269 0.59375 0.017786915204678348 0.01881030701754383 
0 0.685672514619883 0.6148574561403509 0.008954678362573099 0.02408717105263155 
0 0.5864400584795322 0.5734649122807017 0.014437134502923976 0.017543859649122806 
0 0.19444444444444445 0.5881112938596491 0.01608187134502924 0.014958881578947413 
0 0.7494517543859649 0.43338815789473684 0.01516812865497076 0.01864035087719298 
0 0.6438230994152047 0.6192434210526315 0.011513157894736841 0.03179824561403509 
0 0.7832602339181286 0.6754385964912281 0.017361111111111112 0.02768640350877193 
0 0.47857273391812866 0.7086074561403509 0.019097222222222224 0.02768640350877193 
0 0.9164839181286549 0.5649671052631579 0.01882309941520468 0.014802631578947368 
0 0.535453216374269 0.6118421052631579 0.013523391812865496 0.019736842105263157 
0 0.38103070175438597 0.6543311403508771 0.009137426900584795 0.033717105263157895 
0 0.6145833333333334 0.6085526315789473 0.011878654970760233 0.01918859649122807 
0 0.23355263157894737 0.5753837719298246 0.019919590643274854 0.013157894736842105 
0 0.9236111111111112 0.5583881578947368 0.0222953216374269 0.019736842105263157 
0 0.7291666666666666 0.7020285087719298 0.027777777777777776 0.025767543859649123 
0 0.841374269005848 0.5463267543859649 0.021198830409356724 0.02055921052631579 
0 0.24926900584795322 0.6422697368421053 0.013523391812865496 0.018092105263157895 
0 0.46875 0.6162280701754386 0.021564327485380116 0.01918859649122807 
0 0.2538377192982456 0.5646929824561403 0.015716374269005847 0.02138157894736842 
0 0.1372441520467836 0.5773026315789473 0.015716374269005847 0.02055921052631579 
0 0.2860014619883041 0.678453947368421 0.013888888888888888 0.03508771929824561 
0 0.6979166666666666 0.6011513157894737 0.012792397660818713 0.021107456140350877 
0 0.49141081871345027 0.6129385964912281 0.007492690058479532 0.023848684210526317 
0 0.8934576023391813 0.6099232456140351 0.017909356725146198 0.01699561403508772 
0 0.4046966374269006 0.6831140350877193 0.017635233918128657 0.04335800438596493 
0 0.48830409356725146 0.6348684210526315 0.01114766081871345 0.028782894736842105 
0 0.2591374269005848 0.684484649122807 0.017909356725146198 0.02823464912280702 
0 0.1248172514619883 0.621984649122807 0.017543859649122806 0.014528508771929825 
0 0.7194809941520468 0.6680372807017544 0.015533625730994151 0.0268640350877193 
0 0.2498172514619883 0.631578947368421 0.017178362573099414 0.01343201754385965 
0 0.24798976608187134 0.5635964912280702 0.010599415204678362 0.019462719298245616 
0 0.4857456140350877 0.5896381578947368 0.013706140350877192 0.023848684210526317 
0 0.8850511695906432 0.6302083333333334 0.01882309941520468 0.029331140350877194 
0 0.2916666666666667 0.575109649122807 0.014802631578947368 0.022478070175438597 
0 0.5021929824561403 0.6000548245614035 0.011513157894736841 0.02768640350877193 
0 0.24396929824561403 0.7568530701754386 0.02046783625730994 0.03262061403508772 
0 0.12682748538011696 0.6115679824561403 0.013523391812865496 0.01617324561403509 
0 0.44298245614035087 0.6576206140350878 0.016264619883040937 0.033774671052631586 
0 0.12372076023391813 0.5836074561403509 0.01023391812865497 0.022478070175438597 
0 0.827485380116959 0.6337719298245614 0.013706140350877192 0.023026315789473683 
0 0.3134137426900585 0.5896381578947368 0.01114766081871345 0.029331140350877194 
0 0.671235380116959 0.6875 0.017178362573099414 0.02987938596491228 
0 0.241593567251462 0.5838815789473685 0.019736842105263157 0.02138157894736842 
0 0.20851608187134502 0.5654934210526316 0.00712719298245614 0.021677631578947348 
0 0.27485380116959063 0.5625 0.01023391812865497 0.021929824561403508 
0 0.4639985380116959 0.6266447368421053 0.011513157894736841 0.026589912280701754 
0 0.20851608187134502 0.6395285087719298 0.014071637426900584 0.02768640350877193 
0 0.7414108187134503 0.6781798245614035 0.013523391812865496 0.03344298245614035 
0 0.3885233918128655 0.5600328947368421 0.010599415204678362 0.020285087719298246 
0 0.22112573099415206 0.6450109649122807 0.01882309941520468 0.01617324561403509 
0 0.5158991228070176 0.6041666666666666 0.01023391812865497 0.024396929824561403 
0 0.4190423976608187 0.7047697368421053 0.017543859649122806 0.029605263157894735 
0 0.35453216374269003 0.5877192982456141 0.010416666666666666 0.02275219298245614 
0 0.370796783625731 0.5836074561403509 0.017726608187134504 0.013706140350877192 
0 0.3825840643274854 0.6540570175438597 0.018914473684210526 0.04507127192982458 
0 0.47094298245614036 0.631578947368421 0.009685672514619883 0.02987938596491228 
0 0.31377923976608185 0.5619517543859649 0.008406432748538011 0.018092105263157895 
0 0.042209429824561405 0.640578399122807 0.02421052631578947 0.024065241228070165 
0 0.05974597953216374 0.6372395833333333 0.019362207602339178 0.03074287280701757 
0 0.061670321637426896 0.6222176535087719 0.013883406432748543 0.02110197368421053 
0 0.07171783625730994 0.6153673245614035 0.01735380116959064 0.02411458333333328 
0 0.07619334795321638 0.6097478070175439 0.015071271929824557 0.02233552631578948 
0 0.06971308479532164 0.6863541666666667 0.018815789473684206 0.019046052631578953 
0 0.07181469298245614 0.6771737938596492 0.02566520467836256 0.014934210526315795 
0 0.08286549707602339 0.6862171052631579 0.006849415204678366 0.02699287280701749 
0 0.11274488304093568 0.677998903508772 0.026304824561403498 0.023977521929824507 
0 0.10232821637426902 0.7015707236842105 0.01351790935672513 0.03206414473684217 
0 0.10890533625730993 0.6967763157894737 0.018996710526315796 0.03452850877192983 
0 0.11648574561403509 0.7125328947368421 0.020458698830409364 0.020827850877192987 
0 0.0931999269005848 0.5876699561403509 0.019729532163742697 0.02795230263157889 
0 0.11165021929824562 0.5975356359649122 0.011507675438596475 0.023703399122807087 
0 0.11603435672514621 0.6008251096491228 0.014247076023391798 0.016441885964912285 
0 0.1162171052631579 0.5799972587719298 0.01178179824561402 0.020005482456140356 
0 0.11165021929824562 0.6168612938596492 0.009956140350877175 0.015619517543859655 
0 0.12991776315789474 0.5972669956140351 0.012147295321637433 0.020827850877192987 
0 0.13393640350877192 0.5857565789473684 0.012330043859649129 0.01808662280701755 
0 0.1337609649122807 0.5646491228070176 0.02484283625730993 0.01973135964912281 
0 0.1487390350877193 0.5709539473684211 0.01068713450292398 0.019457236842105267 
0 0.15787280701754386 0.5701315789473684 0.010868055555555561 0.023703399122806963 
0 0.14800986842105263 0.592469846491228 0.009133771929824565 0.023843201754385968 
0 0.156047149122807 0.5989089912280702 0.012786915204678367 0.020416666666666673 
0 0.15386695906432749 0.5900959429824562 0.0069407894736842135 0.011510416666666606 
0 0.15948464912280702 0.5935910087719298 0.010456871345029223 0.017332785087719304 
0 0.14764619883040936 0.6137088815789473 0.017262426900584802 0.011236293859649188 
0 0.14280519005847953 0.619873903508772 0.01981907894736843 0.017264254385964916 
0 0.1201498538011696 0.6334429824561404 0.01132492690058478 0.027266995614035033 
0 0.1484703947368421 0.6270065789473684 0.014797149122807022 0.0202796052631579 
0 0.14490862573099417 0.643311403508772 0.018907163742690046 0.01452576754385959 
0 0.1544078947368421 0.6327604166666666 0.02402046783625732 0.014662828947368485 
0 0.14441337719298247 0.6500328947368421 0.01711805555555555 0.018182565789473665 
0 0.15226790935672516 0.6437554824561403 0.01607456140350876 0.02781524122807012 
0 0.16025950292397662 0.6426617324561403 0.01566337719298244 0.03219846491228071 
0 0.17305372807017544 0.6466365131578947 0.011005116959064311 0.0322669956140351 
0 0.15788194444444442 0.6708634868421053 0.010685307017543865 0.024251644736842173 
0 0.16418859649122808 0.5800000000000001 0.010776681286549692 0.016441885964912285 
0 0.16802448830409356 0.5610910087719297 0.009862938596491233 0.019183114035087788 
0 0.157702850877193 0.5542379385964912 0.01963815789473683 0.018086622807017613 
0 0.17551352339181286 0.5546491228070175 0.010776681286549713 0.016033442982456143 
0 0.17761513157894737 0.5547861842105263 0.022558479532163733 0.02082785087719305 
0 0.17438230994152049 0.5836540570175439 0.012421418128654976 0.009043311403508713 
0 0.16703033625730995 0.5787225877192982 0.016485745614035093 0.022401315789473755 
0 0.16940423976608188 0.5918064692982455 0.016577119883040944 0.012949561403508838 
0 0.16876461988304095 0.6018146929824562 0.00895102339181287 0.016784539473684214 
0 0.17433479532163743 0.6035964912280702 0.008084795321637429 0.014797149122807022 
0 0.1818311403508772 0.6013377192982455 0.010685307017543865 0.026239035087719367 
0 0.17543494152046785 0.6163404605263157 0.012196637426900586 0.03035910087719298 
0 0.16154788011695906 0.6155235745614035 0.018587353801169597 0.01493695175438603 
0 0.163375365497076 0.6253207236842105 0.01374634502923977 0.012058662280701694 
0 0.1875840643274854 0.5536896929824561 0.020001827485380125 0.018360745614035154 
0 0.20028874269005847 0.5551480263157895 0.014934210526315795 0.01596217105263152 
0 0.20010599415204677 0.5693969298245614 0.010275950292397664 0.02151315789473685 
0 0.21289290935672514 0.571658442982456 0.009499269005847957 0.02096491228070176 
0 0.2155482456140351 0.5519928728070176 0.013563596491228075 0.020485197368421058 
0 0.1988066520467836 0.5462116228070175 0.018336988304093593 0.010723684210526349 
0 0.20581323099415205 0.5900959429824562 0.007856359649122808 0.019183114035087726 
0 0.18608552631578948 0.5896847587719298 0.011736111111111116 0.016650219298245554 
0 0.19110928362573099 0.6042790570175438 0.008629385964912285 0.025148026315789537 
0 0.19736293859649123 0.6020230263157894 0.00963633040935673 0.022264254385964983 
0 0.1993731725146199 0.6107922149122808 0.015434941520467843 0.020553728070175442 
0 0.20101608187134504 0.6020230263157894 0.009499269005847957 0.011578947368421117 
0 0.20526315789473684 0.6139446271929825 0.014842836257309946 0.02103070175438591 
0 0.20924159356725147 0.6047587719298245 0.01023026315789474 0.006510416666666667 
0 0.21189144736842105 0.5901672149122806 0.011644736842105268 0.015208333333333338 
0 0.21568165204678363 0.6001014254385965 0.010730994152046789 0.007124451754385905 
0 0.2138998538011696 0.6067461622807017 0.018404605263157903 0.01390899122807024 
0 0.21847222222222223 0.585641447368421 0.012512792397660824 0.023771929824561347 
0 0.2247295321637427 0.5686513157894737 0.013198099415204683 0.023634868421052578 
0 0.2201608187134503 0.5650849780701754 0.005846125730994154 0.017675438596491233 
0 0.22267726608187136 0.5463760964912281 0.024066154970760242 0.018771929824561346 
0 0.227609649122807 0.5654906798245614 0.019088084795321647 0.01240131578947375 
0 0.23199378654970762 0.5529550438596491 0.018813961988304102 0.011439144736842047 
0 0.22518823099415206 0.5593941885964913 0.0078088450292397695 0.009111842105263099 
0 0.23249451754385966 0.5608333333333334 0.016304824561403513 0.01431743421052632 
0 0.2396673976608187 0.5859155701754386 0.009864766081871349 0.015619517543859655 
0 0.23016081871345032 0.6000027412280702 0.01872441520467837 0.01356633771929831 
0 0.18155701754385964 0.6298848684210526 0.012969663742690063 0.029459978070175384 
0 0.18466191520467837 0.6352302631578948 0.0097733918128655 0.030282346491228015 
0 0.18813230994152047 0.6324890350877194 0.01607456140350878 0.024799890350877138 
0 0.19352156432748538 0.6271463815789473 0.006483918128654974 0.01466008771929825 
0 0.18868055555555557 0.6246792763157895 0.0064857456140350895 0.006850328947368486 
0 0.20238121345029242 0.6300219298245614 0.019179459064327494 0.014662828947368362 
0 0.19160270467836257 0.6490679824561404 0.01315241228070176 0.025487938596491233 
0 0.2010105994152047 0.6370120614035089 0.011052631578947371 0.03452850877192983 
0 0.21819809941520468 0.6186732456140351 0.01223866959064328 0.02665021929824556 
0 0.22427448830409358 0.6126452850877192 0.01538925438596492 0.013906250000000005 
0 0.23212902046783626 0.6187417763157895 0.011098318713450296 0.02247258771929825 
0 0.22331505847953217 0.6259347587719298 0.011964546783625737 0.021581688596491233 
0 0.21500182748538013 0.6445065789473684 0.019820906432748545 0.0163733552631579 
0 0.21800986842105263 0.6638733552631578 0.01050255847953217 0.02164747807017551 
0 0.22677814327485382 0.6541447368421053 0.011050804093567257 0.03261239035087714 
0 0.2415734649122807 0.6478426535087719 0.014705774853801134 0.03685855263157896 
0 0.24815058479532165 0.6579824561403509 0.017079678362573066 0.02096491228070176 
0 0.21316154970760234 0.680734649122807 0.015254020467836263 0.035487938596491235 
0 0.20457602339181288 0.6904632675438597 0.009042397660818716 0.027815241228070244 
0 0.19498720760233917 0.6864884868421053 0.012969663742690063 0.035350877192982466 
0 0.23043859649122808 0.7317242324561404 0.028315058479532175 0.01425164473684217 
0 0.2243201754385965 0.7365213815789473 0.022923976608187145 0.025896381578947438 
0 0.25983735380116957 0.5857949561403509 0.009407894736842108 0.02699287280701749 
0 0.24910270467836257 0.6114172149122806 0.014661915204678366 0.019457236842105267 
0 0.23669590643274854 0.6146463815789474 0.014705774853801175 0.030624999999999944 
0 0.25244152046783624 0.5497478070175439 0.013881578947368427 0.015756578947368427 
0 0.2636750730994152 0.5518037280701754 0.009499269005847957 0.018634868421052636 
0 0.26842470760233916 0.5452247807017544 0.013974780701754392 0.029459978070175384 
0 0.2692470760233918 0.5718092105263158 0.012055921052631584 0.019728618421052578 
0 0.2778326023391813 0.5515296052631579 0.010776681286549713 0.011507675438596496 
0 0.26812682748538014 0.5881962719298245 0.006714181286549709 0.024802631578947375 
0 0.2725109649122807 0.5905263157894737 0.009910453216374272 0.026513157894736912 
0 0.27328764619883045 0.593610197368421 0.018084795321637433 0.02856907894736849 
0 0.27573830409356725 0.6120997807017544 0.010593932748538017 0.02247258771929825 
0 0.28578581871345027 0.6073053728070175 0.008220029239766086 0.02164747807017551 
0 0.269343932748538 0.6184046052631579 0.008128654970760237 0.012604166666666672 
0 0.261140350877193 0.6288322368421053 0.018996710526315796 0.016099232456140356 
0 0.27753472222222225 0.6258854166666666 0.0037445175438596506 0.007398574561403449 
0 0.2598464912280702 0.6404742324561403 0.020367324561403475 0.014797149122807022 
0 0.26323830409356724 0.6478865131578947 0.010641447368421056 0.027678179824561472 
0 0.27123355263157894 0.6650191885964911 0.016622807017543866 0.013220942982456145 
0 0.26834429824561407 0.6807702850877192 0.017079678362573066 0.02014254385964913 
0 0.2704605263157895 0.6725548245614035 0.022741228070175448 0.020211074561403513 
0 0.2985800438596491 0.6802220394736842 0.01452302631578948 0.017127192982456144 
0 0.273156067251462 0.6531606359649123 0.017445175438596496 0.013634868421052571 
0 0.28663194444444445 0.6619325657894737 0.018585526315789483 0.01959429824561404 
0 0.28457602339181287 0.6402768640350878 0.013974780701754392 0.030150767543859588 
0 0.2958625730994152 0.6457593201754386 0.014749634502923983 0.017949561403508778 
0 0.2992891081871345 0.6624808114035088 0.020824195906432755 0.02226699561403509 
0 0.3130244883040936 0.6662417763157894 0.00885964912280702 0.02959703947368428 
0 0.3177741228070175 0.6559649122807018 0.01598318713450293 0.03219846491228071 
0 0.2989236111111111 0.6485718201754386 0.01972770467836258 0.030008223684210595 
0 0.2965771198830409 0.6126562499999999 0.0097733918128655 0.027815241228070244 
0 0.30123538011695905 0.6118338815789474 0.018633040935672522 0.022743969298245684 
0 0.2986787280701754 0.6311540570175438 0.01817616959064328 0.014111842105263162 
0 0.31484466374269005 0.6192324561403509 0.007854532163742694 0.01959429824561404 
0 0.3103691520467836 0.6327987938596491 0.020824195906432755 0.021921600877193054 
0 0.2954824561403509 0.6426617324561403 0.013972953216374234 0.019046052631578953 
0 0.29274122807017544 0.6010087719298246 0.008220029239766044 0.02658168859649117 
0 0.3004130116959064 0.600186403508772 0.011509502923976612 0.021924342105263162 
0 0.30753837719298244 0.5963514254385964 0.010685307017543865 0.02384046052631586 
0 0.29319627192982456 0.5909978070175439 0.014155701754385972 0.01178179824561404 
0 0.28050073099415207 0.5794873903508772 0.012421418128654934 0.02096491228070176 
0 0.2830573830409357 0.5715405701754386 0.014248903508771893 0.01178179824561404 
0 0.2920084064327485 0.5716776315789474 0.008585526315789477 0.01959429824561404 
0 0.3040643274853801 0.5744161184210526 0.009590643274853804 0.020416666666666673 
0 0.3089053362573099 0.5792132675438596 0.0210983187134503 0.01808662280701755 
0 0.2842415935672514 0.551389802631579 0.011690423976608192 0.0219243421052631 
0 0.2930098684210526 0.5491968201754386 0.009862938596491233 0.023157894736842047 
0 0.29995065789473685 0.5470065789473684 0.013426535087719304 0.011370614035087724 
0 0.30113852339181285 0.5553645833333334 0.01178179824561404 0.020962171052631585 
0 0.3085361842105263 0.5557757675438597 0.010047514619883045 0.02205866228070176 
0 0.32088084795321636 0.5678371710526315 0.009042397660818716 0.015208333333333338 
0 0.3282803362573099 0.5694819078947367 0.012604166666666672 0.020688048245614106 
0 0.32362207602339177 0.5513952850877193 0.011507675438596496 0.018771929824561346 
0 0.33412463450292396 0.5596162280701754 0.00895102339181287 0.01808662280701755 
0 0.33659173976608187 0.5574232456140351 0.008585526315789477 0.015208333333333338 
0 0.3253563596491228 0.5860608552631579 0.011235380116959067 0.023703399122807087 
0 0.3216118421052631 0.5938706140350878 0.009499269005847957 0.02493695175438591 
0 0.33789290935672517 0.5499561403508771 0.011918859649122811 0.021099232456140357 
0 0.3472861842105263 0.5482373903508772 0.016622807017543866 0.022061403508771872 
0 0.3471034356725146 0.5700246710526315 0.0120577485380117 0.03000548245614036 
0 0.3502101608187134 0.5537198464912281 0.01470394736842106 0.018634868421052574 
0 0.3626315789473684 0.5456359649122807 0.014703947368421101 0.019591557017543806 
0 0.3633625730994152 0.5516639254385965 0.015252192982456189 0.015345394736842047 
0 0.3569682017543859 0.5648163377192982 0.019181286549707608 0.011373355263157959 
0 0.3830062134502924 0.5555016447368422 0.007763157894736845 0.020690789473684152 
0 0.3545084064327485 0.5749588815789474 0.010504385964912284 0.01877192982456141 
0 0.364921418128655 0.5753700657894736 0.012604166666666713 0.012055921052631584 
0 0.384375 0.5753700657894736 0.01653326023391809 0.01534539473684211 
0 0.38894188596491225 0.5445394736842105 0.018998538011695914 0.013840460526315792 
0 0.39140899122807016 0.5546792763157895 0.02310672514619884 0.017949561403508715 
0 0.38877010233918124 0.5881167763157894 0.013061038011695954 0.0202796052631579 
0 0.363921783625731 0.5990844298245614 0.017445175438596496 0.017127192982456144 
0 0.34748172514619885 0.6045641447368421 0.01470394736842106 0.0237061403508772 
0 0.33652046783625733 0.6175822368421052 0.015162646198830414 0.021376096491228076 
0 0.3451059941520468 0.6152521929824561 0.013609283625731 0.019320175438596498 
0 0.33122258771929824 0.6114172149122806 0.014888523391812871 0.020962171052631647 
0 0.32336988304093567 0.6267626096491228 0.014155701754385972 0.030370065789473676 
0 0.3184375 0.639248903508772 0.008494152046783629 0.02795230263157889 
0 0.32962719298245613 0.6468558114035088 0.009046052631578948 0.026554276315789445 
0 0.3371637426900585 0.6549451754385964 0.014795321637426907 0.02294956140350884 
0 0.3265679824561403 0.6711705043859648 0.01917397660818715 0.03865679824561403 
0 0.333828581871345 0.6771491228070174 0.01767361111111112 0.027266995614035158 
0 0.3488998538011696 0.682217653508772 0.020001827485380125 0.024320175438596436 
0 0.350031067251462 0.6711759868421052 0.021737938596491237 0.03384594298245621 
0 0.35790570175438596 0.6528179824561403 0.01790204678362574 0.025145285087719304 
0 0.33368238304093567 0.635 0.010047514619883045 0.021376096491228076 
0 0.33742690058479535 0.6345888157894737 0.02192068713450289 0.016990131578947375 
0 0.34372989766081874 0.6360964912280702 0.017719298245614 0.025074013157894683 
0 0.34765716374269007 0.6378782894736842 0.021281067251461956 0.02411458333333328 
0 0.3589583333333333 0.6097121710526315 0.01922697368421049 0.012058662280701694 
0 0.3695906432748538 0.6155290570175438 0.015802266081871307 0.02247258771929825 
0 0.3567123538011696 0.6167626096491228 0.017719298245614 0.01877192982456141 
0 0.36082236842105264 0.6337527412280701 0.016076388888888852 0.025759320175438666 
0 0.38046052631578947 0.6116940789473684 0.014795321637426907 0.009317434210526256 
0 0.3963815789473684 0.5800383771929825 0.01493969298245614 0.01877192982456141 
0 0.40355445906432746 0.5718146929824561 0.012198464912280702 0.022198464912280707 
0 0.41118421052631576 0.5742817982456141 0.007309941520467836 0.024734100877192987 
0 0.41502192982456143 0.5616748903508771 0.010416666666666666 0.015896381578947433 
0 0.4130573830409357 0.5751041666666666 0.014756944444444444 0.021376096491228076 
0 0.4241593567251462 0.5620860745614035 0.010553728070175438 0.021924342105263162 
0 0.43146929824561403 0.5654440789473684 0.010964912280701754 0.02267817982456141 
0 0.4397843567251462 0.5614007675438597 0.012975146198830409 0.017815241228070176 
0 0.43859649122807015 0.5782565789473684 0.01137609649122807 0.01466008771929825 
0 0.4269005847953216 0.5886705043859649 0.008132309941520468 0.03226973684210533 
0 0.4197733918128655 0.582297149122807 0.014163011695906433 0.025967653508771935 
0 0.3793859649122807 0.5900411184210526 0.0100968567251462 0.02281524122807018 
0 0.38651315789473684 0.5979194078947369 0.013112207602339181 0.017264254385964916 
0 0.3963815789473684 0.5927110745614035 0.013249269005847953 0.016444627192982397 
0 0.4041940789473684 0.596891447368421 0.011467470760233918 0.008632127192982396 
0 0.4152046783625731 0.5973711622807018 0.01425438596491228 0.03144736842105258 
0 0.385233918128655 0.6112856359649123 0.023620248538011698 0.019046052631578953 
0 0.3751827485380117 0.6282072368421052 0.015579312865497076 0.02199287280701755 
0 0.3871527777777778 0.6212198464912281 0.0201937134502924 0.02267817982456141 
0 0.40720942982456143 0.6045696271929824 0.01251827485380117 0.01425164473684217 
0 0.4051991959064328 0.6154632675438596 0.014437134502923976 0.016239035087719237 
0 0.40876279239766083 0.6239610745614035 0.011421783625730994 0.012535635964912285 
0 0.4184484649122807 0.6197121710526315 0.006853070175438596 0.01740131578947369 
0 0.4051078216374269 0.6297834429824561 0.011467470760233918 0.019046052631578953 
0 0.4112755847953216 0.6341694078947367 0.013112207602339181 0.012261513157894742 
0 0.3738578216374269 0.6411622807017544 0.013706140350877192 0.020827850877192987 
0 0.3845486111111111 0.6333525219298245 0.021701388888888888 0.02247258771929825 
0 0.3897569444444444 0.6410252192982456 0.019325657894736843 0.021581688596491233 
0 0.3984831871345029 0.6448629385964912 0.02412280701754386 0.024662828947368366 
0 0.4453125 0.5654440789473684 0.009777046783625731 0.017264254385964916 
0 0.44640899122807015 0.5751041666666666 0.012152777777777778 0.026858552631578953 
0 0.4546326754385965 0.5760635964912281 0.015533625730994151 0.02850054824561398 
0 0.4602065058479532 0.5829824561403508 0.017498172514619884 0.016924342105263224 
0 0.4595668859649123 0.5904523026315789 0.015899122807017545 0.019662828947368427 
0 0.46952668128654973 0.5870257675438596 0.015442251461988304 0.022746710526315793 
0 0.4793494152046784 0.5879166666666666 0.013569078947368422 0.02226699561403509 
0 0.4481451023391813 0.5998382675438596 0.00941154970760234 0.013769188596491233 
0 0.43928179824561403 0.589766995614035 0.011741593567251463 0.025827850877193054 
0 0.43343384502923976 0.5872313596491228 0.008315058479532164 0.025416666666666737 
0 0.45664290935672514 0.6040625 0.008817616959064328 0.021239035087719304 
0 0.46482090643274854 0.6074862938596491 0.007743055555555536 0.014731359649122748 
0 0.4723812134502924 0.6061156798245615 0.008384502923976628 0.015243969298245525 
0 0.48062865497076024 0.6104002192982455 0.011650219298245614 0.026787280701754457 
0 0.4793951023391813 0.6131743421052632 0.008656798245614016 0.011203399122806988 
0 0.4979440789473684 0.630548245614035 0.008954678362573099 0.028432017543859718 
0 0.49556834795321636 0.6177330043859649 0.010255847953216355 0.02589912280701755 
0 0.4825018274853801 0.6055016447368421 0.006006944444444424 0.009523026315789539 
0 0.42283442982456143 0.6148492324561403 0.012198464912280702 0.029734100877193054 
0 0.4310581140350877 0.6314281798245613 0.008223684210526315 0.020759320175438602 
0 0.433890716374269 0.6118338815789474 0.011330409356725146 0.019320175438596498 
0 0.4493329678362573 0.609577850877193 0.009798976608187114 0.023262061403508807 
0 0.44163377192982456 0.6113596491228069 0.009480994152046803 0.029048793859649192 
0 0.45737390350877194 0.6219819078947367 0.012174707602339161 0.02555372807017551 
0 0.4385727339181286 0.6308552631578948 0.006922514619883061 0.030010964912280707 
0 0.44140533625730993 0.6403810307017545 0.013614766081871345 0.028571820175438602 
0 0.4489674707602339 0.6286979166666666 0.010736476608187134 0.01747258771929831 
0 0.44828216374269003 0.6356825657894736 0.011558845029239767 0.03165296052631586 
0 0.45897295321637427 0.646781798245614 0.010188230994152047 0.02493695175438591 
0 0.4689784356725146 0.6541803728070175 0.010599415204678362 0.028020833333333404 
0 0.42475328947368424 0.6425328947368422 0.013157894736842105 0.010071271929824502 
0 0.42105263157894735 0.6460964912280702 0.013112207602339181 0.025282346491228076 
0 0.42804276315789475 0.6514391447368421 0.00941154970760234 0.01665021929824568 
0 0.4353983918128655 0.6515076754385964 0.010188230994152047 0.024117324561403513 
0 0.3929093567251462 0.660967653508772 0.019508406432748537 0.031173245614035033 
0 0.39542214912280704 0.6715186403508772 0.024396929824561403 0.02398026315789474 
0 0.4036458333333333 0.6768667763157895 0.015990497076023392 0.031241776315789418 
0 0.4231085526315789 0.6928344298245614 0.019554093567251463 0.03672149122807018 
0 0.41132127192982454 0.6515871710526315 0.01091922514619883 0.023569078947368427 
0 0.42023026315789475 0.6618640350877193 0.01114766081871345 0.031104714912280645 
0 0.4178545321637427 0.675704495614035 0.009731359649122808 0.02096491228070176 
0 0.4314236111111111 0.6847478070175439 0.015807748538011698 0.03699835526315784 
0 0.4294590643274854 0.6670038377192983 0.007401315789473684 0.027335526315789418 
0 0.43603801169590645 0.672140899122807 0.013843201754385965 0.031241776315789543 
0 0.4445815058479532 0.6681688596491228 0.01667580409356725 0.029048793859649067 
0 0.44627192982456143 0.6931058114035087 0.009959795321637427 0.026515899122807024 
0 0.4548611111111111 0.677828947368421 0.011421783625730994 0.038092105263157906 
0 0.464546783625731 0.6957099780701754 0.012838084795321638 0.02672149122807018 
0 0.4565972222222222 0.6556990131578947 0.014071637426900584 0.02959703947368428 
0 0.45339912280701755 0.7129824561403509 0.019599780701754384 0.026170504385964858 
0 0.4706688596491228 0.6901672149122807 0.01320358187134503 0.0342571271929824 
0 0.4779331140350877 0.6953070175438597 0.01274671052631579 0.02973410087719293 
0 0.4761970029239766 0.6774122807017543 0.011924342105263159 0.021239035087719304 
0 0.4811312134502924 0.6668612938596491 0.01091922514619883 0.023294956140350882 
0 0.47720211988304095 0.661313048245614 0.007035818713450292 0.012881030701754451 
0 0.48656798245614036 0.6567900219298245 0.011056286549707603 0.029871162280701823 
0 0.4874360380116959 0.6665186403508772 0.015350877192982455 0.029117324561403455 
0 0.4901315789473684 0.6750822368421052 0.016858552631578948 0.03453125000000007 
0 0.49300986842105265 0.6955674342105262 0.014756944444444444 0.015279605263157959 
0 0.4973501461988304 0.6558305921052631 0.01000548245614035 0.02178728070175439 
0 0.5028782894736842 0.6397313596491228 0.00849780701754386 0.030213815789473755 
0 0.5060307017543859 0.6693969298245614 0.00826937134502924 0.024320175438596436 
0 0.5093658625730995 0.6487061403508771 0.011010599415204679 0.0298711622807017 
0 0.5072642543859649 0.6761787280701754 0.010873538011695907 0.027335526315789543 
0 0.5123355263157895 0.6963952850877192 0.01896016081871345 0.03158442982456147 
0 0.5166301169590644 0.6869407894736842 0.01516812865497076 0.030967653508771877 
0 0.5176352339181286 0.6773492324561403 0.017315423976608187 0.0343941885964913 
0 0.5321180555555556 0.6750877192982455 0.01493969298245614 0.024802631578947375 
0 0.5253563596491229 0.6744709429824561 0.015213815789473685 0.013840460526315854 
0 0.5159904970760234 0.6537801535087718 0.012609649122807017 0.026310307017543864 
0 0.555827850877193 0.6784375 0.010873538011695907 0.03233826754385959 
0 0.5644170321637426 0.6809046052631579 0.015899122807017545 0.024662828947368366 
0 0.5189144736842105 0.649594298245614 0.017726608187134504 0.026310307017543864 
0 0.5332145467836257 0.6544599780701754 0.013294956140350877 0.023977521929824632 
0 0.530016447368421 0.6310279605263157 0.010188230994152047 0.036584429824561414 
0 0.5215643274853801 0.6284237938596491 0.009137426900584795 0.02863760964912288 
0 0.5121527777777778 0.6197916666666666 0.010279605263157895 0.029597039473684156 
0 0.5242598684210527 0.6188267543859649 0.012381213450292397 0.02452850877192983 
0 0.5389254385964912 0.6240350877192983 0.011741593567251463 0.03233826754385959 
0 0.5376918859649122 0.6305427631578947 0.005665204678362573 0.015211074561403574 
0 0.5293311403508771 0.6139638157894737 0.010736476608187134 0.01856633771929825 
0 0.5436458333333333 0.6386759868421052 0.013249269005847953 0.026652960526315793 
0 0.5441027046783625 0.6577905701754385 0.013157894736842105 0.024117324561403513 
0 0.5512298976608186 0.6638212719298245 0.022203947368421052 0.015208333333333338 
0 0.5545193713450293 0.6422395833333333 0.01069078947368421 0.02247258771929825 
0 0.5620120614035088 0.6347724780701754 0.00941154970760234 0.031241776315789418 
0 0.5713779239766081 0.6458717105263158 0.012472587719298246 0.031241776315789543 
0 0.5476663011695906 0.6218914473684211 0.017178362573099414 0.023569078947368427 
0 0.5659411549707603 0.6322368421052632 0.012792397660818713 0.02130756578947369 
0 0.5534228801169591 0.6217543859649123 0.01804641812865497 0.02007401315789474 
0 0.5019791666666666 0.5814555921052632 0.020833333333333332 0.02363760964912281 
0 0.5112079678362573 0.599750548245614 0.008132309941520468 0.02096491228070176 
0 0.5228125 0.5909128289473684 0.013660453216374269 0.024662828947368366 
0 0.5242744883040935 0.5944736842105263 0.014482821637426901 0.027132675438596498 
0 0.533000730994152 0.5998876096491228 0.011421783625730994 0.016647478070175442 
0 0.5126699561403508 0.5789226973684211 0.013294956140350877 0.014454495614035093 
0 0.5218530701754386 0.575359100877193 0.011558845029239767 0.02500822368421053 
0 0.5281962719298245 0.5763651315789473 0.011717836257309922 0.016510416666666673 
0 0.5387719298245613 0.581469298245614 0.011125730994152067 0.013700657894736847 
0 0.5362445175438596 0.5926891447368421 0.0133406432748538 0.018363486842105203 
0 0.542640716374269 0.5868667763157894 0.01539656432748538 0.011099232456140416 
0 0.5545193713450293 0.5850164473684211 0.008908991228070175 0.021170504385964916 
0 0.5562097953216374 0.6126315789473684 0.01781798245614035 0.020827850877192987 
0 0.5625603070175439 0.6110581140350877 0.01640168128654971 0.014180372807017548 
0 0.558578216374269 0.5732456140350877 0.010645102339181287 0.01675164473684214 
0 0.5618220029239765 0.571156798245614 0.01637792397660817 0.022129934210526322 
0 0.5627595029239766 0.5857839912280702 0.015646929824561385 0.012776864035087755 
0 0.5608406432748538 0.593766447368421 0.012013888888888848 0.011066337719298215 
0 0.5564309210526316 0.6034978070175439 0.015418494152046764 0.010756578947368485 
0 0.5690625 0.590342653508772 0.010873538011695907 0.023193530701754297 
0 0.5782766812865497 0.5806277412280703 0.01000548245614035 0.025076754385964916 
0 0.5755811403508772 0.6050191885964913 0.01631030701754386 0.021239035087719304 
0 0.5807437865497076 0.5952220394736841 0.01251827485380117 0.017469846491228076 
0 0.5870029239766081 0.589125548245614 0.0133406432748538 0.011510416666666606 
0 0.5997953216374269 0.5829577850877193 0.015213815789473685 0.014388706140350817 
0 0.6025822368421052 0.5872066885964913 0.008132309941520468 0.015139802631578953 
0 0.5971454678362573 0.5948108552631579 0.010553728070175438 0.018223684210526322 
0 0.5931706871345029 0.60015625 0.009639985380116959 0.014934210526315795 
0 0.58828216374269 0.6044024122807018 0.014528508771929825 0.025282346491228076 
0 0.5737536549707603 0.6155098684210527 0.010051169590643274 0.02487116228070176 
0 0.5784594298245614 0.62359375 0.011924342105263159 0.025762061403508778 
0 0.5835307017543859 0.6298300438596491 0.00849780701754386 0.015962171052631584 
0 0.5888760964912281 0.6198958333333333 0.010462353801169591 0.016990131578947375 
0 0.5954093567251462 0.6327741228070176 0.008132309941520468 0.01808936403508766 
0 0.5780025584795322 0.6433991228070175 0.012107090643274854 0.03288651315789481 
0 0.5979221491228071 0.6414802631578947 0.010873538011695907 0.025076754385964916 
0 0.5774086257309942 0.6727302631578947 0.01781798245614035 0.025622258771929893 
0 0.5886933479532164 0.6651918859649123 0.013888888888888888 0.031515899122807084 
0 0.6059557748538011 0.600109649122807 0.005299707602339181 0.008802083333333368 
0 0.6027119883040936 0.6046299342105264 0.021107456140350877 0.014081688596491199 
0 0.601204312865497 0.616140350877193 0.010392909356725126 0.013840460526315854 
0 0.6025749269005848 0.6324533991228071 0.008793859649122788 0.021477521929824536 
0 0.6054989035087719 0.6095394736842105 0.01228983918128655 0.032779605263157874 
0 0.5990807748538012 0.6227220394736842 0.006578947368421052 0.010446820175438631 
0 0.6089784356725146 0.6293503289473684 0.014756944444444444 0.02500548245614042 
0 0.6172934941520468 0.6371600877192983 0.01320358187134503 0.02178728070175439 
0 0.6288523391812866 0.6256496710526316 0.00872624269005848 0.02110197368421053 
0 0.6340606725146198 0.609344846491228 0.014300073099415205 0.01925164473684211 
0 0.6363450292397661 0.6277741228070175 0.008954678362573099 0.019662828947368427 
0 0.6363450292397661 0.6387417763157895 0.023346125730994153 0.016510416666666673 
0 0.627984283625731 0.6435416666666667 0.00941154970760234 0.023848684210526317 
0 0.636390716374269 0.6532702850877193 0.010279605263157895 0.01603344298245608 
0 0.6437006578947368 0.6510115131578947 0.012015716374269006 0.017332785087719304 
0 0.6427869152046783 0.667110745614035 0.01758954678362573 0.017949561403508778 
0 0.6050036549707603 0.6523793859649123 0.011970029239766082 0.02706414473684211 
0 0.6071509502923976 0.6673848684210526 0.011513157894736841 0.023843201754385968 
0 0.6166081871345029 0.655874451754386 0.011284722222222222 0.025762061403508778 
0 0.6008150584795321 0.6844106359649123 0.010508040935672515 0.029048793859649067 
0 0.6113084795321637 0.6722560307017543 0.012335526315789474 0.035419407894736854 
0 0.6242836257309942 0.6534128289473684 0.007447002923976608 0.01706140350877187 
0 0.6263852339181286 0.6651973684210526 0.012244152046783625 0.026310307017543864 
0 0.6188011695906432 0.6810252192982457 0.011239035087719298 0.03624177631578948 
0 0.6331469298245614 0.6680756578947368 0.010553728070175438 0.026650219298245684 
0 0.6291721491228071 0.6881551535087719 0.014985380116959063 0.032406798245614106 
0 0.6279385964912281 0.7118585526315789 0.01663011695906433 0.026036184210526322 
0 0.6396801900584795 0.6939117324561404 0.013523391812865496 0.021924342105263162 
0 0.6425127923976608 0.678015350877193 0.010736476608187134 0.026858552631578953 
0 0.6511476608187134 0.6787006578947369 0.013569078947368422 0.03740953947368415 
0 0.6219992690058479 0.6009813596491228 0.011513157894736841 0.01651315789473678 
0 0.6284868421052632 0.6005701754385965 0.017086988304093567 0.018363486842105203 
0 0.6235069444444444 0.5745367324561403 0.012335526315789474 0.02856907894736849 
0 0.6342434210526315 0.5796737938596491 0.01069078947368421 0.021033442982456144 
0 0.6468073830409357 0.6061239035087719 0.02412280701754386 0.01747258771929831 
0 0.6495486111111111 0.6027686403508772 0.023391812865497075 0.014797149122807022 
0 0.6525639619883041 0.6205838815789473 0.009137426900584795 0.019457236842105267 
0 0.6591429093567251 0.6179797149122807 0.02147295321637427 0.018703399122807024 
0 0.6596911549707603 0.6358634868421053 0.013751827485380117 0.025348135964912227 
0 0.668782894736842 0.6303810307017544 0.01850328947368421 0.014731359649122748 
0 0.6690570175438596 0.636000548245614 0.02631578947368421 0.018703399122807024 
0 0.6709301900584795 0.6126370614035088 0.015213815789473685 0.017264254385964916 
0 0.6761842105263157 0.6276398026315789 0.01653874269005848 0.0134978070175438 
0 0.6841794590643274 0.6385334429824561 0.00758406432748538 0.012264254385964977 
0 0.6891593567251462 0.6246271929824561 0.01137609649122807 0.03185855263157902 
0 0.6425584795321637 0.5639830043859648 0.012563961988304093 0.017746710526315854 
0 0.6526096491228071 0.5782346491228071 0.02448830409356725 0.014934210526315795 
0 0.6623410087719298 0.5849479166666667 0.015442251461988304 0.016239035087719362 
0 0.6557163742690059 0.5733689692982457 0.02266081871345029 0.014868421052631519 
0 0.6625237573099415 0.5650109649122806 0.012655336257309942 0.012469846491228134 
0 0.6702448830409357 0.5625438596491228 0.014802631578947368 0.02822642543859656 
0 0.6758644005847954 0.598171600877193 0.017269736842105265 0.02438870614035082 
0 0.6927229532163742 0.6111266447368421 0.01023391812865497 0.022881030701754457 
0 0.7008552631578947 0.620375548245614 0.010051169590643274 0.02630756578947363 
0 0.6617470760233918 0.5539035087719298 0.023391812865497075 0.015759320175438598 
0 0.6800219298245614 0.5706907894736842 0.01493969298245614 0.012401315789473625 
0 0.6834941520467837 0.5673327850877193 0.014985380116959063 0.01760690789473685 
0 0.6865095029239766 0.5609621710526316 0.013797514619883041 0.013906249999999943 
0 0.6972916666666666 0.5638404605263158 0.01206140350877193 0.027952302631579017 
0 0.6827631578947368 0.581515899122807 0.023117690058479533 0.01719572368421053 
0 0.6801133040935672 0.593780153508772 0.01411732456140351 0.01788103070175439 
0 0.6869663742690059 0.5948081140350877 0.011970029239766082 0.01740131578947369 
0 0.7025456871345029 0.5996080043859648 0.009868421052631578 0.016647478070175442 
0 0.7063834064327486 0.5913843201754385 0.014345760233918129 0.02500822368421053 
0 0.712688230994152 0.5906990131578947 0.014300073099415205 0.02350054824561404 
0 0.7069316520467837 0.5813815789473684 0.021107456140350877 0.016170504385964853 
0 0.7081195175438596 0.5663103070175439 0.014619883040935672 0.01808662280701755 
0 0.7179422514619883 0.5676809210526316 0.011284722222222222 0.02185307017543854 
0 0.706748903508772 0.6147587719298245 0.010188230994152047 0.021033442982456144 
0 0.7203636695906432 0.6169517543859648 0.012426900584795321 0.009454495614035153 
0 0.7150639619883041 0.625515350877193 0.016036184210526317 0.011921600877192923 
0 0.7206377923976608 0.6243503289473684 0.01585343567251462 0.014731359649122748 
0 0.731282894736842 0.6146902412280701 0.016355994152046784 0.023569078947368427 
0 0.67421966374269 0.6500493421052632 0.011056286549707603 0.03316063596491223 
0 0.6790168128654971 0.648952850877193 0.014391447368421052 0.030145285087719242 
0 0.6834027777777778 0.6535444078947369 0.015762061403508772 0.015005482456140291 
0 0.6962408625730994 0.631140350877193 0.010325292397660819 0.03172149122807012 
0 0.6947331871345029 0.6585444078947368 0.015259502923976608 0.014799890350877257 
0 0.7059722222222222 0.6358004385964913 0.009594298245614035 0.03000822368421047 
0 0.6532492690058479 0.6419654605263158 0.011741593567251463 0.031515899122807084 
0 0.6618841374269006 0.6513514254385965 0.01402595029239766 0.03048793859649117 
0 0.6588230994152047 0.6752631578947369 0.011101973684210526 0.036658442982456144 
0 0.6671381578947368 0.6706085526315789 0.012792397660818713 0.04597313596491229 
0 0.6816666666666666 0.6788980263157894 0.011650219298245614 0.02774671052631586 
0 0.6917635233918129 0.6676617324561404 0.008908991228070175 0.023911732456140356 
0 0.6871034356725146 0.687530153508772 0.01023391812865497 0.030624999999999944 
0 0.6957383040935672 0.6845860745614035 0.009502923976608187 0.03336348684210527 
0 0.6997130847953216 0.6699917763157895 0.012335526315789474 0.024597039473684214 
0 0.7088194444444444 0.6449506578947369 0.012244152046783625 0.01808662280701755 
0 0.7064747807017544 0.6625246710526316 0.013523391812865496 0.019388706140350882 
0 0.7134192251461988 0.6742406798245615 0.013523391812865496 0.026855811403508716 
0 0.7118658625730994 0.6806112938596491 0.009822733918128655 0.03179002192982463 
0 0.7051955409356725 0.6891803728070176 0.011421783625730994 0.03672149122807018 
0 0.7178965643274854 0.6950712719298245 0.012701023391812866 0.03322916666666673 
0 0.7287701023391813 0.6977439692982456 0.008360745614035088 0.026444627192982528 
0 0.7344353070175439 0.6836979166666667 0.013569078947368422 0.031173245614035033 
0 0.729546783625731 0.6386759868421052 0.00826937134502924 0.019388706140350882 
0 0.7341611842105263 0.6320997807017544 0.011010599415204679 0.019662828947368427 
0 0.7438925438596491 0.6366666666666666 0.018183479532163743 0.020416666666666673 
0 0.74453216374269 0.6415981359649123 0.010873538011695907 0.021924342105263162 
0 0.7297605994152047 0.658407346491228 0.011558845029239767 0.025762061403508778 
0 0.7370705409356725 0.6493640350877193 0.01069078947368421 0.029391447368420996 
0 0.746390716374269 0.6625191885964912 0.010782163742690058 0.035487938596491235 
0 0.7363852339181286 0.6052330043859648 0.020056652046783627 0.02363760964912281 
0 0.7414565058479532 0.6006414473684211 0.02010233918128655 0.024665570175438602 
0 0.7509137426900585 0.620375548245614 0.01206140350877193 0.013771929824561343 
0 0.7471673976608187 0.6259237938596491 0.01800073099415205 0.020896381578947375 
0 0.7579952485380117 0.6094161184210527 0.018457602339181287 0.02144462719298246 
0 0.7627923976608187 0.6200356359649123 0.015350877192982455 0.02658442982456141 
0 0.7742598684210527 0.6212691885964912 0.009000365497076024 0.030899122807017614 
0 0.7595029239766082 0.632094298245614 0.01768092105263158 0.02617324561403509 
0 0.7595029239766082 0.6463459429824561 0.011650219298245614 0.016990131578947375 
0 0.7856359649122807 0.6512088815789474 0.007903874269005849 0.013223684210526256 
0 0.7780062134502924 0.6355893640350877 0.011878654970760233 0.023634868421052578 
0 0.7877375730994152 0.6332593201754386 0.010782163742690058 0.016510416666666673 
0 0.7948190789473685 0.6312719298245615 0.01224232456140347 0.019457236842105267 
0 0.7829404239766082 0.6182538377192982 0.01251827485380117 0.021170504385964916 
0 0.7789656432748538 0.6115405701754386 0.009731359649122808 0.021650219298245617 
0 0.7523739035087719 0.6550794956140351 0.01069078947368421 0.025487938596491233 
0 0.7637956871345029 0.6596025219298246 0.012975146198830409 0.025762061403508778 
0 0.7508680555555556 0.5912554824561403 0.026726973684210526 0.023843201754385968 
0 0.7543402777777778 0.6651973684210526 0.013934576023391813 0.036515899122807026 
0 0.7581779970760234 0.6816392543859648 0.012701023391812866 0.025487938596491233 
0 0.7622898391812866 0.6848601973684211 0.018320540935672515 0.031515899122807084 
0 0.7694627192982456 0.6551206140350877 0.013157894736842105 0.02281524122807018 
0 0.7763157894736842 0.6767790570175438 0.017498172514619884 0.03281798245614042 
0 0.7902046783625731 0.6630071271929825 0.014345760233918129 0.03199561403508767 
0 0.7765899122807017 0.6554714912280701 0.01644736842105263 0.025142543859649192 
0 0.7988395467836257 0.6663651315789474 0.011193347953216375 0.02918585526315784 
0 0.8008040935672515 0.6425849780701754 0.016812865497076022 0.028432017543859593 
0 0.8063779239766082 0.6697149122807017 0.016264619883040937 0.023911732456140356 
0 0.8148300438596491 0.6676589912280702 0.027549342105263157 0.020759320175438602 
0 0.81734283625731 0.6643037280701755 0.02617872807017544 0.020759320175438602 
0 0.8252923976608187 0.6583415570175439 0.020604897660818713 0.023432017543859655 
0 0.8416940789473685 0.6658799342105264 0.018777412280701754 0.025348135964912227 
0 0.8217744883040936 0.6440241228070176 0.021975511695906433 0.02240131578947363 
0 0.8061951754385965 0.6267571271929824 0.01653874269005848 0.024597039473684214 
0 0.7363395467836257 0.5476699561403509 0.013888888888888888 0.02438870614035082 
0 0.7600054824561403 0.560688048245614 0.01183296783625731 0.020690789473684152 
0 0.7718841374269005 0.5466419956140351 0.019828216374269007 0.033366228070175384 
0 0.7050895467836257 0.5140241228070176 0.011970029239766082 0.016921600877192987 
0 0.7882839912280701 0.5237911184210526 0.026589912280701754 0.015211074561403512 
0 0.8071984649122806 0.5254358552631578 0.01425438596491228 0.02452850877192983 
0 0.7593183479532163 0.4515652412280702 0.013249269005847953 0.025625000000000005 
0 0.7234100877192983 0.44622258771929824 0.006853070175438596 0.016578947368421058 
0 0.7178362573099415 0.4585553728070175 0.0062134502923976605 0.010825109649122809 
0 0.7186586257309941 0.43772752192982456 0.005573830409356725 0.011918859649122811 
0 0.7032163742690059 0.4436430921052632 0.01653874269005848 0.011510416666666669 
0 0.7084703947368421 0.4543996710526316 0.012107090643274854 0.007401315789473684 
0 0.8018092105263158 0.5861376096491228 0.016904239766081873 0.022061403508771935 
0 0.8191703216374269 0.5818887061403509 0.015531798245613996 0.0174040570175438 
0 0.8125 0.5627055921052632 0.016536915204678322 0.020690789473684214 
0 0.8196271929824561 0.5614720394736842 0.022110745614035046 0.024391447368421058 
0 0.8303161549707602 0.5594188596491229 0.01800073099415205 0.01904605263157889 
0 0.8326918859649123 0.5533881578947368 0.02147295321637427 0.02384320175438591 
0 0.8454842836257309 0.5540734649122807 0.013980263157894737 0.01890899122807012 
0 0.8757291666666667 0.5487308114035088 0.016812865497076022 0.02658168859649117 
0 0.7940880847953217 0.6075603070175439 0.01653874269005848 0.022812499999999944 
0 0.8178453947368421 0.6181085526315789 0.012609649122807017 0.021033442982456144 
0 0.8268000730994152 0.6109841008771929 0.01516812865497076 0.030487938596491296 
0 0.8127741228070176 0.6248273026315789 0.013523391812865496 0.01932291666666673 
0 0.8355720029239766 0.6103728070175438 0.012381213450292397 0.021855811403508778 
0 0.8418311403508771 0.6273629385964912 0.014894005847953216 0.022541118421052636 
0 0.8358004385964912 0.6411348684210527 0.019097222222222224 0.03126918859649115 
0 0.8453490497076024 0.6203070175438596 0.017041301169590642 0.0202796052631579 
0 0.8466739766081871 0.6072889254385965 0.018914473684210526 0.025487938596491233 
0 0.8621619152046783 0.622842653508772 0.012701023391812866 0.017675438596491233 
0 0.8719389619883041 0.6282538377192982 0.015122441520467836 0.008974780701754451 
0 0.8585983187134503 0.6074259868421052 0.02252375730994152 0.02267817982456141 
0 0.868421052631579 0.6050959429824561 0.016036184210526317 0.023569078947368427 
0 0.8678728070175439 0.6371600877192983 0.023346125730994153 0.014183114035087659 
0 0.8428362573099415 0.6412774122807018 0.01411732456140351 0.03199561403508767 
0 0.8528874269005848 0.6464172149122808 0.01206140350877193 0.029597039473684156 
0 0.8640350877192983 0.6457319078947369 0.012609649122807017 0.031652960526315735 
0 0.8752284356725146 0.648813048245614 0.020148026315789474 0.020759320175438602 
0 0.8903965643274854 0.6266173245614035 0.0190515350877193 0.019320175438596498 
0 0.8861019736842105 0.6093503289473684 0.01621893274853801 0.021855811403508778 
0 0.8801169590643275 0.5935142543859648 0.019919590643274854 0.022609649122807024 
0 0.8833150584795322 0.5863212719298246 0.0201937134502924 0.023089364035087726 
0 0.888797514619883 0.5859786184210527 0.024853801169590642 0.025348135964912227 
0 0.8901681286549707 0.5776206140350877 0.022203947368421052 0.021033442982456144 
0 0.9001279239766082 0.5776151315789473 0.020970394736842105 0.026581688596491296 
0 0.9046052631578947 0.5713788377192982 0.024671052631578948 0.024597039473684214 
0 0.918859649122807 0.5740515350877192 0.020285087719298246 0.02863760964912288 
0 0.8855994152046783 0.5508881578947369 0.017955043859649123 0.02733552631578948 
0 0.8852339181286549 0.5405427631578947 0.019462719298245616 0.023018092105263104 
0 0.9004934210526315 0.5615076754385965 0.01631030701754386 0.013015350877192987 
0 0.8970211988304093 0.5446518640350877 0.02412280701754386 0.023569078947368365 
0 0.9014985380116959 0.5438294956140352 0.02243238304093567 0.021170504385964854 
0 0.904422514619883 0.5348547149122808 0.021975511695906433 0.022952302631578953 
0 0.9169864766081871 0.5381441885964913 0.02215643274853797 0.026513157894736787 
0 0.9196363304093568 0.5332072368421052 0.02617872807017544 0.026995614035087663 
0 0.9379568713450293 0.5575301535087719 0.019965277777777776 0.019525767543859655 
0 0.9384594298245614 0.5371820175438596 0.019691154970760235 0.027609649122807025 
0 0.941109283625731 0.5324533991228071 0.01663011695906433 0.023911732456140294 
0 0.9566885964912281 0.540811403508772 0.010142543859649123 0.02535087719298246 
0 0.9627192982456141 0.5334813596491228 0.021564327485380116 0.02281524122807012 
0 0.959110014619883 0.5175191885964913 0.020741959064327485 0.022061403508771935 
0 0.9701206140350878 0.5174506578947369 0.020603070175438557 0.01623629385964913 
0 0.8448446637426901 0.41441611842105264 0.01251827485380117 0.012058662280701756 
0 0.09594115497076024 0.6722861842105263 0.015899122807017545 0.029597039473684156 
0 0.23391630116959064 0.7433470394736842 0.019919590643274854 0.03055646929824556 
0 0.05016447368421053 0.5156935307017544 0.009959795321637427 0.01891173245614035 
0 0.046052631578947366 0.4902083333333333 0.01745248538011696 0.011236293859649126 
0 0.06304824561403509 0.47581962719298243 0.0105062134502924 0.01644462719298246 
0 0.08004203216374269 0.5091173245614035 0.01023391812865497 0.012469846491228072 
0 0.14565058479532164 0.5043201754385965 0.009409722222222224 0.014385964912280707 
0 0.15387244152046783 0.4962335526315789 0.010964912280701754 0.01671875 
0 0.16118238304093568 0.5058251096491229 0.009046052631578948 0.009046052631578948 
0 0.17031980994152046 0.5047313596491229 0.008406432748538011 0.015482456140350882 
0 0.21938779239766082 0.45704495614035084 0.006487573099415204 0.008220942982456143 
0 0.07066885964912281 0.07 0.005847953216374269 0.010688048245614038 
0 0.10338084795321638 0.09055372807017543 0.010782163742690058 0.009591557017543863 
0 0.11343201754385966 0.09055372807017543 0.010782163742690058 0.008220942982456143 
0 0.05842470760233918 0.07301260964912282 0.0133406432748538 0.012881030701754373 
