0 0.075375 0.21816666666666668 0.016 0.020666666666666667 
0 0.026375 0.22216666666666668 0.01725 0.022 
0 0.365875 0.28583333333333333 0.01325 0.024333333333333332 
0 0.717625 0.3575 0.0145 0.025 
0 0.1335 0.37216666666666665 0.0296875 0.02808333333333333 
0 0.1525625 0.37766666666666665 0.02575 0.0315 
0 0.172125 0.3815 0.0156875 0.0365 
0 0.1944375 0.3825 0.0151875 0.03333333333333333 
0 0.183875 0.38483333333333336 0.013 0.036333333333333336 
0 0.110875 0.3865 0.0159375 0.035 
0 0.2774375 0.3885 0.020375 0.03975 
0 0.2236875 0.3895 0.01975 0.03125 
0 0.212375 0.39 0.01575 0.03983333333333333 
0 0.1236875 0.39066666666666666 0.01325 0.0385 
0 0.300375 0.3945 0.02425 0.028 
0 0.228625 0.39558333333333334 0.018375 0.03575 
0 0.238625 0.3968333333333333 0.0199375 0.03266666666666666 
0 0.24475 0.4078333333333333 0.030125 0.027666666666666666 
0 0.377125 0.4081666666666667 0.01575 0.035666666666666666 
0 0.3633125 0.4088333333333333 0.0175625 0.043666666666666666 
0 0.3859375 0.4091666666666667 0.0144375 0.04466666666666667 
0 0.330375 0.4098333333333333 0.0134375 0.035583333333333335 
0 0.341125 0.41083333333333333 0.0200625 0.016833333333333332 
0 0.397875 0.4125 0.01075 0.036333333333333336 
0 0.308125 0.41241666666666665 0.01625 0.03933333333333333 
0 0.3520625 0.41383333333333333 0.0179375 0.03833333333333333 
0 0.406125 0.4135 0.0125 0.036 
0 0.3423125 0.42191666666666666 0.012375 0.028583333333333332 
0 0.632125 0.4235 0.0155 0.04033333333333333 
0 0.641625 0.42383333333333334 0.0115 0.028333333333333332 
0 0.477625 0.4245 0.02075 0.027333333333333334 
0 0.439875 0.42583333333333334 0.013 0.04533333333333334 
0 0.454125 0.42883333333333334 0.011 0.025 
0 0.463875 0.42816666666666664 0.0125 0.036 
0 0.409125 0.43016666666666664 0.01725 0.026333333333333334 
0 0.415375 0.43216666666666664 0.02375 0.027 
0 0.594625 0.43383333333333335 0.022 0.034333333333333334 
0 0.627875 0.43583333333333335 0.015 0.034666666666666665 
0 0.534875 0.4365 0.02075 0.028666666666666667 
0 0.550625 0.4365 0.0145 0.034333333333333334 
0 0.570625 0.43816666666666665 0.01475 0.034666666666666665 
0 0.582375 0.44083333333333335 0.0145 0.03133333333333333 
0 0.426875 0.4415 0.01475 0.03333333333333333 
0 0.498875 0.44183333333333336 0.0195 0.03933333333333333 
0 0.376375 0.44216666666666665 0.0153125 0.030083333333333333 
0 0.505625 0.44416666666666665 0.01825 0.03166666666666667 
0 0.472625 0.4455 0.015 0.041 
0 0.596125 0.44683333333333336 0.017 0.035 
0 0.622875 0.4475 0.011 0.03966666666666667 
0 0.613625 0.44916666666666666 0.01075 0.037333333333333336 
0 0.487625 0.4515 0.016 0.032 
0 0.816875 0.45216666666666666 0.02325 0.022 
0 0.740625 0.4538333333333333 0.014 0.02266666666666667 
0 0.458125 0.45516666666666666 0.0115 0.025333333333333333 
0 0.402625 0.4585 0.0185 0.014 
0 0.553125 0.4605 0.01375 0.04133333333333333 
0 0.569625 0.46316666666666667 0.01075 0.03933333333333333 
0 0.730875 0.4638333333333333 0.013 0.04033333333333333 
0 0.777125 0.4645 0.029 0.03333333333333333 
0 0.532625 0.4655 0.014 0.028666666666666667 
0 0.676125 0.4661666666666667 0.01925 0.034 
0 0.647125 0.4688333333333333 0.011 0.014666666666666666 
0 0.719625 0.4688333333333333 0.01525 0.03266666666666666 
0 0.590875 0.4711666666666667 0.017 0.026 
0 0.543875 0.4715 0.009 0.028666666666666667 
0 0.581125 0.4718333333333333 0.0115 0.03666666666666667 
0 0.634875 0.4715 0.01525 0.035 
0 0.657375 0.4718333333333333 0.01125 0.043333333333333335 
0 0.669375 0.4715 0.01525 0.035 
0 0.709125 0.4715 0.0125 0.03166666666666667 
0 0.373875 0.4728333333333333 0.02225 0.016666666666666666 
0 0.739875 0.4735 0.0145 0.03766666666666667 
0 0.759875 0.4735 0.01225 0.03133333333333333 
0 0.663625 0.4741666666666667 0.013 0.033 
0 0.561375 0.4765 0.0125 0.033666666666666664 
0 0.64725 0.47883333333333333 0.012875 0.042333333333333334 
0 0.748875 0.47883333333333333 0.01225 0.03333333333333333 
0 0.168375 0.4795 0.0305 0.028333333333333332 
0 0.769625 0.4795 0.01475 0.03833333333333333 
0 0.629875 0.4801666666666667 0.0135 0.043333333333333335 
0 0.613125 0.4865 0.019 0.016666666666666666 
0 0.221875 0.49516666666666664 0.02025 0.03666666666666667 
0 0.779625 0.49516666666666664 0.01175 0.035333333333333335 
0 0.210625 0.4955 0.01825 0.033666666666666664 
0 0.798625 0.49683333333333335 0.016 0.047 
0 0.721625 0.49883333333333335 0.0225 0.02666666666666667 
0 0.713625 0.5021666666666667 0.023 0.03233333333333333 
0 0.903375 0.49983333333333335 0.0165 0.03766666666666667 
0 0.786875 0.5011666666666666 0.01225 0.036333333333333336 
0 0.227625 0.5031666666666667 0.0165 0.044 
0 0.897125 0.5028333333333334 0.01175 0.036 
0 0.883875 0.5058333333333334 0.0145 0.03766666666666667 
0 0.841625 0.5035 0.01666750000000002 0.03888000000000003 
0 0.833875 0.5125 0.020207499999999982 0.03713000000000003 
0 0.754125 0.5051666666666667 0.01425 0.02666666666666667 
0 0.3296975 0.5036333333333334 0.020282500000000026 0.03257666666666667 
0 0.324895 0.5312066666666666 0.0174375 0.039330000000000004 
0 0.691125 0.5058333333333334 0.0155 0.035 
0 0.239125 0.5078333333333334 0.017 0.037 
0 0.856625 0.5075 0.0105 0.03766666666666667 
0 0.863375 0.5075 0.01675 0.042 
0 0.744375 0.5111666666666667 0.01375 0.031 
0 0.821625 0.5141666666666667 0.021 0.035 
0 0.759125 0.5155 0.01925 0.030666666666666665 
0 0.286625 0.51446 0.02670749999999998 0.02740999999999993 
0 0.874375 0.5161666666666667 0.01725 0.03666666666666667 
0 0.279125 0.5226266666666667 0.020519999999999983 0.0356566666666666 
0 0.298375 0.5401666666666667 0.014019999999999982 0.022283333333333304 
0 0.311145 0.5238766666666667 0.01875 0.04215333333333327 
0 0.321395 0.5272933333333334 0.015 0.031323333333333266 
0 0.274875 0.53054 0.01808249999999998 0.029076666666666674 
0 0.3380825 0.5337133333333334 0.0173125 0.03065999999999993 
0 0.34702 0.5381666666666667 0.0255 0.034666666666666665 
0 0.547125 0.5428333333333333 0.0185 0.037333333333333336 
0 0.36920749999999997 0.5421266666666668 0.0155625 0.039239999999999935 
0 0.512625 0.5445 0.01275 0.03288333333333336 
0 0.539125 0.5451666666666667 0.013832499999999982 0.037883333333333366 
0 0.357145 0.5428766666666667 0.01525 0.0471566666666666 
0 0.448625 0.5481666666666667 0.013 0.033666666666666664 
0 0.4570825 0.5488333333333333 0.01679250000000002 0.04733333333333333 
0 0.501375 0.5491666666666667 0.01883249999999998 0.039 
0 0.520375 0.5491666666666667 0.013 0.038 
0 0.620875 0.5488333333333333 0.0155 0.03833333333333333 
0 0.4108325 0.5513766666666667 0.0249375 0.023743333333333262 
0 0.493375 0.5521666666666667 0.016832499999999983 0.038 
0 0.587625 0.5585 0.01725 0.042666666666666665 
0 0.46845749999999997 0.5605 0.012667500000000019 0.02055000000000003 
0 0.3329425 0.5576766666666667 0.024202499999999988 0.029856666666666646 
0 0.5297075 0.5577233333333333 0.0145 0.030156666666666675 
0 0.482125 0.5605 0.01725 0.029666666666666668 
0 0.4779575 0.5658866666666666 0.016 0.03999000000000001 
0 0.726875 0.5761666666666667 0.023480000000000018 0.03144999999999997 
0 0.657125 0.5798333333333333 0.026 0.03133333333333333 
0 0.4299575 0.5862066666666667 0.0176875 0.03249000000000001 
0 0.76773 0.5888333333333333 0.02088499999999999 0.04161333333333331 
0 0.7804175 0.5997866666666666 0.018789999999999963 0.03730666666666669 
0 0.8451675000000001 0.58804 0.0250625 0.03749000000000001 
0 0.679375 0.5901666666666666 0.01275 0.029 
0 0.7465425 0.5893733333333333 0.00975 0.03924000000000001 
0 0.721625 0.5919566666666666 0.030730000000000018 0.02849000000000001 
0 0.8366675 0.5902066666666667 0.01725 0.040406666666666674 
0 0.75598 0.6001666666666666 0.0183125 0.025666666666666667 
0 0.829125 0.6008333333333333 0.01604250000000002 0.038 
0 0.8156675 0.6014533333333333 0.0200625 0.03690666666666668 
0 0.8664575 0.6035 0.0135 0.03756333333333335 
0 0.721125 0.60412 0.024 0.02471333333333337 
0 0.42470749999999996 0.6137866666666666 0.019417500000000018 0.03615666666666668 
0 0.505875 0.6181666666666666 0.0165 0.029333333333333333 
0 0.43651 0.6228699999999999 0.014259999999999991 0.025480000000000017 
0 0.449625 0.6285 0.0195 0.028 
0 0.4365725 0.6426433333333333 0.02880250000000001 0.022189999999999977 
0 0.567625 0.6358333333333334 0.0195 0.028 
0 0.652625 0.6398333333333334 0.01475 0.03666666666666667 
0 0.3844575 0.6411300000000001 0.0165 0.034826666666666596 
0 0.3937075 0.64213 0.0196875 0.03557333333333327 
0 0.4183325 0.6470466666666667 0.0159375 0.02965999999999993 
0 0.536375 0.6522133333333333 0.02151999999999998 0.02590999999999993 
0 0.45227 0.6594633333333334 0.0165625 0.034323333333333345 
0 0.55902 0.66163 0.021875 0.03299000000000001 
0 0.6962925 0.6662899999999999 0.021875 0.02599333333333334 
0 0.4602075 0.6688766666666667 0.0178125 0.03332666666666667 
0 0.524875 0.6646266666666667 0.017082499999999983 0.05482666666666667 
0 0.5264575 0.7137033333333334 0.016375 0.02066333333333326 
0 0.4888325 0.6697966666666667 0.0204375 0.033573333333333344 
0 0.5013325 0.6816300000000001 0.01455250000000001 0.03672000000000003 
0 0.49177 0.7000433333333334 0.019 0.025653333333333344 
0 0.3819575 0.67079 0.0236875 0.022826666666666672 
0 0.5850825 0.6723766666666667 0.0153125 0.040789999999999965 
0 0.429645 0.6741233333333333 0.0225 0.02258000000000008 
0 0.57352 0.6738766666666667 0.0178125 0.0326566666666666 
0 0.477375 0.6765 0.0125 0.03519999999999997 
0 0.409125 0.6764566666666666 0.0185 0.024376666666666703 
0 0.5445825 0.6753766666666667 0.0295 0.027739999999999935 
0 0.6442925 0.67679 0.02 0.03949000000000009 
0 0.569375 0.6801233333333333 0.014019999999999982 0.031376666666666705 
0 0.513375 0.6820466666666667 0.015769999999999982 0.03640999999999993 
0 0.674625 0.6831666666666667 0.01579250000000002 0.03144999999999997 
0 0.53677 0.6861299999999999 0.013875 0.04148666666666668 
0 0.6577925 0.6869400000000001 0.01569749999999999 0.030923333333333327 
0 0.46526999999999996 0.6922066666666666 0.017625 0.023576666666666673 
0 0.728125 0.6951666666666667 0.02860500000000002 0.036359999999999976 
0 0.723125 0.7015 0.02225 0.03133333333333333 
0 0.5486675 0.6934166666666667 0.01475 0.036083333333333335 
0 0.60823 0.6955399999999999 0.0221875 0.025996666666666744 
0 0.7055425000000001 0.6978333333333333 0.0225 0.035359999999999975 
0 0.63823 0.6985 0.016 0.03853000000000005 
0 0.475145 0.6967033333333333 0.0230625 0.03224333333333334 
0 0.5806675 0.6998333333333333 0.02175 0.03623999999999993 
0 0.6824175 0.69862 0.02195749999999998 0.03121333333333329 
0 0.624125 0.7015 0.016 0.03711333333333338 
0 0.45795749999999996 0.7019533333333334 0.01725 0.02874333333333334 
0 0.600625 0.7028333333333333 0.01723000000000002 0.035113333333333385 
0 0.750375 0.7028333333333333 0.013792500000000018 0.03760999999999998 
0 0.763605 0.7015366666666667 0.0226875 0.029410000000000006 
0 0.44501999999999997 0.7049533333333333 0.0193125 0.04115333333333335 
0 0.5625425000000001 0.7072466666666666 0.0135 0.02258666666666674 
0 0.5665425000000001 0.7121666666666666 0.016875 0.026739999999999934 
0 0.662625 0.7070366666666668 0.014792500000000017 0.037796666666666624 
0 0.675375 0.7096166666666667 0.012542500000000019 0.04215666666666675 
0 0.76848 0.7134499999999999 0.0278125 0.026826666666666672 
0 0.593375 0.7194533333333334 0.011292500000000018 0.019243333333333338 
0 0.593855 0.7295 0.0281875 0.02027666666666664 
0 0.5576675 0.7284066666666666 0.013957499999999982 0.01876000000000007 
0 0.62973 0.7325 0.019644999999999982 0.03266666666666666 
0 0.6398550000000001 0.7330300000000001 0.019519999999999982 0.03723999999999993 
0 0.6051675 0.7354499999999999 0.023957499999999982 0.029490000000000086 
0 0.595875 0.7708333333333334 0.02575 0.022333333333333334 
0 0.308395 0.5237933333333333 0.0069375 0.014246666666666593 
0 0.39133249999999997 0.54713 0.01775 0.036823333333333264 
0 0.39576999999999996 0.5328833333333334 0.0168125 0.039239999999999935 
0 0.40045749999999997 0.66096 0.019375 0.02474333333333334 
0 0.51151 0.7081233333333333 0.01832249999999999 0.03080666666666669 
0 0.54827 0.65413 0.0223125 0.03265999999999993 
0 0.5812925 0.7241200000000001 0.0139375 0.030573333333333265 
0 0.5874175 0.7411966666666667 0.013625 0.01941333333333326 
