0 0.1566675 0.187 0.01445750000000001 0.0285 
0 0.015875 0.20467 0.022 0.020163333333333335 
0 0.174875 0.20883333333333334 0.02629249999999999 0.022156666666666675 
0 0.532875 0.2365 0.026 0.033666666666666664 
0 0.507125 0.24967 0.01275 0.022163333333333337 
0 0.488875 0.2555 0.01675 0.027826666666666673 
0 0.521375 0.27316666666666667 0.02175 0.019 
0 0.141375 0.3155 0.036 0.027666666666666666 
0 0.1116875 0.31683 0.0334375 0.03582333333333334 
0 0.2466875 0.32941 0.0209375 0.04898666666666668 
0 0.228875 0.33266 0.01625 0.040656666666666674 
0 0.3751875 0.34075 0.0131875 0.026160000000000006 
0 0.133 0.34074 0.0273125 0.023426666666666658 
0 0.1505625 0.34083 0.023 0.04082333333333334 
0 0.312875 0.3421666666666667 0.0266875 0.03344666666666664 
0 0.386595 0.34224666666666664 0.014967499999999972 0.0277033333333333 
0 0.440375 0.34358 0.0155 0.040080000000000005 
0 0.083625 0.34432666666666667 0.02 0.04261999999999996 
0 0.09353 0.3521666666666667 0.033595 0.02033333333333333 
0 0.4525475 0.34618666666666664 0.015125 0.034140000000000024 
0 0.4735625 0.34641333333333335 0.01375 0.027326666666666673 
0 0.2934375 0.3493266666666667 0.018 0.04557333333333334 
0 0.402125 0.3504966666666667 0.021779999999999973 0.04515666666666668 
0 0.649125 0.3515 0.01675 0.04398666666666668 
0 0.419625 0.35583333333333333 0.0170625 0.04514666666666668 
0 0.499875 0.3555 0.0135 0.041906666666666675 
0 0.3405 0.35575 0.016875 0.03657000000000001 
0 0.201 0.35683333333333334 0.01547 0.038 
0 0.543375 0.35683333333333334 0.01175 0.02982666666666667 
0 0.1648125 0.35624333333333336 0.0195 0.03874000000000001 
0 0.186625 0.35783333333333334 0.0148125 0.03748000000000002 
0 0.38634500000000005 0.35883333333333334 0.02359249999999997 0.03682333333333334 
0 0.2713125 0.3595 0.0235625 0.04289666666666669 
0 0.35647 0.35983333333333334 0.01602999999999997 0.03602999999999997 
0 0.4355625 0.3595 0.013407500000000027 0.04507333333333334 
0 0.5125 0.3595 0.011279999999999972 0.033740000000000006 
0 0.532375 0.3601666666666667 0.0156875 0.039153333333333346 
0 0.491125 0.3615 0.0103125 0.035333333333333335 
0 0.464875 0.36108 0.016125 0.04091000000000001 
0 0.574125 0.3631666666666667 0.013375 0.042650000000000014 
0 0.31215499999999996 0.3635366666666666 0.026 0.03537000000000004 
0 0.5210625 0.36328999999999995 0.014407500000000028 0.044826666666666674 
0 0.556845 0.3637066666666666 0.01875 0.04736333333333338 
0 0.47840499999999997 0.36574666666666666 0.015907500000000026 0.03824000000000001 
0 0.6608125 0.3663266666666667 0.0265625 0.031160000000000007 
0 0.599625 0.37283333333333335 0.0185625 0.030666666666666665 
0 0.582875 0.37299333333333334 0.0196875 0.03749000000000001 
0 0.609375 0.37783333333333335 0.01675 0.037150000000000016 
0 0.7715 0.37933333333333336 0.0170625 0.05041333333333334 
0 0.747375 0.38183333333333336 0.0164375 0.03866666666666667 
0 0.690125 0.38283333333333336 0.01675 0.03933333333333333 
0 0.6676875 0.38332333333333335 0.0239375 0.03832333333333334 
0 0.634875 0.3851566666666667 0.014125 0.03766333333333333 
0 0.5380625 0.38649 0.0180625 0.03599333333333334 
0 0.963625 0.3888333333333333 0.0165 0.04833333333333333 
0 0.648125 0.38849 0.01475 0.04298666666666668 
0 0.881625 0.38916333333333336 0.0259375 0.033906666666666675 
0 0.759625 0.38974333333333333 0.015125 0.03908999999999999 
0 0.842625 0.3915 0.01675 0.03248666666666668 
0 0.802125 0.39316666666666666 0.0235625 0.03290333333333335 
0 0.7211875 0.39382666666666666 0.0279375 0.02549333333333334 
0 0.793125 0.39416666666666667 0.0278125 0.04715000000000002 
0 0.829125 0.39416666666666667 0.0150625 0.04581666666666668 
0 0.8639375 0.39632666666666666 0.0240625 0.03849000000000001 
0 0.843625 0.39749333333333337 0.0255 0.042823333333333345 
0 0.948375 0.39983 0.017875 0.04867 
0 0.601875 0.4095 0.02725 0.028 
0 0.036625 0.4101666666666667 0.029375 0.023666666666666666 
0 0.081875 0.40975 0.032095 0.03975 
0 0.975625 0.4121666666666667 0.017 0.043 
0 0.615625 0.4131666666666667 0.021375 0.030976666666666687 
0 0.7874375 0.41203999999999996 0.019467499999999974 0.04590666666666668 
0 0.474125 0.41783333333333333 0.031375 0.030353333333333316 
0 0.498125 0.42402666666666666 0.020125 0.049740000000000006 
0 0.6331875 0.4191666666666667 0.023125 0.03897666666666669 
0 0.5786875 0.42008 0.0180625 0.05028666666666663 
0 0.99275 0.42183333333333334 0.007125 0.023476666666666687 
0 0.775125 0.42428666666666665 0.0163125 0.04334666666666673 
0 0.1385 0.42291333333333336 0.0291875 0.02749333333333334 
0 0.007125 0.43016666666666664 0.02225 0.035333333333333335 
0 0.094625 0.43041666666666667 0.027594999999999998 0.03819666666666664 
0 0.1540625 0.43766 0.030875 0.052903333333333344 
0 0.6623125 0.4423566666666666 0.0386875 0.03441 
0 0.111595 0.4465 0.014967500000000002 0.039403333333333346 
0 0.1405625 0.44582333333333335 0.025625 0.05148666666666668 
0 0.205625 0.44616666666666666 0.01425 0.040070000000000015 
0 0.21175 0.46216666666666667 0.0193125 0.03525999999999999 
0 0.1844375 0.4475 0.015375 0.050150000000000014 
0 0.100375 0.4479566666666666 0.01878 0.040156666666666674 
0 0.126 0.44849 0.025375 0.04507000000000001 
0 0.549 0.4508333333333333 0.0235625 0.038896666666666684 
0 0.717875 0.4505 0.0176875 0.035666666666666666 
0 0.1948125 0.45291 0.0205 0.05148666666666668 
0 0.3420625 0.45160666666666666 0.036375 0.046820000000000014 
0 0.579125 0.45336999999999994 0.023 0.040130000000000034 
0 0.3864375 0.4551933333333333 0.0173125 0.03164000000000002 
0 0.167375 0.45566 0.0188125 0.03882333333333334 
0 0.3934375 0.4579433333333333 0.0250625 0.04482333333333334 
0 0.278625 0.46016666666666667 0.018875 0.05100666666666666 
0 0.476125 0.4628333333333333 0.0234375 0.03459666666666666 
0 0.264625 0.4634333333333333 0.019375 0.04173333333333335 
0 0.6589375 0.4645 0.0371875 0.02968333333333332 
0 0.24325 0.46535 0.026875 0.04557333333333334 
0 0.234875 0.46735 0.023 0.03974000000000001 
0 0.636875 0.46669 0.0193125 0.04681000000000002 
0 0.6210625 0.4710233333333333 0.0195 0.041073333333333344 
0 0.770125 0.4721666666666667 0.0230625 0.04259666666666666 
0 0.221125 0.47235 0.020875 0.03815000000000002 
0 0.378875 0.4768066666666667 0.021 0.03582333333333334 
0 0.791125 0.4761666666666667 0.017 0.04017999999999999 
0 0.406375 0.4761066666666666 0.035 0.03565666666666668 
0 0.451375 0.47619 0.0151875 0.04082000000000001 
0 0.651125 0.47293999999999997 0.018 0.04182000000000001 
0 0.464875 0.47694 0.014 0.04990333333333335 
0 0.531375 0.4835 0.0300625 0.04275999999999999 
0 0.596125 0.4832666666666667 0.01125 0.05090333333333334 
0 0.9381875 0.4838533333333333 0.0363125 0.02399333333333334 
0 0.7983125 0.4833533333333333 0.02525 0.055653333333333346 
0 0.478875 0.49016666666666664 0.017 0.040089999999999994 
0 0.513375 0.49016666666666664 0.0274375 0.032 
0 0.500375 0.49216666666666664 0.0200625 0.038669999999999996 
0 0.58125 0.4846833333333333 0.0154375 0.05065333333333335 
0 0.752875 0.49576666666666663 0.03525 0.03474333333333334 
0 0.6045 0.4995 0.017125 0.04058666666666667 
0 0.562125 0.50219 0.0231875 0.037976666666666686 
0 0.529875 0.49110333333333334 0.03475 0.05791 
0 0.6316875 0.5135166666666666 0.0184375 0.04482333333333334 
0 0.523625 0.5488266666666667 0.02675 0.05167333333333333 
0 0.290645 0.5953333333333334 0.03375 0.03674000000000001 
0 0.527625 0.6169933333333334 0.0209375 0.03407666666666667 
0 0.584125 0.6225 0.03075 0.02033333333333333 
0 0.48925 0.62166 0.035375 0.03549000000000001 
0 0.452875 0.6355 0.02725 0.029 
0 0.574375 0.6368333333333334 0.025 0.039 
0 0.424875 0.6408333333333334 0.02275 0.030666666666666665 
0 0.510625 0.6467533333333333 0.02295749999999998 0.02474666666666667 
0 0.484875 0.6568333333333334 0.01914499999999998 0.033 
0 0.391625 0.6581666666666667 0.023 0.023333333333333334 
0 0.4375825 0.65892 0.017960000000000035 0.045863333333333305 
0 0.498125 0.6615 0.02314499999999998 0.027826666666666673 
0 0.547875 0.6616666666666666 0.03201999999999998 0.032989999999999936 
0 0.516875 0.6688333333333333 0.022 0.026 
0 0.430125 0.6778333333333333 0.016144999999999982 0.04533333333333334 
0 0.572125 0.6835 0.03725 0.025666666666666667 
0 0.497125 0.6762466666666667 0.02283249999999998 0.02725333333333333 
0 0.489375 0.6911666666666667 0.01375 0.034 
0 0.4430725 0.6938766666666667 0.021970000000000028 0.045769999999999984 
0 0.476125 0.6991666666666667 0.014019999999999982 0.04533333333333334 
0 0.467125 0.7391666666666666 0.02 0.041666666666666664 
0 0.462875 0.7005 0.01795749999999998 0.031 
0 0.489125 0.7131666666666666 0.0225 0.03866666666666667 
0 0.521625 0.7225 0.02625 0.028666666666666667 
0 0.500125 0.7238333333333333 0.024 0.03666666666666667 
0 0.443375 0.7389633333333333 0.0275 0.04587000000000004 
0 0.498125 0.7467966666666667 0.0285 0.02803666666666671 
0 0.5640299999999999 0.7544833333333333 0.021595000000000027 0.04435000000000006 
0 0.499125 0.7674566666666667 0.023 0.04404333333333337 
0 0.645625 0.7728333333333334 0.0286875 0.034333333333333334 
0 0.367375 0.3448333333333333 0.0189375 0.046863333333333305 
0 0.38084500000000004 0.3615366666666666 0.011184999999999945 0.02949333333333334 
0 0.411655 0.3562366666666667 0.012407500000000028 0.05173666666666668 
0 0.447125 0.36628666666666665 0.0215625 0.04149333333333334 
0 0.552125 0.35674 0.0145 0.05498333333333335 
0 0.124845 0.42241666666666666 0.0165925 0.05165333333333334 
