0 0.420375 0.59175 0.02125 0.02175 
0 0.321625 0.6351666666666667 0.0155 0.027 
0 0.328625 0.6428333333333334 0.01225 0.028833333333333332 
0 0.448375 0.6371666666666667 0.0208125 0.024 
0 0.436625 0.6371666666666667 0.0185 0.023916666666666666 
0 0.341 0.6398333333333334 0.011875 0.017666666666666667 
0 0.423125 0.63775 0.0208125 0.024416666666666666 
0 0.309625 0.6448333333333334 0.01225 0.024666666666666667 
0 0.2855 0.6461666666666667 0.021875 0.018333333333333333 
0 0.2618125 0.6598333333333334 0.01875 0.023333333333333334 
0 0.270125 0.6618333333333334 0.019125 0.014 
0 0.270875 0.6656666666666666 0.026625 0.023166666666666665 
0 0.24975 0.6685833333333333 0.0135 0.025083333333333332 
0 0.254375 0.6751666666666667 0.02375 0.018333333333333333 
0 0.261875 0.6878333333333333 0.016875 0.027 
0 0.271375 0.6863733333333333 0.01275 0.02879333333333337 
0 0.253625 0.6915 0.0135 0.025666666666666667 
0 0.239875 0.6988333333333333 0.01775 0.02675 
0 0.249875 0.7131666666666666 0.027625 0.026333333333333334 
0 0.242875 0.7148333333333333 0.021 0.023666666666666666 
0 0.338125 0.6525 0.023 0.013666666666666667 
0 0.293875 0.6601666666666667 0.01975 0.017873333333333297 
0 0.291625 0.6748333333333333 0.0115 0.022373333333333297 
0 0.488375 0.6606666666666666 0.0194375 0.02625 
0 0.515125 0.6625 0.01125 0.027333333333333334 
0 0.3155625 0.6623333333333333 0.0168125 0.023666666666666666 
0 0.331 0.6639166666666667 0.0206875 0.016666666666666666 
0 0.5255 0.66375 0.0145625 0.027916666666666666 
0 0.400125 0.6661666666666667 0.010875 0.022 
0 0.23075 0.6671666666666667 0.016125 0.018833333333333334 
0 0.342375 0.6675 0.0345 0.013916666666666667 
0 0.470875 0.6678333333333333 0.0125 0.024333333333333332 
0 0.4985 0.66396 0.0169375 0.026873333333333298 
0 0.493375 0.6847933333333334 0.013279999999999972 0.024873333333333296 
0 0.4878125 0.7015 0.015875 0.025416666666666667 
0 0.373125 0.6671666666666667 0.0166875 0.029666666666666668 
0 0.376 0.6698333333333333 0.023625 0.0285 
0 0.298875 0.6721666666666667 0.01675 0.023333333333333334 
0 0.584375 0.6701666666666667 0.0198125 0.028 
0 0.547625 0.6738333333333333 0.016125 0.0295 
0 0.562875 0.6741666666666667 0.01375 0.026 
0 0.5533125 0.6954166666666667 0.0218125 0.017583333333333333 
0 0.349875 0.6748333333333333 0.02725 0.0345 
0 0.442625 0.6778333333333333 0.01425 0.023666666666666666 
0 0.452875 0.67675 0.01875 0.024083333333333335 
0 0.212125 0.6781666666666667 0.015 0.02225 
0 0.21475 0.6835 0.023875 0.018916666666666665 
0 0.328625 0.6791666666666667 0.02175 0.015333333333333332 
0 0.135125 0.6887066666666666 0.0175 0.01879333333333337 
0 0.122125 0.6872066666666666 0.0161875 0.0215 
0 0.116375 0.7167066666666666 0.0235 0.037793333333333366 
0 0.137375 0.7178333333333333 0.01475 0.018 
0 0.072125 0.7311666666666666 0.027 0.034666666666666665 
0 0.090625 0.7355 0.0265 0.03266666666666666 
0 0.08775 0.7335833333333334 0.0175625 0.027833333333333335 
0 0.237375 0.6795 0.014 0.020916666666666667 
0 0.316625 0.6770833333333334 0.01325 0.022083333333333333 
0 0.321625 0.6878333333333333 0.017125 0.026 
0 0.315625 0.6978333333333333 0.00975 0.0185 
0 0.347125 0.6781666666666667 0.0163125 0.014416666666666666 
0 0.335375 0.6905 0.0225 0.018666666666666668 
0 0.32925 0.6971666666666667 0.026125 0.023666666666666666 
0 0.531125 0.6811666666666667 0.02275 0.027166666666666665 
0 0.3930625 0.6821666666666667 0.0220625 0.020083333333333335 
0 0.5059375 0.6765 0.0158125 0.034 
0 0.283125 0.6824600000000001 0.014 0.029039999999999965 
0 0.482625 0.68275 0.013625 0.0255 
0 0.074125 0.6823333333333333 0.0265 0.028166666666666666 
0 0.2925 0.6843333333333333 0.0244375 0.024333333333333332 
0 0.0136875 0.6869166666666666 0.0191875 0.02325 
0 0.022875 0.6865 0.022875 0.03198666666666668 
0 0.1605625 0.6888333333333333 0.0235625 0.029 
0 0.412125 0.6891666666666667 0.02375 0.02666666666666667 
0 0.573875 0.688 0.0115 0.023166666666666665 
0 0.55075 0.7078333333333333 0.025875 0.03233333333333333 
0 0.0619375 0.6901666666666667 0.015875 0.021666666666666667 
0 0.377125 0.6905 0.0215 0.015666666666666666 
0 0.513125 0.6884166666666667 0.01625 0.030416666666666668 
0 0.598625 0.6873333333333334 0.015625 0.04225 
0 0.5935625 0.69425 0.0125625 0.03525 
0 0.169875 0.6889166666666666 0.025 0.03241666666666667 
0 0.350875 0.6890833333333334 0.023625 0.026166666666666668 
0 0.194625 0.6910833333333334 0.01925 0.019083333333333334 
0 0.172625 0.6971666666666667 0.0180625 0.034583333333333334 
0 0.179375 0.7065 0.01575 0.02875 
0 0.1829375 0.7241666666666666 0.0176875 0.023 
0 0.214125 0.69125 0.0248125 0.034916666666666665 
0 0.663375 0.6938333333333333 0.0151875 0.034583333333333334 
0 0.5824375 0.6941666666666667 0.014907500000000027 0.0375 
0 0.6495 0.6941666666666667 0.0169375 0.034666666666666665 
0 0.221375 0.6935833333333333 0.033625 0.033916666666666664 
0 0.429875 0.6911666666666667 0.01325 0.027833333333333335 
0 0.42675 0.7118333333333333 0.01775 0.021 
0 0.4700625 0.69525 0.0203125 0.023583333333333335 
0 0.040875 0.6941666666666667 0.021375 0.03 
0 0.044375 0.7005 0.0205 0.03 
0 0.4024375 0.6871666666666667 0.021125 0.025916666666666668 
0 0.355125 0.6971666666666667 0.0226875 0.021666666666666667 
0 0.296375 0.6973333333333334 0.01925 0.03383333333333333 
0 0.4483125 0.6971666666666667 0.0265 0.019 
0 0.2015625 0.6995 0.0215625 0.030416666666666668 
0 0.287875 0.6986666666666667 0.021 0.028166666666666666 
0 0.373375 0.7018333333333333 0.02975 0.01925 
0 0.439375 0.6996666666666667 0.0098125 0.023 
0 0.1918125 0.7005833333333333 0.022875 0.029583333333333333 
0 0.690625 0.7035 0.01125 0.03233333333333333 
0 0.7141875 0.7021666666666667 0.01775 0.034666666666666665 
0 0.40875 0.7045 0.021125 0.038 
0 0.536 0.7048333333333333 0.0184375 0.035166666666666666 
0 0.609875 0.7051666666666667 0.0159375 0.03175 
0 0.64775 0.7143333333333334 0.011125 0.026166666666666668 
0 0.677875 0.7045 0.016375 0.03158333333333333 
0 0.085625 0.7010833333333333 0.03 0.030416666666666668 
0 0.550375 0.7075 0.02025 0.027333333333333334 
0 0.384875 0.7083333333333334 0.02975 0.03075 
0 0.624125 0.7101666666666666 0.01225 0.03266666666666666 
0 0.263375 0.7100833333333333 0.026125 0.034083333333333334 
0 0.330125 0.7108333333333333 0.025875 0.037333333333333336 
0 0.334125 0.7235 0.01925 0.03166666666666667 
0 0.499125 0.7095 0.01375 0.029833333333333333 
0 0.5764375 0.7108333333333333 0.0244375 0.03283333333333333 
0 0.438375 0.7115 0.022125 0.026333333333333334 
0 0.523875 0.71025 0.014375 0.03625 
0 0.306125 0.7105833333333333 0.014 0.029916666666666668 
0 0.374125 0.7128333333333333 0.02125 0.03233333333333333 
0 0.378125 0.73254 0.030904999999999974 0.022126666666666704 
0 0.693 0.7128333333333333 0.02425 0.033666666666666664 
0 0.317875 0.7148333333333333 0.0155 0.02666666666666667 
0 0.35125 0.7135 0.022375 0.03666666666666667 
0 0.404375 0.7158333333333333 0.012 0.022 
0 0.35875 0.7165 0.0204375 0.03766666666666667 
0 0.228875 0.7191666666666666 0.01525 0.024333333333333332 
0 0.510875 0.7179166666666666 0.0151875 0.04675 
0 0.721875 0.72025 0.02925 0.022916666666666665 
0 0.423 0.7196666666666667 0.018375 0.0265 
0 0.199125 0.72025 0.0179375 0.02325 
0 0.20975 0.7288333333333333 0.015625 0.02666666666666667 
0 0.1881875 0.7364166666666667 0.0239375 0.031083333333333334 
0 0.195125 0.7518333333333334 0.017 0.029666666666666668 
0 0.154625 0.73 0.02725 0.035166666666666666 
0 0.163625 0.7375 0.021625 0.03125 
0 0.17675 0.73625 0.018625 0.03691666666666667 
0 0.435 0.7358333333333333 0.0154375 0.021333333333333333 
0 0.450125 0.7371666666666666 0.01475 0.04 
0 0.464875 0.7361666666666666 0.0295 0.019 
0 0.116875 0.7350833333333333 0.0305625 0.033416666666666664 
0 0.4205 0.7345 0.015625 0.037333333333333336 
0 0.41675 0.7406666666666667 0.013375 0.03966666666666667 
0 0.444125 0.7408333333333333 0.01 0.023666666666666666 
0 0.040875 0.7415 0.01625 0.017333333333333333 
0 0.023875 0.7481666666666666 0.025 0.026 
0 0.224125 0.7413333333333333 0.0265 0.03783333333333333 
0 0.221125 0.7425 0.01675 0.03166666666666667 
0 0.245875 0.7435 0.0245 0.03666666666666667 
0 0.237375 0.7436666666666667 0.02375 0.0335 
0 0.389375 0.7413333333333333 0.02375 0.050666666666666665 
0 0.461875 0.74175 0.02175 0.03775 
0 0.474625 0.7441666666666666 0.0145 0.03166666666666667 
0 0.255125 0.7451666666666666 0.0251875 0.041 
0 0.261625 0.7498733333333333 0.03507249999999999 0.0346266666666667 
0 0.406375 0.7406666666666667 0.0215 0.05383333333333333 
0 0.487125 0.7436666666666667 0.023875 0.026833333333333334 
0 0.201625 0.7478333333333333 0.025 0.03766666666666667 
0 0.049625 0.7511666666666666 0.017 0.026333333333333334 
0 0.285625 0.7508333333333334 0.0255 0.02666666666666667 
0 0.347875 0.7508333333333334 0.01425 0.026 
0 0.354375 0.7528333333333334 0.01925 0.043333333333333335 
0 0.367375 0.7512066666666666 0.017595000000000027 0.0436266666666667 
0 0.378375 0.7517066666666666 0.0178125 0.0421266666666667 
0 0.318625 0.7532066666666666 0.0185625 0.03279333333333337 
0 0.3331875 0.7608333333333334 0.0206875 0.035666666666666666 
0 0.318625 0.7808333333333334 0.0155 0.039 
0 0.333875 0.7838333333333334 0.01675 0.035 
0 0.45375 0.7988333333333333 0.037125 0.02 
0 0.002375 0.8188333333333333 0.01925 0.02 
0 0.654625 0.8215 0.020375 0.029833333333333333 
0 0.707625 0.8455 0.03 0.024666666666666667 
0 0.0295 0.6794166666666667 0.01875 0.014083333333333333 
0 0.0471875 0.6724166666666667 0.0136875 0.018833333333333334 
0 0.044875 0.6780833333333334 0.026 0.023583333333333335 
0 0.097125 0.7043333333333334 0.0224375 0.033666666666666664 
0 0.113595 0.6891666666666667 0.016185 0.020666666666666667 
0 0.1035 0.7086666666666667 0.0213125 0.028333333333333332 
0 0.112625 0.7133333333333334 0.0169375 0.0295 
0 0.124625 0.70475 0.026625 0.0145 
0 0.155375 0.6806666666666666 0.0164375 0.01375 
0 0.1595 0.6635833333333333 0.024125 0.014583333333333334 
0 0.1498125 0.675 0.0236875 0.014333333333333333 
0 0.1473125 0.6876666666666666 0.014625 0.015666666666666666 
0 0.151 0.6895833333333333 0.0251875 0.020083333333333335 
0 0.151 0.7059166666666666 0.021625 0.02275 
0 0.1335 0.73 0.026875 0.03758333333333334 
0 0.1446875 0.7246666666666667 0.0296875 0.04275 
0 0.171 0.6664166666666667 0.0244375 0.02325 
0 0.1838125 0.674 0.0236875 0.018416666666666668 
0 0.17575 0.6735833333333333 0.0245 0.016916666666666667 
0 0.194875 0.6729166666666667 0.027 0.02 
0 0.1903125 0.6789166666666666 0.0275 0.02025 
0 0.1896875 0.6935 0.01725 0.013166666666666667 
0 0.244625 0.651 0.0215 0.027333333333333334 
0 0.253875 0.6485 0.02575 0.024833333333333332 
0 0.4495625 0.709 0.022875 0.03166666666666667 
0 0.4615625 0.7090833333333333 0.0176875 0.029583333333333333 
0 0.47822000000000003 0.7133733333333333 0.018529999999999974 0.038210000000000036 
0 0.4828125 0.7236666666666667 0.0238125 0.027166666666666665 
0 0.400875 0.8245833333333333 0.01775 0.013333333333333334 
0 0.384125 0.8306666666666667 0.0205625 0.022083333333333333 
0 0.4043125 0.8366666666666667 0.019625 0.010666666666666666 
0 0.47125 0.6738333333333333 0.0175625 0.022583333333333334 
0 0.6071875 0.6853333333333333 0.0204375 0.02675 
0 0.6343125 0.70225 0.0205625 0.03808333333333333 
0 0.543875 0.6153333333333333 0.020470000000000026 0.026539999999999963 
0 0.537625 0.6157066666666666 0.009404999999999972 0.016960000000000038 
