0 0.434625 0.32316666666666666 0.00925 0.012333333333333333 
0 0.463875 0.32716666666666666 0.00775 0.014666666666666666 
0 0.455375 0.3298333333333333 0.00975 0.016666666666666666 
0 0.486875 0.3318333333333333 0.0225 0.018 
0 0.506625 0.3405 0.011 0.018 
0 0.482875 0.3455 0.01475 0.012333333333333333 
0 0.538875 0.3335 0.01825 0.011666666666666667 
0 0.577875 0.3358333333333333 0.01225 0.014333333333333333 
0 0.478625 0.3368333333333333 0.008 0.010666666666666666 
0 0.525875 0.3365 0.00925 0.017333333333333333 
0 0.518625 0.3411666666666667 0.0085 0.015666666666666666 
0 0.470875 0.3418333333333333 0.011 0.010666666666666666 
0 0.567625 0.3438333333333333 0.0135 0.013666666666666667 
0 0.559625 0.3461666666666667 0.0085 0.010333333333333333 
0 0.537125 0.3471666666666667 0.01325 0.016666666666666666 
0 0.550625 0.3481666666666667 0.0085 0.007666666666666666 
0 0.434125 0.34883333333333333 0.01425 0.016666666666666666 
0 0.454125 0.3491666666666667 0.01225 0.014666666666666666 
0 0.455375 0.3635 0.01075 0.013333333333333334 
0 0.410375 0.3521666666666667 0.00975 0.015666666666666666 
0 0.419375 0.3555 0.01825 0.009666666666666667 
0 0.466625 0.3525 0.020375 0.014 
0 0.461875 0.3585 0.0185 0.012 
0 0.491625 0.3521666666666667 0.0115 0.015666666666666666 
0 0.556125 0.3575 0.01 0.013666666666666667 
0 0.573125 0.3581666666666667 0.00975 0.014333333333333333 
0 0.559125 0.35883333333333334 0.01375 0.014666666666666666 
0 0.546625 0.3575 0.00975 0.014 
0 0.541375 0.36583333333333334 0.00975 0.014333333333333333 
0 0.515125 0.35983333333333334 0.01475 0.013333333333333334 
0 0.405375 0.3611666666666667 0.013 0.013666666666666667 
0 0.397125 0.3621666666666667 0.0115 0.017333333333333333 
0 0.398125 0.37316666666666665 0.02375 0.025 
0 0.580125 0.3621666666666667 0.01125 0.021333333333333333 
0 0.594875 0.3631666666666667 0.0225 0.01633333333333333 
0 0.419625 0.3635 0.0095 0.018666666666666668 
0 0.433375 0.36383333333333334 0.01025 0.018333333333333333 
0 0.485875 0.36383333333333334 0.01125 0.023666666666666666 
0 0.564125 0.36383333333333334 0.0125 0.025333333333333333 
0 0.498125 0.36483333333333334 0.0135 0.013666666666666667 
0 0.524125 0.3675 0.01275 0.02033333333333333 
0 0.467375 0.36783333333333335 0.018 0.015333333333333332 
0 0.459125 0.37616666666666665 0.017 0.021666666666666667 
0 0.443625 0.36783333333333335 0.015 0.016666666666666666 
0 0.507125 0.37116666666666664 0.009 0.011666666666666667 
0 0.53725 0.37216666666666665 0.009375 0.015 
0 0.379875 0.37283333333333335 0.01975 0.010666666666666666 
0 0.548125 0.37316666666666665 0.00975 0.016 
0 0.556125 0.3745 0.0095 0.02 
0 0.535375 0.3868333333333333 0.02425 0.012666666666666666 
0 0.573625 0.37316666666666665 0.01175 0.015666666666666666 
0 0.436875 0.37883333333333336 0.012 0.02 
0 0.443125 0.3845 0.00925 0.018666666666666668 
0 0.499375 0.3795 0.01 0.01633333333333333 
0 0.5138175 0.38083333333333336 0.020557500000000003 0.02722000000000003 
0 0.413375 0.38116666666666665 0.01875 0.035333333333333335 
0 0.493875 0.3825 0.01075 0.021 
0 0.477875 0.38383333333333336 0.016 0.017 
0 0.5067875000000001 0.38483333333333336 0.008087499999999977 0.01930333333333336 
0 0.452875 0.3858333333333333 0.00925 0.023 
0 0.471625 0.3878333333333333 0.01225 0.023 
0 0.570625 0.3885 0.023 0.011333333333333334 
0 0.392125 0.39316666666666666 0.0125 0.02 
0 0.459625 0.3988333333333333 0.01175 0.025666666666666667 
0 0.431875 0.40016666666666667 0.0215 0.011666666666666667 
0 0.516875 0.4031666666666667 0.015 0.023 
0 0.53195 0.40317 0.01455250000000001 0.025679999999999988 
0 0.486375 0.4035 0.00925 0.02266666666666667 
0 0.500375 0.4075 0.0095 0.027 
0 0.387875 0.4098333333333333 0.0125 0.023666666666666666 
0 0.510375 0.4098333333333333 0.00775 0.019333333333333334 
0 0.437125 0.4111666666666667 0.01475 0.018333333333333333 
0 0.492875 0.4131666666666667 0.01125 0.02266666666666667 
0 0.615625 0.4195 0.01075 0.024333333333333332 
0 0.536625 0.4245 0.0135 0.019666666666666666 
0 0.478125 0.42483333333333334 0.01075 0.016 
0 0.467625 0.42916666666666664 0.01525 0.029333333333333333 
0 0.483625 0.43983333333333335 0.017 0.020666666666666667 
0 0.474125 0.4535 0.02225 0.011666666666666667 
0 0.624625 0.4251666666666667 0.01425 0.023333333333333334 
0 0.584875 0.4275 0.01475 0.02666666666666667 
0 0.514875 0.42883333333333334 0.0125 0.018 
0 0.645375 0.42883333333333334 0.01425 0.024 
0 0.543875 0.4305 0.0145 0.019333333333333334 
0 0.528875 0.44416666666666665 0.014875 0.024666666666666667 
0 0.576375 0.43016666666666664 0.013 0.023333333333333334 
0 0.403875 0.43116666666666664 0.02 0.012666666666666666 
0 0.411875 0.43583333333333335 0.02025 0.019 
0 0.522625 0.43083333333333335 0.01525 0.02033333333333333 
0 0.557875 0.43316666666666664 0.01025 0.02033333333333333 
0 0.563875 0.43416666666666665 0.0145 0.028 
0 0.635625 0.43816666666666665 0.0115 0.019666666666666666 
0 0.425625 0.4395 0.0135 0.024666666666666667 
0 0.602875 0.4395 0.011 0.019666666666666666 
0 0.440375 0.44083333333333335 0.0105 0.025333333333333333 
0 0.613625 0.44116666666666665 0.0105 0.02033333333333333 
0 0.502625 0.44216666666666665 0.01975 0.015 
0 0.593375 0.44916666666666666 0.017 0.027 
0 0.659625 0.44383333333333336 0.01375 0.018333333333333333 
0 0.668375 0.45916666666666667 0.01525 0.02666666666666667 
0 0.648625 0.4445 0.0135 0.016 
0 0.648375 0.4598333333333333 0.0185 0.023666666666666666 
0 0.674625 0.4455 0.01275 0.021 
0 0.540625 0.44783333333333336 0.013 0.027 
0 0.621625 0.4475 0.01275 0.022 
0 0.606375 0.45316666666666666 0.03225 0.027333333333333334 
0 0.697125 0.44816666666666666 0.01725 0.027666666666666666 
0 0.514625 0.4498333333333333 0.0175 0.018666666666666668 
0 0.554125 0.45016666666666666 0.01275 0.030333333333333334 
0 0.498125 0.45316666666666666 0.019 0.013 
0 0.567625 0.45516666666666666 0.01225 0.025333333333333333 
0 0.683375 0.4555 0.00975 0.028666666666666667 
0 0.578125 0.45616666666666666 0.01 0.028 
0 0.5865 0.45616666666666666 0.014875 0.023666666666666666 
0 0.639375 0.45716666666666667 0.0145 0.027666666666666666 
0 0.658875 0.4628333333333333 0.013 0.016666666666666666 
0 0.667375 0.4785 0.0055 0.008666666666666666 
0 0.690125 0.4625 0.02225 0.027333333333333334 
0 0.539375 0.4645 0.01775 0.024 
0 0.719125 0.4651666666666667 0.01625 0.025333333333333333 
0 0.634375 0.4701666666666667 0.0125 0.027333333333333334 
0 0.614375 0.47783333333333333 0.02175 0.019 
0 0.437375 0.48683333333333334 0.0135 0.031 
0 0.459375 0.4955 0.0285 0.02266666666666667 
0 0.617875 0.5261666666666667 0.01575 0.025 
0 0.431375 0.5961666666666666 0.02025 0.018333333333333333 
0 0.409375 0.6498333333333334 0.01325 0.013 
0 0.694125 0.6745 0.016 0.035666666666666666 
0 0.744375 0.8631666666666666 0.01625 0.028333333333333332 
0 0.747875 0.8886666666666667 0.011 0.0065 
0 0.4565825 0.42973333333333336 0.0135 0.02099666666666667 
0 0.46045749999999996 0.43506666666666666 0.01375 0.03049333333333334 
0 0.597 0.44218999999999997 0.006125 0.01250666666666666 
