0 0.3375 0.3456666666666667 0.02875 0.041 
0 0.52225 0.65 0.02775 0.03966666666666667 
0 0.204 0.37866666666666665 0.02675 0.047 
0 0.48925 0.6106666666666667 0.02175 0.055 
0 0.58825 0.6786666666666666 0.02625 0.05566666666666667 
0 0.609 0.7013333333333334 0.0425 0.029666666666666668 
0 0.613 0.6543333333333333 0.02675 0.063 
0 0.56025 0.22266666666666668 0.021 0.052333333333333336 
0 0.4655 0.6166666666666667 0.02375 0.054 
0 0.66675 0.344 0.02125 0.07333333333333333 
0 0.6 0.6273333333333333 0.02825 0.050666666666666665 
0 0.54025 0.6003333333333334 0.02425 0.048666666666666664 
0 0.404 0.21033333333333334 0.029129999999999996 0.055 
0 0.58675 0.33066666666666666 0.021 0.04033333333333333 
0 0.24775 0.2733333333333333 0.02475 0.05366666666666667 
0 0.45625 0.35433333333333333 0.0235 0.050666666666666665 
0 0.185 0.37233333333333335 0.02275 0.055 
0 0.33125 0.414 0.0225 0.04766666666666667 
0 0.545 0.365 0.022 0.056 
0 0.5665 0.4023333333333333 0.04125 0.029 
0 0.53075 0.25133333333333335 0.01925 0.055 
0 0.327 0.6176666666666667 0.029 0.045 
0 0.51425 0.575 0.03425 0.047 
0 0.60425 0.3963333333333333 0.029 0.05266666666666667 
0 0.226 0.3486666666666667 0.0255 0.058666666666666666 
0 0.14875 0.28 0.025 0.035 
0 0.47575 0.267 0.029 0.04 
0 0.73475 0.35833333333333334 0.021 0.058 
0 0.4595 0.9563333333333334 0.022 0.025 
0 0.294 0.44233333333333336 0.04225 0.035666666666666666 
0 0.39125 0.36533333333333334 0.02125 0.06766666666666667 
0 0.31775 0.376 0.0225 0.06 
0 0.357 0.6816666666666666 0.04475 0.03233333333333333 
0 0.61725 0.23933333333333334 0.03976250000000005 0.03133333333333333 
0 0.44875 0.6133333333333333 0.01825 0.043333333333333335 
0 0.2965 0.2663333333333333 0.032 0.04533333333333334 
0 0.163 0.36666666666666664 0.03 0.03833333333333333 
0 0.36375 0.621 0.02375 0.057 
0 0.5 0.42033333333333334 0.02925 0.065 
0 0.65075 0.361 0.022 0.06666666666666667 
0 0.61 0.299 0.026 0.03233333333333333 
0 0.27 0.336 0.02225 0.03833333333333333 
0 0.44375 0.702 0.0185 0.04466666666666667 
0 0.212 0.2713333333333333 0.0255 0.037333333333333336 
0 0.563 0.6726666666666666 0.02325 0.059 
0 0.41675 0.3243333333333333 0.0225 0.03166666666666667 
0 0.51375 0.327 0.03075 0.024333333333333332 
0 0.44525 0.554 0.02275 0.057666666666666665 
0 0.328 0.698 0.0305 0.05733333333333333 
0 0.435 0.662 0.0165 0.067 
0 0.60375 0.3283333333333333 0.026 0.03166666666666667 
0 0.4995 0.26466666666666666 0.0195 0.04633333333333333 
0 0.13625 0.33666666666666667 0.0245 0.059 
0 0.6035 0.24966666666666668 0.02375 0.04733333333333333 
0 0.465 0.5633333333333334 0.02375 0.06066666666666667 
0 0.39675 0.31266666666666665 0.02 0.051666666666666666 
0 0.68675 0.30433333333333334 0.04275 0.03333333333333333 
0 0.4205 0.21166666666666667 0.040382499999999995 0.052 
0 0.51225 0.6416666666666667 0.017 0.023 
0 0.35075 0.392 0.033 0.04933333333333333 
0 0.2925 0.31966666666666665 0.03025 0.029333333333333333 
0 0.62775 0.286 0.022 0.030333333333333334 
0 0.293 0.3383333333333333 0.0305 0.028 
0 0.48225 0.672 0.0215 0.05566666666666667 
0 0.36377 0.706 0.040480000000000016 0.041 
0 0.55 0.18433333333333332 0.02775 0.043 
0 0.3695 0.31 0.02125 0.023333333333333334 
0 0.45975 0.6503333333333333 0.0275 0.05533333333333333 
0 0.678 0.271 0.02175 0.050333333333333334 
0 0.631 0.35933333333333334 0.02375 0.065 
0 0.458 0.6843333333333333 0.02775 0.06133333333333333 
0 0.415 0.4083333333333333 0.02525 0.042333333333333334 
0 0.5465 0.2886666666666667 0.0155 0.028333333333333332 
0 0.24725 0.3016666666666667 0.029 0.05266666666666667 
0 0.29825 0.244 0.035 0.03233333333333333 
0 0.3425 0.648 0.028 0.04633333333333333 
0 0.34 0.2966666666666667 0.02675 0.05333333333333334 
0 0.121 0.34 0.01775 0.05433333333333333 
0 0.38 0.5876666666666667 0.0315 0.030333333333333334 
0 0.52025 0.22066666666666668 0.0305 0.03133333333333333 
0 0.39875 0.2966666666666667 0.0305 0.026333333333333334 
0 0.515 0.309 0.035 0.02266666666666667 
0 0.4245 0.3006666666666667 0.03275 0.03133333333333333 
0 0.44625 0.6613333333333333 0.01675 0.030333333333333334 
0 0.576 0.23 0.023 0.04033333333333333 
0 0.20075 0.268 0.018 0.049 
0 0.1465 0.316 0.04325 0.027666666666666666 
0 0.25 0.338 0.02175 0.06433333333333334 
0 0.54075 0.6543333333333333 0.01975 0.051666666666666666 
0 0.38 0.3413333333333333 0.01925 0.055 
0 0.2215 0.31633333333333336 0.01875 0.05433333333333333 
0 0.269 0.38766666666666666 0.025 0.051666666666666666 
0 0.4695 0.3253333333333333 0.03875 0.026 
0 0.29 0.36533333333333334 0.021 0.076 
0 0.43275 0.5986666666666667 0.0195 0.04766666666666667 
0 0.19225 0.2906666666666667 0.0155 0.072 
0 0.62725 0.2623333333333333 0.035137500000000044 0.03166666666666667 
0 0.56 0.2916666666666667 0.02075 0.04633333333333333 
0 0.57475 0.63 0.0235 0.05533333333333333 
0 0.412 0.601 0.02475 0.057 
0 0.277 0.418 0.023 0.05433333333333333 
0 0.299 0.4073333333333333 0.02275 0.04933333333333333 
0 0.17326 0.27566666666666667 0.018252499999999998 0.044 
0 0.14175749999999998 0.33266666666666667 0.029502499999999997 0.028666666666666667 
0 0.167375 0.3284166666666667 0.029127499999999997 0.0305 
0 0.20613 0.31533333333333335 0.021127499999999997 0.079 
0 0.27426 0.2785 0.0235025 0.05533333333333333 
0 0.28738749999999996 0.2738333333333333 0.029502499999999997 0.052833333333333336 
0 0.269385 0.30416666666666664 0.022502499999999998 0.038 
0 0.2331325 0.2871666666666667 0.020502499999999996 0.06216666666666667 
0 0.3468825 0.24166666666666667 0.0231275 0.05683333333333333 
0 0.3258825 0.25066666666666665 0.0225 0.05733333333333333 
0 0.3233825 0.2955 0.0340025 0.0565 
0 0.36225999999999997 0.25583333333333336 0.022125 0.06483333333333334 
0 0.379385 0.24966666666666668 0.028377499999999996 0.06166666666666667 
0 0.361635 0.321 0.022875 0.06816666666666667 
0 0.385635 0.2815 0.020252499999999996 0.061 
0 0.3086325 0.3446666666666667 0.039252499999999996 0.06316666666666666 
0 0.340385 0.37 0.031377499999999996 0.05 
0 0.396015 0.4106666666666667 0.031752499999999996 0.058333333333333334 
0 0.4086325 0.3615 0.020252499999999996 0.05433333333333333 
0 0.4147575 0.3408333333333333 0.030377499999999998 0.07566666666666666 
0 0.43801 0.374 0.022127499999999998 0.060833333333333336 
0 0.43401 0.3258333333333333 0.021875 0.05416666666666667 
0 0.44976 0.31566666666666665 0.029627499999999998 0.05533333333333333 
0 0.4653875 0.3451666666666667 0.0371275 0.07816666666666666 
0 0.48951249999999996 0.37283333333333335 0.026127499999999998 0.051833333333333335 
0 0.3792675 0.4826666666666667 0.0530025 0.039 
0 0.42901249999999996 0.2821666666666667 0.0446275 0.034833333333333334 
0 0.46889 0.28583333333333333 0.043127500000000055 0.041166666666666664 
0 0.421135 0.2655 0.050754999999999995 0.025166666666666667 
0 0.43651249999999997 0.24233333333333335 0.0336275 0.030166666666666668 
0 0.473765 0.2465 0.04537750000000006 0.026166666666666668 
0 0.467015 0.21666666666666667 0.0421275 0.050833333333333335 
0 0.5128175 0.25225 0.021815000000000053 0.066 
0 0.5423875 0.22833333333333333 0.02312749999999994 0.067 
0 0.56639 0.26166666666666666 0.022625 0.07 
0 0.581015 0.2618333333333333 0.026252500000000054 0.05383333333333333 
0 0.5911425 0.2623333333333333 0.02025 0.06566666666666666 
0 0.5735125000000001 0.33466666666666667 0.026002499999999942 0.0725 
0 0.5541375000000001 0.3413333333333333 0.03100249999999994 0.06416666666666666 
0 0.52426 0.33566666666666667 0.028002500000000055 0.068 
0 0.4980075 0.3328333333333333 0.029252499999999997 0.07883333333333334 
0 0.5060074999999999 0.3445 0.0272525 0.05616666666666666 
0 0.6090675 0.294 0.013502500000000054 0.027833333333333335 
0 0.6583875 0.24366666666666667 0.025875 0.06233333333333333 
0 0.6630125 0.2955 0.02325 0.05383333333333333 
0 0.6375125 0.30566666666666664 0.03975249999999994 0.04083333333333333 
0 0.62701 0.32766666666666666 0.04100499999999999 0.035833333333333335 
0 0.59113 0.35875 0.036752500000000056 0.04733333333333333 
0 0.61188 0.3471666666666667 0.028565000000000056 0.05733333333333333 
0 0.68551 0.3285 0.044004999999999996 0.0355 
0 0.680885 0.3531666666666667 0.03337750000000005 0.0625 
0 0.6987625000000001 0.3398333333333333 0.03237749999999994 0.06783333333333333 
0 0.7151375000000001 0.36683333333333334 0.02137749999999994 0.0645 
0 0.37951999999999997 0.606 0.045505 0.035666666666666666 
0 0.36277 0.6333333333333333 0.046502499999999995 0.05733333333333333 
0 0.3890225 0.651 0.03 0.06966666666666667 
0 0.3982725 0.702 0.0375025 0.05333333333333334 
0 0.40902249999999996 0.6633333333333333 0.026252499999999998 0.06466666666666666 
0 0.421025 0.6563333333333333 0.01825 0.052333333333333336 
0 0.4264425 0.6384166666666666 0.029377499999999997 0.027166666666666665 
0 0.48125999999999997 0.632 0.0230025 0.06183333333333333 
0 0.5025125 0.6575 0.023125000000000055 0.06783333333333333 
0 0.5155125 0.6778333333333333 0.02675249999999994 0.05583333333333333 
0 0.54764 0.6806666666666666 0.02075 0.059833333333333336 
0 0.555635 0.7131666666666666 0.03938 0.044 
0 0.5570125 0.618 0.0205 0.06516666666666666 
0 0.5056375 0.5871666666666666 0.0335025 0.059833333333333336 
0 0.4971375 0.5931666666666666 0.0337525 0.058666666666666666 
0 0.48427499999999996 0.8066666666666666 0.029002500000000056 0.06266666666666666 
0 0.4752725 0.9203333333333333 0.0335025 0.04566666666666667 
0 0.15483000000000002 0.35189333333333334 0.045247499999999975 0.03765666666666668 
0 0.25857749999999996 0.3635566666666667 0.043625 0.06264999999999994 
0 0.54287 0.31516666666666665 0.022247499999999944 0.025660000000000006 
