0 0.3945 0.5266666666666666 0.02975 0.028666666666666667 
0 0.811 0.5266666666666666 0.02175 0.034 
0 0.635 0.6326666666666667 0.01875 0.03966666666666667 
0 0.36775 0.553 0.02175 0.023 
0 0.513 0.64 0.03025 0.021666666666666667 
0 0.60025 0.612 0.026 0.026 
0 0.655 0.52 0.02525 0.036333333333333336 
0 0.517 0.6276666666666667 0.02775 0.022 
0 0.6215 0.6476666666666666 0.0175 0.03833333333333333 
0 0.60825 0.5383333333333333 0.02875 0.03 
0 0.5865 0.6246666666666667 0.0115 0.043666666666666666 
0 0.598 0.6263333333333333 0.019 0.035666666666666666 
0 0.5725 0.6046666666666667 0.016 0.04566666666666667 
0 0.638 0.5373333333333333 0.02775 0.021 
0 0.595 0.6543333333333333 0.01625 0.037 
0 0.78575 0.38466666666666666 0.01675 0.021333333333333333 
0 0.38125 0.5483333333333333 0.029125 0.023666666666666666 
0 0.81875 0.38033333333333336 0.0115 0.025333333333333333 
0 0.60975 0.6376666666666667 0.01475 0.04033333333333333 
0 0.54575 0.6166666666666667 0.01825 0.03333333333333333 
0 0.61925 0.614 0.01475 0.04766666666666667 
0 0.5415 0.6446666666666667 0.0175 0.027666666666666666 
0 0.563 0.6263333333333333 0.013 0.048 
0 0.5535 0.621 0.01175 0.03766666666666667 
0 0.55975 0.5546666666666666 0.01675 0.03933333333333333 
0 0.575 0.6436666666666667 0.015 0.04066666666666666 
0 0.77975 0.36133333333333334 0.014 0.017333333333333333 
0 0.5645 0.616 0.0125 0.011 
0 0.5557925 0.6591333333333333 0.01175 0.019493333333333338 
0 0.6668775 0.5247066666666667 0.030622499999999945 0.02932666666666667 
0 0.3876275 0.5387033333333333 0.039622500000000005 0.021326666666666674 
0 0.7021675 0.3554966666666667 0.032 0.029323333333333344 
