0 0.78025 0.6296666666666667 0.019 0.035 
0 0.81875 0.6146666666666667 0.01525 0.04533333333333334 
0 0.53625 0.492 0.0175 0.035 
0 0.436 0.5403333333333333 0.029 0.026 
0 0.61325 0.5953333333333334 0.01275 0.044333333333333336 
0 0.461 0.533 0.022 0.027333333333333334 
0 0.753 0.62 0.0215 0.034666666666666665 
0 0.056 0.6476666666666666 0.03175 0.024333333333333332 
0 0.3645 0.64 0.03325 0.019666666666666666 
0 0.793 0.527 0.0225 0.030333333333333334 
0 0.035 0.661 0.0305 0.03766666666666667 
0 0.73175 0.38566666666666666 0.02275 0.02666666666666667 
0 0.66225 0.316 0.023 0.02 
0 0.65275 0.43466666666666665 0.02175 0.025 
0 0.56825 0.4103333333333333 0.012 0.037 
0 0.7325 0.43533333333333335 0.01975 0.025 
0 0.36425 0.44666666666666666 0.01675 0.027666666666666666 
0 0.43 0.569 0.02425 0.027333333333333334 
0 0.395 0.43266666666666664 0.01575 0.03266666666666666 
0 0.46 0.4136666666666667 0.01425 0.03133333333333333 
0 0.42 0.444 0.02075 0.028 
0 0.425 0.4693333333333333 0.02225 0.025333333333333333 
0 0.40375 0.5253333333333333 0.02025 0.034 
0 0.4955 0.39666666666666667 0.01625 0.024 
0 0.668 0.358 0.01825 0.013666666666666667 
0 0.6705 0.5473333333333333 0.0125 0.035666666666666666 
0 0.3595 0.4073333333333333 0.024 0.018333333333333333 
0 0.7625 0.481 0.01175 0.034 
0 0.5425 0.533 0.024 0.026 
0 0.74775 0.504 0.01825 0.029 
0 0.6255 0.43233333333333335 0.017 0.028666666666666667 
0 0.54475 0.5156666666666667 0.0245 0.026333333333333334 
0 0.874 0.5953333333333334 0.0295 0.03133333333333333 
0 0.6205 0.39 0.01325 0.027333333333333334 
0 0.64625 0.4523333333333333 0.02 0.025666666666666667 
0 0.4225 0.557 0.015 0.03333333333333333 
0 0.668 0.433 0.01425 0.02666666666666667 
0 0.7405 0.4543333333333333 0.01925 0.024333333333333332 
0 0.74875 0.48533333333333334 0.01375 0.03133333333333333 
0 0.5245 0.37133333333333335 0.01325 0.019333333333333334 
0 0.72675 0.454 0.0135 0.03333333333333333 
0 0.7405 0.5283333333333333 0.01325 0.03933333333333333 
0 0.6225 0.5586666666666666 0.01975 0.027666666666666666 
0 0.77075 0.476 0.014 0.034 
0 0.6565 0.6083333333333333 0.013 0.04633333333333333 
0 0.696 0.459 0.01975 0.024666666666666667 
0 0.4145 0.364 0.02125 0.012666666666666666 
0 0.25825 0.62 0.013 0.03933333333333333 
0 0.32725 0.5793333333333334 0.02 0.04 
0 0.678 0.5006666666666667 0.01925 0.027666666666666666 
0 0.2185 0.6273333333333333 0.024 0.027333333333333334 
0 0.735 0.49833333333333335 0.01525 0.03333333333333333 
0 0.7125 0.411 0.02175 0.023 
0 0.5845 0.35833333333333334 0.01225 0.021666666666666667 
0 0.41325 0.49366666666666664 0.01875 0.032 
0 0.5735 0.5743333333333334 0.02 0.042 
0 0.37025 0.419 0.023 0.015 
0 0.505 0.381 0.0205 0.016 
0 0.3265 0.43166666666666664 0.01825 0.026333333333333334 
0 0.4 0.37233333333333335 0.02175 0.01633333333333333 
0 0.46575 0.6333333333333333 0.0175 0.04033333333333333 
0 0.89825 0.5203333333333333 0.03475 0.018 
0 0.489 0.619 0.0155 0.042333333333333334 
0 0.06075 0.665 0.03375 0.026333333333333334 
0 0.78225 0.606 0.02625 0.017 
0 0.69075 0.34 0.01825 0.02 
0 0.5005 0.582 0.02625 0.019333333333333334 
0 0.47225 0.332 0.02775 0.017333333333333333 
0 0.26975 0.5943333333333334 0.02325 0.027 
0 0.52425 0.3893333333333333 0.02075 0.02 
0 0.3635 0.432 0.0235 0.017 
0 0.4245 0.38066666666666665 0.01425 0.026333333333333334 
0 0.43625 0.35 0.01675 0.018 
0 0.658 0.5833333333333334 0.02825 0.017666666666666667 
0 0.41925 0.597 0.017 0.03833333333333333 
0 0.6275 0.537 0.01875 0.027666666666666666 
0 0.3515 0.397 0.023 0.021666666666666667 
0 0.526 0.5086666666666667 0.01825 0.03166666666666667 
0 0.55775 0.3516666666666667 0.01225 0.023666666666666666 
0 0.851 0.6743333333333333 0.02125 0.03766666666666667 
0 0.7145 0.4653333333333333 0.01375 0.032 
0 0.58575 0.496 0.0105 0.03166666666666667 
0 0.565 0.3453333333333333 0.013 0.023 
0 0.466 0.4716666666666667 0.01425 0.029333333333333333 
0 0.6245 0.32266666666666666 0.01225 0.022333333333333334 
0 0.58425 0.5296666666666666 0.01675 0.023666666666666666 
0 0.50325 0.3496666666666667 0.01275 0.021 
0 0.6505 0.5506666666666666 0.01125 0.03266666666666666 
0 0.70975 0.37966666666666665 0.01275 0.031 
0 0.50275 0.445 0.01875 0.027666666666666666 
0 0.6085 0.4513333333333333 0.01625 0.030333333333333334 
0 0.70275 0.409 0.01775 0.021666666666666667 
0 0.4855 0.352 0.013 0.024333333333333332 
0 0.51325 0.3943333333333333 0.01575 0.012333333333333333 
0 0.60325 0.475 0.0185 0.027666666666666666 
0 0.66675 0.33666666666666667 0.02375 0.014666666666666666 
0 0.58925 0.34685 0.024247499999999946 0.013483333333333349 
0 0.4135 0.355 0.0255 0.013666666666666667 
0 0.5555 0.503 0.02025 0.021666666666666667 
0 0.511 0.49966666666666665 0.0165 0.032 
0 0.55875 0.4256666666666667 0.01475 0.027666666666666666 
0 0.7255 0.35833333333333334 0.02325 0.014666666666666666 
0 0.49575 0.5053333333333333 0.01275 0.03333333333333333 
0 0.70175 0.42433333333333334 0.01475 0.030333333333333334 
0 0.64 0.49966666666666665 0.01975 0.016666666666666666 
0 0.601 0.42866666666666664 0.02 0.012666666666666666 
0 0.5485 0.36133333333333334 0.0105 0.026 
0 0.68675 0.5073333333333333 0.015 0.032 
0 0.47625 0.48966666666666664 0.01125 0.03133333333333333 
0 0.3575 0.38466666666666666 0.02425 0.017 
0 0.41975 0.433 0.02425 0.018 
0 0.62625 0.4053333333333333 0.0215 0.012 
0 0.49625 0.4876666666666667 0.016 0.027666666666666666 
0 0.447415 0.41833333333333333 0.01183499999999998 0.027666666666666666 
0 0.479 0.635 0.01425 0.038 
0 0.63 0.5196666666666667 0.011 0.025333333333333333 
0 0.28275 0.611 0.01825 0.04566666666666667 
0 0.70475 0.363 0.01325 0.026 
0 0.6495 0.327 0.0185 0.018 
0 0.8715 0.6113333333333333 0.01825 0.04133333333333333 
0 0.6575 0.3566666666666667 0.02175 0.02666666666666667 
0 0.69525 0.38966666666666666 0.02 0.023666666666666666 
0 0.8705 0.5516666666666666 0.01875 0.029333333333333333 
0 0.64525 0.39509 0.022497499999999945 0.016576666666666674 
0 0.45075 0.35633333333333334 0.01275 0.02266666666666667 
0 0.4555 0.38466666666666666 0.016 0.025333333333333333 
0 0.5765 0.35133333333333333 0.01275 0.023 
0 0.2855 0.5966666666666667 0.02225 0.02266666666666667 
0 0.47375 0.5206666666666667 0.016 0.03333333333333333 
0 0.60575 0.31966666666666665 0.0125 0.02266666666666667 
0 0.42925 0.37066666666666664 0.02075 0.013 
0 0.5225 0.33366666666666667 0.02275 0.015 
0 0.39425 0.5776666666666667 0.01525 0.04033333333333333 
0 0.362 0.5846666666666667 0.016 0.038 
0 0.59125 0.313 0.0145 0.02033333333333333 
0 0.53925 0.346 0.01925 0.015333333333333332 
0 0.66675 0.61 0.01575 0.03766666666666667 
0 0.2275 0.6053333333333333 0.02775 0.024666666666666667 
0 0.63975 0.5796666666666667 0.0195 0.035666666666666666 
0 0.8395 0.6046666666666667 0.015 0.03966666666666667 
0 0.74175 0.6223333333333333 0.0215 0.032 
0 0.40025 0.419 0.01325 0.035666666666666666 
0 0.577 0.43633333333333335 0.0235 0.02 
0 0.63575 0.383 0.023 0.014 
0 0.5325 0.611 0.026747499999999945 0.016666666666666666 
0 0.553 0.487 0.01725 0.016 
0 0.7665 0.6326666666666667 0.0175 0.030666666666666665 
0 0.8225 0.483 0.02475 0.022333333333333334 
0 0.531 0.621 0.02025 0.034 
0 0.675 0.3496666666666667 0.0185 0.011 
0 0.589 0.6156666666666667 0.0225 0.023333333333333334 
0 0.7135 0.3383333333333333 0.01125 0.017 
0 0.31425 0.64 0.023 0.026 
0 0.269375 0.6064766666666667 0.01675 0.02849333333333334 
0 0.26875 0.6234733333333333 0.018125 0.03982333333333334 
0 0.24 0.6108100000000001 0.026 0.03582333333333334 
0 0.243 0.6169766666666667 0.02175 0.03749000000000001 
0 0.307 0.6101433333333334 0.018122500000000003 0.03749000000000001 
0 0.29525 0.61331 0.015625 0.041490000000000006 
0 0.3203725 0.5961466666666667 0.021125 0.033823333333333344 
0 0.3143725 0.6074766666666667 0.02875 0.03432666666666667 
0 0.3459975 0.5961466666666667 0.02125 0.030993333333333338 
0 0.3779975 0.5899833333333333 0.01125 0.029823333333333344 
0 0.3876225 0.5891500000000001 0.00925 0.033823333333333344 
0 0.4036225 0.5854833333333334 0.016375 0.03615666666666668 
0 0.3964975 0.6868033333333333 0.01975 0.04798666666666668 
0 0.4347475 0.64448 0.0165 0.040489999999999936 
0 0.4419975 0.62482 0.0175 0.03999000000000001 
0 0.4552475 0.6364833333333334 0.0205 0.019326666666666673 
0 0.4502475 0.6244866666666666 0.03225 0.01599666666666667 
0 0.4312475 0.5884966666666667 0.01575 0.04165333333333335 
0 0.4397475 0.5974933333333333 0.01525 0.033656666666666675 
0 0.4469975 0.56899 0.017375 0.03165666666666667 
0 0.4547475 0.6043133333333334 0.02325 0.021660000000000006 
0 0.4637475 0.6028133333333333 0.020625 0.029160000000000005 
0 0.4593725 0.5848166666666667 0.0245 0.01249666666666667 
0 0.4541225 0.5893166666666667 0.0275 0.01733 
0 0.4783725 0.5563266666666666 0.01625 0.03899000000000001 
0 0.4813725 0.5948166666666667 0.01925 0.040153333333333346 
0 0.4918725 0.60748 0.027499999999999945 0.031156666666666676 
0 0.4981225 0.6209766666666667 0.017249999999999942 0.040320000000000016 
0 0.3961225 0.5314766666666667 0.01525 0.03182333333333334 
0 0.4284975 0.5059833333333333 0.014625 0.03165666666666667 
0 0.4403725 0.5023166666666666 0.014375 0.03632333333333334 
0 0.4486225 0.4904866666666667 0.011125 0.028656666666666674 
0 0.4564975 0.4894866666666667 0.01375 0.03715666666666668 
0 0.4645 0.49966 0.0135625 0.03874000000000001 
0 0.4876875 0.56732 0.017125 0.03799000000000001 
0 0.49575 0.5976533333333334 0.0265 0.01424666666666667 
0 0.5143125 0.6002366666666666 0.012125 0.04232000000000001 
0 0.505375 0.5569966666666667 0.022125 0.02607666666666667 
0 0.494375 0.5439933333333333 0.0114375 0.03199333333333334 
0 0.484375 0.50375 0.01225 0.039906666666666674 
0 0.5045625 0.5111633333333333 0.0149375 0.03982333333333334 
0 0.51325 0.53674 0.026125 0.028410000000000005 
0 0.521625 0.52266 0.023125 0.04482333333333334 
0 0.5095 0.54957 0.02575 0.027410000000000007 
0 0.5227474999999999 0.56764 0.01875 0.033990000000000006 
0 0.5256225 0.5893 0.01375 0.03132666666666667 
0 0.5248725 0.6196266666666667 0.01 0.030326666666666596 
0 0.5376224999999999 0.56464 0.01275 0.03899000000000001 
0 0.5373724999999999 0.6002966666666667 0.0295 0.02299666666666667 
0 0.5444975 0.6231266666666667 0.023375 0.01615999999999993 
0 0.5571225 0.5916333333333333 0.019 0.022660000000000007 
0 0.5661225 0.60163 0.013 0.0406566666666666 
0 0.5571225 0.63179 0.022875 0.02932666666666667 
0 0.5512474999999999 0.63862 0.022375 0.028326666666666674 
0 0.5467474999999999 0.5698066666666667 0.017625 0.032156666666666674 
0 0.5531225 0.5663066666666667 0.019 0.028826666666666674 
0 0.5418725 0.5443133333333333 0.026625 0.026826666666666672 
0 0.5666224999999999 0.53215 0.01525 0.047320000000000015 
0 0.5782474999999999 0.5396466666666667 0.012875 0.03965666666666667 
0 0.5869975 0.54498 0.02175 0.026826666666666672 
0 0.5948724999999999 0.5611433333333333 0.011 0.027656666666666677 
0 0.5859975 0.5758033333333333 0.011 0.03782333333333334 
0 0.5741225 0.6004633333333333 0.01475 0.04348999999999993 
0 0.5858724999999999 0.6319566666666666 0.0195 0.02449333333333334 
0 0.5954974999999999 0.6349566666666666 0.024125 0.016326666666666673 
0 0.5951225 0.5889733333333333 0.01125 0.028160000000000004 
0 0.6013725 0.59547 0.01225 0.03449333333333334 
0 0.6229975 0.6008033333333334 0.01125 0.03132666666666667 
0 0.6294974999999999 0.6018033333333334 0.019125 0.03999000000000001 
0 0.6056225 0.56448 0.012625 0.033823333333333344 
0 0.6149975 0.5554833333333333 0.018625 0.04748666666666668 
0 0.6313724999999999 0.5651466666666667 0.017375 0.03965666666666667 
0 0.5913725 0.5246566666666667 0.02 0.029160000000000005 
0 0.6067475 0.5346533333333333 0.01175 0.030160000000000006 
0 0.564375 0.5089933333333333 0.014997499999999945 0.03049333333333334 
0 0.5765 0.49066666666666664 0.010747499999999945 0.04815333333333335 
0 0.6161224999999999 0.53782 0.01275 0.032656666666666674 
0 0.6214974999999999 0.5198233333333333 0.011125 0.03366000000000001 
0 0.6093725 0.5111600000000001 0.015625 0.027826666666666673 
0 0.5948724999999999 0.49516333333333334 0.01725 0.030993333333333338 
0 0.6023725 0.49949666666666664 0.02075 0.031160000000000007 
0 0.6236225 0.5001633333333333 0.017 0.021326666666666674 
0 0.6382475 0.5099933333333333 0.016375 0.027326666666666673 
0 0.6443724999999999 0.5141600000000001 0.01525 0.04099000000000001 
0 0.6423724999999999 0.5548166666666667 0.010625 0.027656666666666677 
0 0.6611225 0.54515 0.019625 0.024826666666666674 
0 0.6768725 0.6168 0.021875 0.029823333333333268 
0 0.6833724999999999 0.58964 0.0115 0.03649000000000001 
0 0.6927475 0.6008033333333334 0.013 0.03049333333333334 
0 0.6448725 0.6016366666666667 0.017 0.04049000000000001 
0 0.6579974999999999 0.5956366666666667 0.028875 0.014830000000000003 
0 0.6801225 0.55115 0.014 0.03882333333333334 
0 0.6881225 0.56348 0.016875 0.031156666666666676 
0 0.6982474999999999 0.56798 0.0175 0.035156666666666676 
0 0.7066224999999999 0.59114 0.01425 0.01999333333333334 
0 0.7103725 0.5844733333333334 0.0195 0.03199333333333334 
0 0.6567474999999999 0.5091600000000001 0.014625 0.04599000000000001 
0 0.6669974999999999 0.5291566666666667 0.017 0.017326666666666674 
0 0.6806224999999999 0.53099 0.018625 0.038486666666666676 
0 0.6981225 0.54565 0.021 0.03399333333333334 
0 0.6254974999999999 0.7766166666666666 0.0155 0.036323333333333416 
0 0.6464975 0.7356266666666667 0.0165 0.03398999999999993 
0 0.5941225 0.47388 0.012875 0.032989999999999936 
0 0.6167474999999999 0.46288333333333337 0.013375 0.031323333333333266 
0 0.6227474999999999 0.4707133333333334 0.013 0.03632333333333327 
0 0.6294974999999999 0.45488333333333336 0.01 0.03632333333333327 
0 0.6349975 0.46821333333333337 0.01675 0.03265999999999993 
0 0.6503724999999999 0.4730466666666667 0.021375 0.030489999999999934 
0 0.6372475 0.44571333333333335 0.012875 0.028993333333333263 
0 0.6578725 0.44971333333333335 0.016 0.03482333333333327 
0 0.6718725 0.45604333333333336 0.013 0.039323333333333266 
0 0.6812474999999999 0.47453999999999996 0.015375 0.01549333333333334 
0 0.6768725 0.4523766666666667 0.019125 0.024496666666666594 
0 0.6681225 0.4827033333333333 0.019125 0.025660000000000006 
0 0.6672475 0.4948666666666666 0.011375 0.03915666666666667 
0 0.6533724999999999 0.49853333333333333 0.014875 0.034156666666666675 
0 0.6801225 0.4892033333333333 0.027875 0.018993333333333338 
0 0.7014975 0.4998666666666666 0.01575 0.031156666666666676 
0 0.6949974999999999 0.51703 0.02275 0.029156666666666674 
0 0.7036224999999999 0.53269 0.02324750000000006 0.03615666666666668 
0 0.7204974999999999 0.5533533333333334 0.00974750000000006 0.021160000000000005 
0 0.7119975 0.5166966666666667 0.0135 0.03582333333333334 
0 0.7199975 0.5195266666666667 0.014497500000000059 0.04249000000000001 
0 0.729995 0.5305233333333333 0.015 0.03899000000000001 
0 0.7237475 0.5042 0.014247500000000059 0.026656666666666676 
0 0.7117475 0.4973666666666666 0.0125 0.022826666666666672 
0 0.7231224999999999 0.48336999999999997 0.01324750000000006 0.035156666666666676 
0 0.734995 0.4772066666666666 0.010625 0.028823333333333343 
0 0.74337 0.47103999999999996 0.017 0.029160000000000005 
0 0.750995 0.5176966666666667 0.01375 0.04182000000000001 
0 0.760995 0.5151966666666666 0.01275 0.03799000000000001 
0 0.76937 0.5055299999999999 0.01225 0.03932333333333334 
0 0.777745 0.5173633333333333 0.01425 0.032156666666666674 
0 0.6899974999999999 0.4763733333333333 0.0265 0.018160000000000006 
0 0.7064975 0.4802033333333333 0.012875 0.020163333333333335 
0 0.7167475 0.42822000000000005 0.01349750000000006 0.02949000000000001 
0 0.776995 0.4707066666666666 0.017877499999999942 0.031160000000000007 
0 0.7337475 0.5940066666666667 0.013125 0.04099000000000001 
0 0.7446225 0.5853433333333333 0.018 0.03799000000000001 
0 0.7568725 0.58601 0.016375 0.03899000000000001 
0 0.7696225 0.5950066666666667 0.01375 0.028826666666666674 
0 0.7809974999999999 0.5020333333333333 0.019125 0.032156666666666674 
0 0.7916224999999999 0.4918666666666666 0.017247500000000058 0.03382666666666667 
0 0.8072474999999999 0.4965333333333333 0.01349750000000006 0.03049333333333334 
0 0.815995 0.4957 0.017375 0.03865666666666667 
0 0.82937 0.5030333333333333 0.01775 0.040320000000000016 
0 0.843495 0.5123633333333333 0.014875 0.034656666666666676 
0 0.8016224999999999 0.5223599999999999 0.029247500000000058 0.028326666666666674 
0 0.7898725 0.42353999999999997 0.022 0.03266000000000001 
0 0.8259974999999999 0.61102 0.01925 0.041990000000000006 
0 0.8058725 0.61552 0.015625 0.034656666666666676 
0 0.7962475 0.6380133333333333 0.012625 0.02499333333333334 
0 0.7987474999999999 0.61302 0.014875 0.02582666666666667 
0 0.7768725 0.6118533333333334 0.012625 0.03049333333333334 
0 0.4382475 0.47368666666666664 0.017875 0.027156666666666676 
0 0.4324975 0.45019 0.0245 0.02449666666666667 
0 0.4312475 0.44469333333333333 0.02175 0.024826666666666674 
0 0.4474975 0.44686 0.017625 0.027326666666666673 
0 0.4541225 0.45719 0.014125 0.03499000000000001 
0 0.4769975 0.46268666666666664 0.014 0.029660000000000006 
0 0.4833725 0.4866833333333333 0.011 0.023660000000000007 
0 0.4882475 0.46069 0.01075 0.03232333333333334 
0 0.4929975 0.45519 0.014375 0.034323333333333345 
0 0.5043725 0.47352 0.017749999999999943 0.02899000000000001 
0 0.5104975 0.45135666666666663 0.014999999999999944 0.03582666666666667 
0 0.5208725 0.45285666666666663 0.0105 0.030660000000000007 
0 0.5187474999999999 0.48151666666666665 0.017625 0.02949333333333334 
0 0.5252475 0.4738533333333333 0.015875 0.03132333333333334 
0 0.5302475 0.45652333333333334 0.020875 0.03549000000000001 
0 0.5412475 0.45385666666666663 0.019 0.030993333333333338 
0 0.5532474999999999 0.46343 0.0139375 0.028910000000000005 
0 0.559935 0.4558466666666667 0.0180625 0.03232666666666667 
0 0.5539974999999999 0.48400666666666664 0.0310625 0.02899333333333334 
0 0.4633725 0.43676666666666664 0.011 0.03499000000000001 
0 0.4717475 0.44259666666666664 0.012125 0.03291000000000001 
0 0.4793725 0.43376666666666663 0.015625 0.02982666666666667 
0 0.494185 0.4356833333333333 0.030312499999999944 0.023076666666666672 
0 0.4929975 0.42510333333333333 0.022312499999999943 0.021410000000000005 
0 0.5152475 0.42452 0.014125 0.03082333333333334 
0 0.46706 0.4209366666666666 0.0120625 0.023160000000000007 
0 0.47381 0.40985666666666665 0.0135625 0.026910000000000007 
0 0.4943725 0.4186033333333333 0.017625 0.016330000000000004 
0 0.428875 0.40660666666666667 0.01575 0.02824333333333334 
0 0.5258725 0.41102 0.0133125 0.03940666666666667 
0 0.5361849999999999 0.43426666666666663 0.00975 0.032406666666666674 
0 0.5292475 0.44717999999999997 0.0065625 0.01074666666666667 
0 0.5454349999999999 0.43051666666666666 0.0103125 0.03182333333333334 
0 0.55406 0.4326833333333333 0.0134375 0.03049000000000001 
0 0.5773725 0.46501666666666663 0.021 0.02199333333333334 
0 0.5764975 0.47401333333333334 0.016875 0.021326666666666674 
0 0.5686224999999999 0.4506866666666666 0.02575 0.014830000000000003 
0 0.5926224999999999 0.4365233333333333 0.017 0.030326666666666672 
0 0.5983725 0.4360233333333333 0.02475 0.03965666666666667 
0 0.6193725 0.42385999999999996 0.011375 0.030993333333333338 
0 0.639995 0.4201933333333333 0.013375 0.03049333333333334 
0 0.5781225 0.40869666666666665 0.011875 0.03682333333333334 
0 0.5851225 0.4098633333333333 0.01275 0.028160000000000004 
0 0.5892474999999999 0.40769666666666665 0.016875 0.024826666666666674 
0 0.6016225 0.40269999999999995 0.01475 0.025326666666666674 
0 0.6069975 0.4049333333333333 0.019875 0.02149333333333334 
0 0.6133099999999999 0.38702333333333333 0.011375 0.02524333333333334 
0 0.5337474999999999 0.41018333333333334 0.010125 0.024326666666666674 
0 0.5414975 0.40951666666666664 0.0094375 0.029660000000000006 
0 0.55031 0.41035 0.0095625 0.025660000000000006 
0 0.62506 0.41684666666666664 0.0114375 0.020076666666666673 
0 0.6319349999999999 0.41109666666666667 0.0224375 0.021330000000000002 
0 0.6302475 0.39143666666666665 0.0238125 0.016410000000000004 
0 0.6504975 0.40068333333333334 0.018875 0.02999333333333334 
0 0.6525599999999999 0.4147633333333333 0.0205 0.019576666666666673 
0 0.6531849999999999 0.42484333333333335 0.0241875 0.016663333333333336 
0 0.6722475 0.4136933333333333 0.017 0.02649333333333334 
0 0.6802474999999999 0.43868666666666667 0.0195 0.027660000000000007 
0 0.6864975 0.43135666666666667 0.01975 0.02932666666666667 
0 0.6883724999999999 0.42285999999999996 0.018125 0.02749333333333334 
0 0.6919974999999999 0.39869999999999994 0.014125 0.02849000000000001 
0 0.6828725 0.39486666666666664 0.012 0.02849333333333334 
0 0.7192474999999999 0.40003 0.0185 0.026993333333333338 
0 0.7209975 0.3837033333333333 0.01625 0.03165666666666667 
0 0.76937 0.3897 0.024 0.03132666666666667 
0 0.7529975 0.38886666666666664 0.01574750000000006 0.03216000000000001 
0 0.7264974999999999 0.37653666666666663 0.020625 0.01399666666666667 
0 0.7237475 0.36843666666666663 0.02225 0.016326666666666673 
0 0.7184349999999999 0.3693533333333333 0.0080625 0.01807666666666667 
0 0.7136849999999999 0.3505233333333333 0.022375 0.015663333333333335 
0 0.7073725 0.3574366666666666 0.01375 0.021663333333333337 
0 0.7016849999999999 0.34019333333333335 0.0133125 0.017326666666666636 
0 0.69931 0.3761833333333333 0.012 0.022993333333333338 
0 0.67806 0.36927 0.013375 0.028156666666666677 
0 0.6874349999999999 0.36510333333333334 0.012625 0.03132333333333334 
0 0.6994349999999999 0.36168666666666666 0.0076875 0.017413333333333336 
0 0.6858099999999999 0.35377333333333333 0.056625 0.029823333333333344 
0 0.6449974999999999 0.32669000000000004 0.0155625 0.017576666666666636 
0 0.6488725 0.34251666666666664 0.022875 0.016080000000000004 
0 0.6634975 0.3444333333333333 0.01925 0.016580000000000004 
0 0.6432475 0.34901666666666664 0.018 0.012830000000000003 
0 0.66531 0.38817666666666667 0.0188125 0.02074333333333334 
0 0.6664975 0.40425666666666665 0.019375 0.01624333333333334 
0 0.6516225 0.36734666666666665 0.01575 0.028660000000000005 
0 0.63075 0.3755133333333333 0.021809999999999944 0.019576666666666673 
0 0.6611225 0.37118 0.021375 0.02574333333333334 
0 0.6411224999999999 0.3650933333333333 0.0166875 0.011163333333333336 
0 0.6386225 0.35368 0.019875 0.01174666666666667 
0 0.6289975 0.36018 0.016375 0.022326666666666672 
0 0.6339349999999999 0.31944 0.013875 0.02290999999999997 
0 0.6308725 0.33835 0.019625 0.01175 
0 0.6253099999999999 0.34685 0.0263125 0.011830000000000004 
0 0.6222475 0.35668 0.0161875 0.011163333333333336 
0 0.6168724999999999 0.32352333333333333 0.0094375 0.020909999999999967 
0 0.6157474999999999 0.33618666666666663 0.0145 0.024410000000000005 
0 0.60925 0.33985 0.014372499999999946 0.017163333333333336 
0 0.6191224999999999 0.36034666666666665 0.013125 0.02624333333333334 
0 0.6122475 0.36018 0.0121875 0.024826666666666674 
0 0.604 0.35718 0.011872499999999946 0.02149333333333334 
0 0.587 0.33576999999999996 0.0225 0.013413333333333336 
0 0.59375 0.35992999999999997 0.0135625 0.02224333333333334 
0 0.6075 0.3807566666666667 0.021309999999999947 0.010913333333333336 
0 0.604185 0.38017666666666666 0.00975 0.026160000000000006 
0 0.59356 0.37726333333333334 0.0136875 0.025160000000000005 
0 0.59281 0.39400666666666667 0.012125 0.022413333333333337 
0 0.586935 0.37809666666666664 0.008375 0.03274000000000001 
0 0.5721875 0.37859666666666664 0.015122499999999945 0.022660000000000007 
0 0.5763125 0.38767666666666667 0.011247499999999945 0.022660000000000007 
0 0.5593125 0.40542 0.018625 0.020663333333333336 
0 0.5439375 0.40367333333333333 0.02675 0.012080000000000002 
0 0.5987475 0.32077666666666665 0.008875 0.017913333333333337 
0 0.5838099999999999 0.31869333333333333 0.0163125 0.01874666666666667 
0 0.5790625 0.3280266666666667 0.013622499999999945 0.01199666666666667 
0 0.5765625 0.33244 0.014372499999999946 0.021413333333333298 
0 0.567125 0.3308566666666667 0.015622499999999945 0.0249933333333333 
0 0.5535 0.33102333333333334 0.017125 0.018246666666666633 
0 0.556125 0.3415233333333333 0.0163125 0.01649333333333334 
0 0.5354375 0.32861 0.020625 0.0192433333333333 
0 0.5634375 0.36535666666666666 0.0153125 0.02024333333333334 
0 0.5638125 0.37568666666666667 0.018684999999999945 0.021910000000000006 
0 0.5539375 0.36710666666666664 0.013375 0.024576666666666674 
0 0.5498125 0.3894333333333333 0.02575 0.017326666666666674 
0 0.54175 0.3977633333333333 0.0159375 0.007830000000000004 
0 0.5331875 0.35868999999999995 0.017875 0.025076666666666674 
0 0.536 0.3501366666666667 0.017125 0.016913333333333336 
0 0.521875 0.3470533333333334 0.016875 0.02474666666666667 
0 0.5199375 0.34239 0.014875 0.020160000000000008 
0 0.528375 0.36355000000000004 0.0140625 0.021660000000000006 
0 0.53275 0.3829633333333334 0.01825 0.01590999999999993 
0 0.514375 0.35372000000000003 0.01125 0.02749333333333334 
0 0.5196025 0.40485 0.0126875 0.02099333333333334 
0 0.508665 0.40351666666666663 0.015749999999999945 0.022326666666666672 
0 0.4884775 0.3681933333333333 0.0210625 0.012163333333333337 
0 0.4979775 0.38044 0.0094375 0.00699666666666667 
0 0.5059775 0.3747733333333333 0.00475 0.01224666666666667 
0 0.49985250000000003 0.3641933333333333 0.020812499999999942 0.022160000000000006 
0 0.48629 0.39468666666666663 0.0184375 0.01849333333333334 
0 0.48604 0.42217666666666664 0.009375 0.02557666666666667 
0 0.4752925 0.40476666666666666 0.022622500000000004 0.019660000000000007 
0 0.4611675 0.39576999999999996 0.012375 0.024410000000000005 
0 0.4727925 0.39352 0.017622500000000003 0.013913333333333337 
0 0.47704 0.3874333333333333 0.0259375 0.01 
0 0.4595425 0.37601999999999997 0.025122500000000002 0.018330000000000003 
0 0.47910250000000004 0.37593666666666664 0.01475 0.012580000000000003 
0 0.48741500000000004 0.3778533333333333 0.019125 0.019663333333333335 
0 0.4748525 0.35152666666666665 0.0125625 0.024326666666666674 
0 0.47779000000000005 0.34252999999999995 0.01375 0.02349333333333334 
0 0.49029 0.34719666666666665 0.014625 0.01807666666666667 
0 0.4578525 0.3458633333333333 0.0124375 0.018496666666666668 
0 0.4607275 0.3493633333333333 0.0153125 0.026160000000000006 
0 0.46054 0.3594433333333333 0.0185625 0.024160000000000004 
0 0.44329 0.35927666666666663 0.010375 0.01374666666666667 
0 0.4472275 0.3661933333333333 0.014125 0.022326666666666672 
0 0.4421025 0.3836866666666667 0.022875 0.013413333333333336 
0 0.44254000000000004 0.3930166666666666 0.0155625 0.02557666666666667 
0 0.44847750000000003 0.39951666666666663 0.014375 0.032656666666666674 
0 0.4401025 0.4210933333333333 0.01125 0.023826666666666673 
0 0.37483249999999996 0.45886 0.019125 0.02899333333333334 
0 0.3527075 0.44653 0.019 0.03132333333333334 
0 0.3437075 0.41836999999999996 0.016 0.034156666666666675 
0 0.38695749999999995 0.41536999999999996 0.01725 0.024326666666666674 
0 0.3797075 0.4342 0.015625 0.023826666666666673 
0 0.4067075 0.4132066666666666 0.013 0.029323333333333344 
0 0.41341500000000003 0.42751666666666666 0.01275 0.029910000000000006 
0 0.3801675 0.40293999999999996 0.026185000000000003 0.01649666666666667 
0 0.39123 0.3919433333333333 0.023435 0.022826666666666672 
0 0.40860250000000004 0.3981933333333333 0.0254375 0.020410000000000005 
0 0.41204 0.40719 0.01875 0.02557666666666667 
0 0.4193325 0.34706333333333333 0.017875 0.011330000000000003 
0 0.403165 0.37836333333333333 0.0233125 0.01782666666666667 
0 0.40779000000000004 0.38452666666666663 0.019125 0.016663333333333336 
0 0.43235250000000003 0.3874433333333333 0.01375 0.02224333333333334 
0 0.7159924999999999 0.59744 0.01575 0.03299000000000001 
0 0.7189924999999999 0.6074366666666666 0.0185 0.03799000000000001 
