0 0.8573647660818714 0.3315515350877193 0.011513157894736841 0.013706140350877192 
0 0.7171966374269005 0.3411458333333333 0.010599415204678362 0.011787280701754386 
0 0.7195723684210527 0.35512609649122806 0.012975146198830409 0.01836622807017544 
0 0.7935855263157895 0.3586896929824561 0.019005847953216373 0.013706140350877192 
0 0.7316337719298246 0.3710252192982456 0.010416666666666666 0.01836622807017544 
0 0.25027412280701755 0.3737664473684211 0.019554093567251463 0.012883771929824562 
0 0.24735014619883042 0.37979714912280704 0.012609649122807017 0.009868421052631578 
0 0.7745796783625731 0.3833607456140351 0.014437134502923976 0.027412280701754384 
0 0.6638340643274854 0.39377741228070173 0.015533625730994151 0.023300438596491228 
0 0.10352704678362573 0.4017269736842105 0.00712719298245614 0.009046052631578948 
0 0.06533260233918128 0.4047423245614035 0.006761695906432748 0.00932017543859649 
0 0.0516264619883041 0.4069353070175439 0.01023391812865497 0.017543859649122806 
0 0.12216739766081872 0.4211896929824561 0.00932017543859649 0.018092105263157895 
0 9.137426900584795e-05 0.43379934210526316 0.010782163742690058 0.015625 
0 0.719389619883041 0.4348958333333333 0.007858187134502924 0.01699561403508772 
0 0.01836622807017544 0.43516995614035087 0.014802631578947368 0.013157894736842105 
0 0.04486476608187134 0.4359923245614035 0.009685672514619883 0.007675438596491228 
0 0.9876644736842105 0.4379111842105263 0.01206140350877193 0.020833333333333332 
0 0.004111842105263158 0.44174890350877194 0.0133406432748538 0.012335526315789474 
0 0.12107090643274854 0.4420230263157895 0.00932017543859649 0.015076754385964912 
0 0.10718201754385964 0.44366776315789475 0.00932017543859649 0.012335526315789474 
0 0.03664108187134503 0.4458607456140351 0.010964912280701754 0.011513157894736841 
0 0.8063779239766082 0.4472313596491228 0.02412280701754386 0.01644736842105263 
0 0.8252010233918129 0.44997258771929827 0.012792397660818713 0.023574561403508772 
0 0.7173793859649122 0.4510690789473684 0.012426900584795321 0.013157894736842105 
0 0.9675621345029239 0.45216557017543857 0.017361111111111112 0.021655701754385966 
0 0.9483735380116959 0.4557291666666667 0.02549342105263158 0.023300438596491228 
0 0.9290021929824561 0.45682565789473684 0.023391812865497075 0.020833333333333332 
0 0.9664656432748538 0.45874451754385964 0.01918859649122807 0.02631578947368421 
0 0.9920504385964912 0.45915570175438597 0.007675438596491228 0.016584429824561403 
0 0.9452668128654971 0.4595668859649123 0.02101608187134503 0.024396929824561403 
0 0.9854714912280702 0.46121162280701755 0.009502923976608187 0.024671052631578948 
0 0.9081688596491229 0.4628563596491228 0.02101608187134503 0.02138157894736842 
0 0.926078216374269 0.48259320175438597 0.01644736842105263 0.01343201754385965 
0 0.9317434210526315 0.4941063596491228 0.02503654970760234 0.02412280701754386 
0 0.9290021929824561 0.4647752192982456 0.020650584795321638 0.0200109649122807 
0 0.9224232456140351 0.46641995614035087 0.023757309941520467 0.021929824561403508 
0 0.9419773391812866 0.48615679824561403 0.021564327485380116 0.01617324561403509 
0 0.9483735380116959 0.4960252192982456 0.019736842105263157 0.026589912280701754 
0 0.8591922514619883 0.4683388157894737 0.025219298245614034 0.02768640350877193 
0 0.8986659356725146 0.4713541666666667 0.016264619883040937 0.029605263157894735 
0 0.7862755847953217 0.4721765350877193 0.019919590643274854 0.027960526315789474 
0 0.7478983918128655 0.4732730263157895 0.011878654970760233 0.024396929824561403 
0 0.9101790935672515 0.47382127192982454 0.01827485380116959 0.02549342105263158 
0 0.8531615497076024 0.4765625 0.022112573099415205 0.023848684210526317 
0 0.37143640350877194 0.4784813596491228 0.01827485380116959 0.01069078947368421 
0 0.9505665204678363 0.47875548245614036 0.02320906432748538 0.022478070175438597 
0 0.34329312865497075 0.47957785087719296 0.013523391812865496 0.012335526315789474 
0 0.3291758040935672 0.4888980263157895 0.015213815789473685 0.01918859649122807 
0 0.9668311403508771 0.47930372807017546 0.019005847953216373 0.019736842105263157 
0 0.6687682748538012 0.48122258771929827 0.023026315789473683 0.014528508771929825 
0 0.2736659356725146 0.48204495614035087 0.01663011695906433 0.01322642543859649 
0 0.16383406432748537 0.48204495614035087 0.0200109649122807 0.013569078947368422 
0 0.19014985380116958 0.4823190789473684 0.024671052631578948 0.019599780701754384 
0 0.18137792397660818 0.4897203947368421 0.010873538011695907 0.01918859649122807 
0 0.3273940058479532 0.48204495614035087 0.016264619883040937 0.022203947368421052 
0 0.7643457602339181 0.48204495614035087 0.014437134502923976 0.028782894736842105 
0 0.23793859649122806 0.4817708333333333 0.017132675438596492 0.032072368421052634 
0 0.23382675438596492 0.4869791666666667 0.010736476608187134 0.02007949561403509 
0 0.8498720760233918 0.4828673245614035 0.018092105263157895 0.019736842105263157 
0 0.2663559941520468 0.48416940789473684 0.01091922514619883 0.02528782894736842 
0 0.25009137426900585 0.48752741228070173 0.009868421052631578 0.01274671052631579 
0 0.2559393274853801 0.4869106359649123 0.014071637426900584 0.02172423245614035 
0 0.2552083333333333 0.5078125 0.013888888888888888 0.01343201754385965 
0 0.2519188596491228 0.5155564692982456 0.013934576023391813 0.019805372807017545 
0 0.3136421783625731 0.48471765350877194 0.01493969298245614 0.021792763157894735 
0 0.7760416666666666 0.4856085526315789 0.010599415204678362 0.019736842105263157 
0 0.34160270467836257 0.4849917763157895 0.02069627192982456 0.01631030701754386 
0 0.34297331871345027 0.49821820175438597 0.014619883040935672 0.016584429824561403 
0 0.3357090643274854 0.49821820175438597 0.013249269005847953 0.012609649122807017 
0 0.3493238304093567 0.5095257675438597 0.009274488304093567 0.011992872807017545 
0 0.342562134502924 0.5132949561403509 0.01251827485380117 0.025219298245614034 
0 0.22176535087719298 0.4869791666666667 0.01471125730994152 0.015556469298245614 
0 0.2972404970760234 0.4847861842105263 0.014437134502923976 0.02007949561403509 
0 0.8398209064327485 0.4869791666666667 0.0222953216374269 0.02275219298245614 
0 0.8315972222222222 0.4878015350877193 0.013706140350877192 0.019736842105263157 
0 0.3730811403508772 0.48807565789473684 0.02540204678362573 0.017543859649122806 
0 0.694718567251462 0.4883497807017544 0.01425438596491228 0.013157894736842105 
0 0.3633954678362573 0.4888980263157895 0.00804093567251462 0.020833333333333332 
0 0.1996527777777778 0.48944627192982454 0.020879020467836257 0.011101973684210526 
0 0.18631213450292397 0.49581962719298245 0.014894005847953216 0.025561951754385966 
0 0.20202850877192982 0.4979440789473684 0.01585343567251462 0.015145285087719298 
0 0.1960891812865497 0.502672697368421 0.017178362573099414 0.01391173245614035 
0 0.17845394736842105 0.5082236842105263 0.011193347953216375 0.023163377192982455 
0 0.19380482456140352 0.5188459429824561 0.017406798245614034 0.02665844298245614 
0 0.17530153508771928 0.5304961622807017 0.009914108187134504 0.015419407894736841 
0 0.6799159356725146 0.49136513157894735 0.010782163742690058 0.0268640350877193 
0 0.7071454678362573 0.4916392543859649 0.007309941520467836 0.025767543859649123 
0 0.1377467105263158 0.4921875 0.025904605263157895 0.024876644736842105 
0 0.15213815789473684 0.4921875 0.02023940058479532 0.018092105263157895 
0 0.28380847953216376 0.4909539473684211 0.010142543859649123 0.021107456140350877 
0 0.6466557017543859 0.4921875 0.012609649122807017 0.01644736842105263 
0 0.11851242690058479 0.49246162280701755 0.02101608187134503 0.017269736842105265 
0 0.27439692982456143 0.49246162280701755 0.012609649122807017 0.0200109649122807 
0 0.35681652046783624 0.4927357456140351 0.009502923976608187 0.026589912280701754 
0 0.7182931286549707 0.49246162280701755 0.01425438596491228 0.018092105263157895 
0 0.7173793859649122 0.5080866228070176 0.02101608187134503 0.016721491228070175 
0 0.37125365497076024 0.49300986842105265 0.010416666666666666 0.018914473684210526 
0 0.6680372807017544 0.49300986842105265 0.013157894736842105 0.011513157894736841 
0 0.16237207602339182 0.49376370614035087 0.018092105263157895 0.013774671052631578 
0 0.16383406432748537 0.5050712719298246 0.011239035087719298 0.02432839912280702 
0 0.3111293859649123 0.4927357456140351 0.009685672514619883 0.022135416666666668 
0 0.13898026315789475 0.49438048245614036 0.009137426900584795 0.013980263157894737 
0 0.7296235380116959 0.49438048245614036 0.011513157894736841 0.021655701754385966 
0 0.2171966374269006 0.4936951754385965 0.010599415204678362 0.02871436403508772 
0 0.39939692982456143 0.49520285087719296 0.010051169590643274 0.015625 
0 0.42754020467836257 0.4946546052631579 0.009868421052631578 0.017269736842105265 
0 0.43357090643274854 0.4979440789473684 0.008589181286549707 0.016721491228070175 
0 0.6916118421052632 0.4946546052631579 0.013706140350877192 0.009868421052631578 
0 0.7787828947368421 0.49520285087719296 0.014437134502923976 0.022478070175438597 
0 0.4090826023391813 0.4960252192982456 0.00804093567251462 0.01781798245614035 
0 0.4171235380116959 0.49629934210526316 0.010051169590643274 0.023026315789473683 
0 0.28810307017543857 0.49712171052631576 0.01206140350877193 0.025219298245614034 
0 0.24666483918128654 0.4954084429824561 0.012198464912280702 0.024739583333333332 
0 0.688139619883041 0.4984923245614035 0.01516812865497076 0.010142543859649123 
0 0.9158442982456141 0.4993146929824561 0.022112573099415205 0.02055921052631579 
0 0.9258954678362573 0.4998629385964912 0.023940058479532164 0.026589912280701754 
0 0.2244608918128655 0.49917763157894735 0.015213815789473685 0.02480811403508772 
0 0.12851790935672514 0.5006853070175439 0.010370979532163743 0.018434758771929825 
0 0.5872624269005848 0.501233552631579 0.014802631578947368 0.020285087719298246 
0 0.6625548245614035 0.5017817982456141 0.0222953216374269 0.012609649122807017 
0 0.8654057017543859 0.5017817982456141 0.023940058479532164 0.025767543859649123 
0 0.2966922514619883 0.5030838815789473 0.008406432748538011 0.015899122807017545 
0 0.5667945906432749 0.5031524122807017 0.010416666666666666 0.01699561403508772 
0 0.8851425438596491 0.5028782894736842 0.02010233918128655 0.02275219298245614 
0 0.17315423976608188 0.5023300438596491 0.009000365497076024 0.02425986842105263 
0 0.5567434210526315 0.5034265350877193 0.011513157894736841 0.021107456140350877 
0 0.6269188596491229 0.5039747807017544 0.012609649122807017 0.026589912280701754 
0 0.09219663742690058 0.5045230263157895 0.025219298245614034 0.019736842105263157 
0 0.3049159356725146 0.5048656798245614 0.01274671052631579 0.021038925438596492 
0 0.3144188596491228 0.5043859649122807 0.015716374269005847 0.02425986842105263 
0 0.3867872807017544 0.5061677631578947 0.015533625730994151 0.028782894736842105 
0 0.4006761695906433 0.5091831140350878 0.01206140350877193 0.02138157894736842 
0 0.37984283625730997 0.5149396929824561 0.01425438596491228 0.018092105263157895 
0 0.4052448830409357 0.5154879385964912 0.012792397660818713 0.025767543859649123 
0 0.4123720760233918 0.5228892543859649 0.007858187134502924 0.032072368421052634 
0 0.38066520467836257 0.5289199561403509 0.011056286549707603 0.024396929824561403 
0 0.3911732456140351 0.5313870614035088 0.009137426900584795 0.009868421052631578 
0 0.4012244152046784 0.5338541666666666 0.01206140350877193 0.03070175438596491 
0 0.39281798245614036 0.5390625 0.010782163742690058 0.015625 
0 0.3670504385964912 0.5459155701754386 0.021747076023391813 0.01864035087719298 
0 0.38898026315789475 0.5511239035087719 0.005847953216374269 0.008771929824561403 
0 0.40213815789473684 0.5533168859649122 0.007309941520467836 0.017269736842105265 
0 0.39318347953216376 0.5535910087719298 0.011878654970760233 0.013157894736842105 
0 0.3915387426900585 0.5593475877192983 0.01023391812865497 0.011239035087719298 
0 0.15524488304093567 0.5054495614035088 0.0091593567251462 0.02480811403508772 
0 0.3243329678362573 0.5052083333333334 0.012563961988304093 0.028645833333333332 
0 0.8392726608187134 0.5064418859649122 0.014437134502923976 0.01864035087719298 
0 0.5770285087719298 0.5067160087719298 0.009868421052631578 0.026041666666666668 
0 0.5172697368421053 0.5072642543859649 0.010051169590643274 0.02275219298245614 
0 0.5238486842105263 0.5072642543859649 0.010599415204678362 0.015625 
0 0.6590826023391813 0.5080866228070176 0.011513157894736841 0.012335526315789474 
0 0.638249269005848 0.5086348684210527 0.01023391812865497 0.02055921052631579 
0 0.9163925438596491 0.5086348684210527 0.023757309941520467 0.024945175438596492 
0 0.9001279239766082 0.5270010964912281 0.01827485380116959 0.02412280701754386 
0 0.9375913742690059 0.5272752192982456 0.013157894736842105 0.03125 
0 0.9222404970760234 0.5316611842105263 0.016812865497076022 0.020285087719298246 
0 0.9164839181286549 0.5374177631578947 0.008863304093567252 0.015899122807017545 
0 0.14373172514619884 0.5089089912280702 0.011717836257309943 0.02021655701754386 
0 0.1314875730994152 0.5138432017543859 0.01471125730994152 0.02055921052631579 
0 0.12490862573099415 0.5154879385964912 0.014894005847953216 0.02275219298245614 
0 0.1367872807017544 0.5219298245614035 0.01251827485380117 0.010074013157894737 
0 0.26434576023391815 0.506921600877193 0.010508040935672515 0.019805372807017545 
0 0.2789656432748538 0.5087719298245614 0.009685672514619883 0.02700109649122807 
0 0.26361476608187134 0.5115816885964912 0.015899122807017545 0.021998355263157895 
0 0.2713815789473684 0.5248766447368421 0.009777046783625731 0.015419407894736841 
0 0.44106359649122806 0.5089089912280702 0.01644736842105263 0.0268640350877193 
0 0.4353983918128655 0.5094572368421053 0.010416666666666666 0.026041666666666668 
0 0.43448464912280704 0.5354989035087719 0.00932017543859649 0.014528508771929825 
0 0.4361293859649123 0.5439967105263158 0.011695906432748537 0.02631578947368421 
0 0.42479897660818716 0.5667489035087719 0.006944444444444444 0.0268640350877193 
0 0.43740862573099415 0.5670230263157895 0.006761695906432748 0.01206140350877193 
0 0.4300986842105263 0.5746984649122807 0.008954678362573099 0.028782894736842105 
0 0.6917945906432749 0.5091831140350878 0.02266081871345029 0.017269736842105265 
0 0.23940058479532164 0.5094572368421053 0.014619883040935672 0.020490679824561403 
0 0.3670504385964912 0.5097313596491229 0.01663011695906433 0.01425438596491228 
0 0.6698647660818714 0.5097313596491229 0.01425438596491228 0.01781798245614035 
0 0.5077668128654971 0.5102796052631579 0.012244152046783625 0.013706140350877192 
0 0.9081688596491229 0.5102796052631579 0.021564327485380116 0.022478070175438597 
0 0.42425073099415206 0.5111019736842105 0.01206140350877193 0.01425438596491228 
0 0.33205409356725146 0.5093201754385965 0.01251827485380117 0.02069627192982456 
0 0.3347039473684211 0.5216557017543859 0.009822733918128655 0.022341008771929825 
0 0.8228252923976608 0.5116502192982456 0.01425438596491228 0.018914473684210526 
0 0.2008406432748538 0.510827850877193 0.021747076023391813 0.012883771929824562 
0 0.2078764619883041 0.5190515350877193 0.015259502923976608 0.019736842105263157 
0 0.21244517543859648 0.5198739035087719 0.017178362573099414 0.02055921052631579 
0 0.21166849415204678 0.5337171052631579 0.01758954678362573 0.02055921052631579 
0 0.19581505847953215 0.5387883771929824 0.020833333333333332 0.014048793859649123 
0 0.21737938596491227 0.5407072368421053 0.012975146198830409 0.01733826754385965 
0 0.18914473684210525 0.5503700657894737 0.02023940058479532 0.016241776315789474 
0 0.20093201754385964 0.5530427631578947 0.01023391812865497 0.0268640350877193 
0 0.18503289473684212 0.5596217105263158 0.009137426900584795 0.023026315789473683 
0 0.1892361111111111 0.5656524122807017 0.012609649122807017 0.022203947368421052 
0 0.1789108187134503 0.5860060307017544 0.01800073099415205 0.017406798245614034 
0 0.5338998538011696 0.5121984649122807 0.011878654970760233 0.012609649122807017 
0 0.6011513157894737 0.5127467105263158 0.012426900584795321 0.012609649122807017 
0 0.6126644736842105 0.5146655701754386 0.011513157894736841 0.024396929824561403 
0 0.6046235380116959 0.5171326754385965 0.007858187134502924 0.01781798245614035 
0 0.5876279239766082 0.5193256578947368 0.0133406432748538 0.007675438596491228 
0 0.5980445906432749 0.5267269736842105 0.012244152046783625 0.015350877192982455 
0 0.6097404970760234 0.5352247807017544 0.012426900584795321 0.012609649122807017 
0 0.606999269005848 0.5398848684210527 0.007492690058479532 0.00932017543859649 
0 0.6082785087719298 0.545641447368421 0.012426900584795321 0.027138157894736843 
0 0.6040752923976608 0.5478344298245614 0.008954678362573099 0.012609649122807017 
0 0.5960343567251462 0.5563322368421053 0.011695906432748537 0.024396929824561403 
0 0.6055372807017544 0.5618146929824561 0.020650584795321638 0.024945175438596492 
0 0.4936951754385965 0.5135690789473685 0.02266081871345029 0.01781798245614035 
0 0.4492872807017544 0.5149396929824561 0.015716374269005847 0.01699561403508772 
0 0.35444078947368424 0.5163103070175439 0.01425438596491228 0.013980263157894737 
0 0.3628472222222222 0.5248081140350878 0.0078125 0.02275219298245614 
0 0.5379203216374269 0.5171326754385965 0.016264619883040937 0.009594298245614035 
0 0.5521747076023392 0.5176809210526315 0.008771929824561403 0.018092105263157895 
0 0.28426535087719296 0.5145285087719298 0.02243238304093567 0.021450109649122806 
0 0.29943347953216376 0.5206962719298246 0.015442251461988304 0.02412280701754386 
0 0.2891995614035088 0.5270010964912281 0.01251827485380117 0.027138157894736843 
0 0.2977887426900585 0.5307017543859649 0.010873538011695907 0.02617872807017544 
0 0.0960343567251462 0.5171326754385965 0.01804641812865497 0.02275219298245614 
0 0.09329312865497076 0.5267269736842105 0.01114766081871345 0.01918859649122807 
0 0.0876279239766082 0.5382401315789473 0.010964912280701754 0.02138157894736842 
0 0.7694627192982456 0.5174067982456141 0.024305555555555556 0.023026315789473683 
0 0.9054276315789473 0.5176809210526315 0.02046783625730994 0.022203947368421052 
0 0.5600328947368421 0.5185032894736842 0.017178362573099414 0.01699561403508772 
0 0.7245979532163743 0.5185032894736842 0.014528508771929825 0.023848684210526317 
0 0.7173793859649122 0.5195997807017544 0.0133406432748538 0.025767543859649123 
0 0.37006578947368424 0.5209703947368421 0.014574195906432748 0.02446546052631579 
0 0.3682383040935672 0.5331003289473685 0.012335526315789474 0.01665296052631579 
0 0.6457419590643275 0.5193256578947368 0.02266081871345029 0.016721491228070175 
0 0.42004751461988304 0.5201480263157895 0.007492690058479532 0.024671052631578948 
0 0.45915570175438597 0.5198739035087719 0.014437134502923976 0.023300438596491228 
0 0.4701206140350877 0.5201480263157895 0.012426900584795321 0.021107456140350877 
0 0.07172880116959064 0.5206962719298246 0.011513157894736841 0.019736842105263157 
0 0.47834429824561403 0.5215186403508771 0.012426900584795321 0.027138157894736843 
0 0.6680372807017544 0.5223410087719298 0.017361111111111112 0.01836622807017544 
0 0.22861842105263158 0.5212445175438597 0.011467470760233918 0.02905701754385965 
0 0.5163559941520468 0.5228892543859649 0.014619883040935672 0.02138157894736842 
0 0.513249269005848 0.5335800438596491 0.005482456140350877 0.011787280701754386 
0 0.6950840643274854 0.5228892543859649 0.014071637426900584 0.018092105263157895 
0 0.42680921052631576 0.5234375 0.01023391812865497 0.026041666666666668 
0 0.6886878654970761 0.5231633771929824 0.013523391812865496 0.01644736842105263 
0 0.08159722222222222 0.5237116228070176 0.010599415204678362 0.021655701754385966 
0 0.4485562865497076 0.5237116228070176 0.014437134502923976 0.018914473684210526 
0 0.44453581871345027 0.5368695175438597 0.01023391812865497 0.02412280701754386 
0 0.05107821637426901 0.5202850877192983 0.0200109649122807 0.02700109649122807 
0 0.23771016081871346 0.5256304824561403 0.008177997076023392 0.023368969298245616 
0 0.6247258771929824 0.5256304824561403 0.008771929824561403 0.0200109649122807 
0 0.6188779239766082 0.5412554824561403 0.011695906432748537 0.01836622807017544 
0 0.15908260233918128 0.5259046052631579 0.015899122807017545 0.01617324561403509 
0 0.15067616959064328 0.5280975877192983 0.009868421052631578 0.015625 
0 0.13075657894736842 0.5311129385964912 0.01800073099415205 0.013500548245614035 
0 0.14811769005847952 0.5313870614035088 0.0043859649122807015 0.011239035087719298 
0 0.16091008771929824 0.5365953947368421 0.010416666666666666 0.02700109649122807 
0 0.15122441520467836 0.5387883771929824 0.006396198830409356 0.012883771929824562 
0 0.1543311403508772 0.5431058114035088 0.009639985380116959 0.0239172149122807 
0 0.15579312865497075 0.5670230263157895 0.012222222222222221 0.0268640350877193 
0 0.5373720760233918 0.5261787280701754 0.008223684210526315 0.013980263157894737 
0 0.5867141812865497 0.5261787280701754 0.015716374269005847 0.01343201754385965 
0 0.3212262426900585 0.5254248903508771 0.011970029239766082 0.027412280701754384 
0 0.48583698830409355 0.5272752192982456 0.01644736842105263 0.019462719298245616 
0 0.49552266081871343 0.5327576754385965 0.009868421052631578 0.01781798245614035 
0 0.49077119883040937 0.536047149122807 0.005116959064327485 0.01343201754385965 
0 0.6839364035087719 0.5272752192982456 0.01663011695906433 0.02055921052631579 
0 0.6943530701754386 0.5429002192982456 0.009502923976608187 0.023848684210526317 
0 0.7069627192982456 0.5272752192982456 0.015533625730994151 0.020285087719298246 
0 0.5201937134502924 0.5278234649122807 0.012792397660818713 0.023026315789473683 
0 0.519828216374269 0.5508497807017544 0.012426900584795321 0.025767543859649123 
0 0.527046783625731 0.5555098684210527 0.012152777777777778 0.01617324561403509 
0 0.5424890350877193 0.5275493421052632 0.011878654970760233 0.02412280701754386 
0 0.24387792397660818 0.5260416666666666 0.010051169590643274 0.031112938596491228 
0 0.24762426900584794 0.5319353070175439 0.01864035087719298 0.029125548245614034 
0 0.24899488304093567 0.5503015350877193 0.009502923976608187 0.023300438596491228 
0 0.2506853070175439 0.563390899122807 0.020376461988304093 0.023163377192982455 
0 0.25603070175438597 0.5738760964912281 0.013066520467836257 0.009046052631578948 
0 0.5675255847953217 0.5280975877192983 0.010782163742690058 0.017543859649122806 
0 0.5514437134502924 0.5353618421052632 0.01644736842105263 0.014665570175438597 
0 0.5741045321637427 0.5352247807017544 0.013706140350877192 0.023300438596491228 
0 0.7557565789473685 0.5280975877192983 0.020285087719298246 0.022478070175438597 
0 0.17027595029239767 0.5286458333333334 0.008177997076023392 0.01836622807017544 
0 0.16575292397660818 0.5382401315789473 0.02403143274853801 0.01459703947368421 
0 0.3143731725146199 0.5267269736842105 0.012381213450292397 0.02631578947368421 
0 0.35238486842105265 0.5267269736842105 0.012107090643274854 0.017543859649122806 
0 0.8913559941520468 0.5286458333333334 0.013614766081871345 0.014802631578947368 
0 0.5055738304093568 0.530016447368421 0.00804093567251462 0.018092105263157895 
0 0.531889619883041 0.5305646929824561 0.008406432748538011 0.015899122807017545 
0 0.11334978070175439 0.5280975877192983 0.007035818713450292 0.01651589912280702 
0 0.12088815789473684 0.5327576754385965 0.009502923976608187 0.018092105263157895 
0 0.11558845029239766 0.5385142543859649 0.01425438596491228 0.02124451754385965 
0 0.7983369883040936 0.5311129385964912 0.02046783625730994 0.01781798245614035 
0 0.8683296783625731 0.5313870614035088 0.01827485380116959 0.025767543859649123 
0 0.6554276315789473 0.532483552631579 0.023940058479532164 0.012883771929824562 
0 0.6534173976608187 0.5387883771929824 0.023940058479532164 0.014528508771929825 
0 0.8820358187134503 0.532483552631579 0.02540204678362573 0.02055921052631579 
0 0.8984831871345029 0.5508497807017544 0.014619883040935672 0.010964912280701754 
0 0.9178545321637427 0.5513980263157895 0.01864035087719298 0.019462719298245616 
0 0.9112755847953217 0.5524945175438597 0.006396198830409356 0.006578947368421052 
0 0.9131030701754386 0.557702850877193 0.015716374269005847 0.024945175438596492 
0 0.6342288011695907 0.532483552631579 0.014802631578947368 0.01617324561403509 
0 0.6400767543859649 0.5396107456140351 0.012792397660818713 0.018914473684210526 
0 0.7504568713450293 0.532483552631579 0.019554093567251463 0.022478070175438597 
0 0.28097587719298245 0.5322094298245614 0.01251827485380117 0.024876644736842105 
0 0.8146016081871345 0.5333059210526315 0.015899122807017545 0.019736842105263157 
0 0.10718201754385964 0.5341282894736842 0.008132309941520468 0.021450109649122806 
0 0.32702850877192985 0.5320038377192983 0.012975146198830409 0.032003837719298246 
0 0.05710891812865497 0.5354989035087719 0.016812865497076022 0.028782894736842105 
0 0.5843384502923976 0.5352247807017544 0.011513157894736841 0.01699561403508772 
0 0.5898209064327485 0.5354989035087719 0.013706140350877192 0.024945175438596492 
0 0.856999269005848 0.5354989035087719 0.011878654970760233 0.020833333333333332 
0 0.9533077485380117 0.536047149122807 0.02284356725146199 0.01699561403508772 
0 0.3063779239766082 0.5307702850877193 0.011695906432748537 0.03008497807017544 
0 0.7749451754385965 0.5371436403508771 0.017543859649122806 0.019462719298245616 
0 0.8473135964912281 0.5371436403508771 0.01663011695906433 0.03125 
0 0.8385416666666666 0.5437225877192983 0.01206140350877193 0.023300438596491228 
0 0.8135051169590644 0.5497532894736842 0.019371345029239765 0.021107456140350877 
0 0.8648574561403509 0.5541392543859649 0.015716374269005847 0.017543859649122806 
0 0.8325109649122807 0.5574287280701754 0.013523391812865496 0.015625 
0 0.8480445906432749 0.5590734649122807 0.014985380116959063 0.023026315789473683 
0 0.8644919590643275 0.5623629385964912 0.014985380116959063 0.032072368421052634 
0 0.8599232456140351 0.5675712719298246 0.018457602339181287 0.029331140350877194 
0 0.8255665204678363 0.5686677631578947 0.023940058479532164 0.02138157894736842 
0 0.8465826023391813 0.5760690789473685 0.01882309941520468 0.015899122807017545 
0 0.2659904970760234 0.5325520833333334 0.008177997076023392 0.03330592105263158 
0 0.25735562865497075 0.5418037280701754 0.008954678362573099 0.024945175438596492 
0 0.27403143274853803 0.5374177631578947 0.010782163742690058 0.021107456140350877 
0 0.2688687865497076 0.5519462719298246 0.012655336257309942 0.026589912280701754 
0 0.28591008771929827 0.5568804824561403 0.006396198830409356 0.00932017543859649 
0 0.28810307017543857 0.5574287280701754 0.008771929824561403 0.019325657894736843 
0 0.2745796783625731 0.5567434210526315 0.012975146198830409 0.015213815789473685 
0 0.34297331871345027 0.5363212719298246 0.021198830409356724 0.01425438596491228 
0 0.4697551169590643 0.5382401315789473 0.008406432748538011 0.017543859649122806 
0 0.47596856725146197 0.5478344298245614 0.006761695906432748 0.01836622807017544 
0 0.7954130116959064 0.5382401315789473 0.009685672514619883 0.023300438596491228 
0 0.8023574561403509 0.5453673245614035 0.010964912280701754 0.020833333333333332 
0 0.06606359649122807 0.537313596491228 0.01493969298245614 0.023952850877193014 
0 0.06697733918128655 0.5585252192982456 0.010211988304093566 0.01596765350877193 
0 0.09589729532163743 0.5387883771929824 0.011741593567251463 0.03070175438596491 
0 0.4613486842105263 0.5387883771929824 0.008771929824561403 0.015899122807017545 
0 0.4533077485380117 0.5407072368421053 0.006944444444444444 0.014528508771929825 
0 0.7022112573099415 0.5407072368421053 0.008954678362573099 0.02138157894736842 
0 0.8838633040935673 0.5412554824561403 0.01516812865497076 0.02412280701754386 
0 0.12984283625730994 0.5415296052631579 0.009137426900584795 0.015625 
0 0.12436038011695906 0.5560581140350878 0.017315423976608187 0.014802631578947368 
0 0.14373172514619884 0.5396792763157895 0.010827850877192983 0.027069627192982455 
0 0.14391447368421054 0.5657209429824561 0.013751827485380117 0.041049890350877194 
0 0.678453947368421 0.5423519736842105 0.015350877192982455 0.015076754385964912 
0 0.6665752923976608 0.5486567982456141 0.022112573099415205 0.01699561403508772 
0 0.7453399122807017 0.5423519736842105 0.014985380116959063 0.020833333333333332 
0 0.7482638888888888 0.5574287280701754 0.011695906432748537 0.021107456140350877 
0 0.13884320175438597 0.5431743421052632 0.005665204678362573 0.01528234649122807 
0 0.5620431286549707 0.5437225877192983 0.013157894736842105 0.01644736842105263 
0 0.552860014619883 0.5486567982456141 0.019279970760233918 0.0234375 
0 0.5472404970760234 0.557702850877193 0.01425438596491228 0.019462719298245616 
0 0.5357273391812866 0.557702850877193 0.013888888888888888 0.03179824561403509 
0 0.5419407894736842 0.5722313596491229 0.010964912280701754 0.024671052631578948 
0 0.7120796783625731 0.5439967105263158 0.01425438596491228 0.014528508771929825 
0 0.3379934210526316 0.5431058114035088 0.02288925438596491 0.01733826754385965 
0 0.3350694444444444 0.5560581140350878 0.02435124269005848 0.01617324561403509 
0 0.42004751461988304 0.5450932017543859 0.01023391812865497 0.021107456140350877 
0 0.5103252923976608 0.5453673245614035 0.010599415204678362 0.01699561403508772 
0 0.7332785087719298 0.5450932017543859 0.011695906432748537 0.012335526315789474 
0 0.8679641812865497 0.5459155701754386 0.017178362573099414 0.01918859649122807 
0 0.5307931286549707 0.5461896929824561 0.016264619883040937 0.015899122807017545 
0 0.17936769005847952 0.5467379385964912 0.01827485380116959 0.013843201754385965 
0 0.22875548245614036 0.5459155701754386 0.014528508771929825 0.024945175438596492 
0 0.3608826754385965 0.5467379385964912 0.01621893274853801 0.009868421052631578 
0 0.48309576023391815 0.5470120614035088 0.00712719298245614 0.02412280701754386 
0 0.6247258771929824 0.5467379385964912 0.01425438596491228 0.021655701754385966 
0 0.6590826023391813 0.548108552631579 0.008954678362573099 0.021655701754385966 
0 0.778234649122807 0.5483826754385965 0.014437134502923976 0.023574561403508772 
0 0.7758589181286549 0.5604440789473685 0.01882309941520468 0.026041666666666668 
0 0.3072916666666667 0.5483826754385965 0.015350877192982455 0.018914473684210526 
0 0.4286366959064328 0.5483826754385965 0.009502923976608187 0.0268640350877193 
0 0.49552266081871343 0.5492050438596491 0.009502923976608187 0.011787280701754386 
0 0.49954312865497075 0.5585252192982456 0.010416666666666666 0.02905701754385965 
0 0.5716374269005848 0.5489309210526315 0.011056286549707603 0.02254660087719298 
0 0.6495796783625731 0.5489309210526315 0.01206140350877193 0.02768640350877193 
0 0.6437317251461988 0.5741502192982456 0.012792397660818713 0.011787280701754386 
0 0.7204861111111112 0.5489309210526315 0.010416666666666666 0.019462719298245616 
0 0.7915752923976608 0.5497532894736842 0.007858187134502924 0.02823464912280702 
0 0.21610014619883042 0.5503015350877193 0.017361111111111112 0.01781798245614035 
0 0.7683662280701754 0.5500274122807017 0.009685672514619883 0.011239035087719298 
0 0.4079861111111111 0.5505756578947368 0.012426900584795321 0.027960526315789474 
0 0.48949195906432746 0.5505756578947368 0.008223684210526315 0.022203947368421052 
0 0.8350694444444444 0.5508497807017544 0.006578947368421052 0.007675438596491228 
0 0.29628106725146197 0.5513980263157895 0.012198464912280702 0.021518640350877194 
0 0.5055738304093568 0.5519462719298246 0.010416666666666666 0.03042763157894737 
0 0.16200657894736842 0.5516036184210527 0.01859466374269006 0.02617872807017544 
0 0.2120796783625731 0.5527686403508771 0.00849780701754386 0.009046052631578948 
0 0.2034904970760234 0.5601699561403509 0.012426900584795321 0.024396929824561403 
0 0.4597039473684211 0.5522203947368421 0.019005847953216373 0.017543859649122806 
0 0.5878106725146199 0.5530427631578947 0.010964912280701754 0.014802631578947368 
0 0.5848866959064327 0.5598958333333334 0.007675438596491228 0.01836622807017544 
0 0.3201297514619883 0.5521518640350878 0.01621893274853801 0.021175986842105265 
0 0.313687865497076 0.5568804824561403 0.016127558479532164 0.020970394736842105 
0 0.23898940058479531 0.5524945175438597 0.009091739766081871 0.01747532894736842 
0 0.730171783625731 0.5549616228070176 0.013157894736842105 0.01836622807017544 
0 0.7603252923976608 0.5552357456140351 0.01864035087719298 0.018092105263157895 
0 0.3479075292397661 0.5557839912280702 0.020148026315789474 0.018914473684210526 
0 0.4449013157894737 0.5560581140350878 0.012975146198830409 0.02631578947368421 
0 0.6331323099415205 0.5555098684210527 0.008589181286549707 0.021929824561403508 
0 0.6324013157894737 0.5763432017543859 0.009685672514619883 0.019736842105263157 
0 0.6386147660818714 0.5941611842105263 0.009502923976608187 0.03234649122807018 
0 0.7106176900584795 0.5555098684210527 0.014985380116959063 0.0200109649122807 
0 0.7173793859649122 0.573327850877193 0.009137426900584795 0.021107456140350877 
0 0.7369334795321637 0.5555098684210527 0.01023391812865497 0.01206140350877193 
0 0.16858552631578946 0.5563322368421053 0.01644736842105263 0.0200109649122807 
0 0.1667580409356725 0.5677083333333334 0.019736842105263157 0.01805921052631582 
0 0.13788377192982457 0.5574287280701754 0.010645102339181287 0.029331140350877194 
0 0.3682383040935672 0.5563322368421053 0.023254751461988302 0.02398574561403509 
0 0.6855811403508771 0.5571546052631579 0.007858187134502924 0.007401315789473684 
0 0.6932565789473685 0.5593475877192983 0.007675438596491228 0.009868421052631578 
0 0.6773574561403509 0.5604440789473685 0.012244152046783625 0.009594298245614035 
0 0.700749269005848 0.5604440789473685 0.009137426900584795 0.023848684210526317 
0 0.686860380116959 0.5653782894736842 0.008954678362573099 0.01069078947368421 
0 0.6775402046783626 0.5679824561403509 0.018457602339181287 0.015487938596491228 
0 0.6943530701754386 0.5689418859649122 0.006944444444444444 0.014802631578947368 
0 0.6419042397660819 0.5585252192982456 0.008223684210526315 0.019736842105263157 
0 0.4536732456140351 0.5587993421052632 0.011878654970760233 0.030975877192982455 
0 0.4611659356725146 0.5675712719298246 0.00932017543859649 0.023848684210526317 
0 0.4643640350877193 0.5895010964912281 0.011056286549707603 0.023026315789473683 
0 0.45860745614035087 0.5905975877192983 0.010964912280701754 0.02631578947368421 
0 0.4766995614035088 0.592516447368421 0.010964912280701754 0.02823464912280702 
0 0.47267909356725146 0.6015625 0.009868421052631578 0.023574561403508772 
0 0.8845942982456141 0.5598958333333334 0.011330409356725146 0.026041666666666668 
0 0.8893457602339181 0.5618146929824561 0.02722953216374269 0.0424890350877193 
0 0.8774671052631579 0.567297149122807 0.011878654970760233 0.03536184210526316 
0 0.5161732456140351 0.5623629385964912 0.009685672514619883 0.027138157894736843 
0 0.796875 0.5634594298245614 0.011513157894736841 0.022478070175438597 
0 0.794499269005848 0.5834703947368421 0.015899122807017545 0.023026315789473683 
0 0.01160453216374269 0.5642817982456141 0.013706140350877192 0.022203947368421052 
0 0.3552174707602339 0.5642817982456141 0.01850328947368421 0.022478070175438597 
0 0.5772112573099415 0.5651041666666666 0.008589181286549707 0.0200109649122807 
0 0.1061312134502924 0.5635964912280702 0.019599780701754384 0.02631578947368421 
0 0.11321271929824561 0.5729166666666666 0.024671052631578948 0.013569078947368422 
0 0.12289839181286549 0.5837445175438597 0.014848318713450293 0.03508771929824561 
0 0.7605080409356725 0.5656524122807017 0.019554093567251463 0.01781798245614035 
0 0.7784173976608187 0.5785361842105263 0.010051169590643274 0.012609649122807017 
0 0.8146016081871345 0.5653782894736842 0.010782163742690058 0.013980263157894737 
0 0.3008954678362573 0.5647615131578947 0.013112207602339181 0.029673793859649123 
0 0.49022295321637427 0.5662006578947368 0.008771929824561403 0.023848684210526317 
0 0.5669773391812866 0.5662006578947368 0.012244152046783625 0.02035361842105263 
0 0.41675804093567254 0.5664747807017544 0.008589181286549707 0.0200109649122807 
0 0.6682200292397661 0.5664747807017544 0.012975146198830409 0.023026315789473683 
0 0.08214546783625731 0.567297149122807 0.021107456140350877 0.01103344298245614 
0 0.12417763157894737 0.5657209429824561 0.013888888888888888 0.013363486842105263 
0 0.3668676900584795 0.5668174342105263 0.025676169590643276 0.02645285087719298 
0 0.7425986842105263 0.5670230263157895 0.009685672514619883 0.021655701754385966 
0 0.80765716374269 0.5670230263157895 0.006578947368421052 0.01069078947368421 
0 0.21737938596491227 0.5643503289473685 0.01918859649122807 0.020490679824561403 
0 0.23012609649122806 0.5664747807017544 0.022021198830409358 0.018092105263157895 
0 0.4703033625730994 0.5686677631578947 0.00932017543859649 0.02987938596491228 
0 0.6210709064327485 0.5686677631578947 0.01206140350877193 0.019736842105263157 
0 0.7084247076023392 0.5686677631578947 0.008954678362573099 0.022203947368421052 
0 0.7087902046783626 0.588952850877193 0.012426900584795321 0.011787280701754386 
0 0.7254203216374269 0.5686677631578947 0.00932017543859649 0.02138157894736842 
0 0.4796235380116959 0.5694901315789473 0.011695906432748537 0.030153508771929825 
0 0.27147295321637427 0.5700383771929824 0.01882309941520468 0.013706140350877192 
0 0.39665570175438597 0.5695586622807017 0.013477704678362573 0.013637609649122808 
0 0.6565241228070176 0.5708607456140351 0.00804093567251462 0.01069078947368421 
0 0.20641447368421054 0.5699013157894737 0.013660453216374269 0.01987390350877193 
0 0.2170138888888889 0.5795641447368421 0.015533625730994151 0.021450109649122806 
0 0.22971491228070176 0.5810032894736842 0.02055921052631579 0.011581688596491228 
0 0.23300438596491227 0.5862116228070176 0.01114766081871345 0.03728070175438596 
0 0.18850511695906433 0.5864857456140351 0.018092105263157895 0.017406798245614034 
0 0.5598044590643275 0.5716831140350878 0.010462353801169591 0.027138157894736843 
0 0.28426535087719296 0.5722313596491229 0.01882309941520468 0.020833333333333332 
0 0.29299159356725146 0.5777138157894737 0.009822733918128655 0.022478070175438597 
0 0.2731176900584795 0.5897752192982456 0.02010233918128655 0.02905701754385965 
0 0.2741684941520468 0.5991639254385965 0.024533991228070175 0.02446546052631579 
0 0.3205409356725146 0.5736019736842105 0.021290204678362575 0.025082236842105265 
0 0.3250639619883041 0.5762061403508771 0.022797880116959063 0.027754934210526317 
0 0.5864857456140351 0.5719572368421053 0.011741593567251463 0.02905701754385965 
0 0.3155610380116959 0.5719572368421053 0.022112573099415205 0.0190515350877193 
0 0.7586805555555556 0.5725054824561403 0.011695906432748537 0.020833333333333332 
0 0.769828216374269 0.5823739035087719 0.01023391812865497 0.02631578947368421 
0 0.7621527777777778 0.592516447368421 0.022478070175438597 0.03837719298245614 
0 0.6605445906432749 0.573327850877193 0.01206140350877193 0.02850877192982456 
0 0.39336622807017546 0.5736019736842105 0.007995248538011696 0.012266995614035088 
0 0.7336440058479532 0.5736019736842105 0.01114766081871345 0.029331140350877194 
0 0.06085526315789474 0.5741502192982456 0.01964546783625731 0.01781798245614035 
0 0.30975877192982454 0.5741502192982456 0.011330409356725146 0.021107456140350877 
0 0.31277412280701755 0.5927905701754386 0.01758954678362573 0.025013706140350877 
0 0.49515716374269003 0.5741502192982456 0.008589181286549707 0.030975877192982455 
0 0.5026498538011696 0.5875822368421053 0.00932017543859649 0.05201480263157895 
0 0.48930921052631576 0.5911458333333334 0.010416666666666666 0.025219298245614034 
0 0.4812682748538012 0.6029331140350878 0.018457602339181287 0.04303728070175439 
0 0.49954312865497075 0.6075932017543859 0.007309941520467836 0.022203947368421052 
0 0.5108735380116959 0.6243146929824561 0.017498172514619884 0.03186677631578947 
0 0.48620248538011696 0.629797149122807 0.017726608187134504 0.01781798245614035 
0 0.5256761695906432 0.5744243421052632 0.01114766081871345 0.027412280701754384 
0 0.9021381578947368 0.5741502192982456 0.02010233918128655 0.021655701754385966 
0 0.4353983918128655 0.5752467105263158 0.011330409356725146 0.02850877192982456 
0 0.5532711988304093 0.5755208333333334 0.010051169590643274 0.022478070175438597 
0 0.07501827485380116 0.5760690789473685 0.015076754385964912 0.027960526315789474 
0 0.08543494152046784 0.5763432017543859 0.012381213450292397 0.028782894736842105 
0 0.40999634502923976 0.5771655701754386 0.013157894736842105 0.0268640350877193 
0 0.4227887426900585 0.5886787280701754 0.009137426900584795 0.02275219298245614 
0 0.5991410818713451 0.576891447368421 0.020650584795321638 0.03234649122807018 
0 0.3534356725146199 0.5777138157894737 0.015670687134502925 0.02309484649122807 
0 0.09329312865497076 0.5779879385964912 0.012929459064327485 0.03179824561403509 
0 0.17297149122807018 0.5785361842105263 0.01621893274853801 0.029673793859649123 
0 0.7526498538011696 0.5785361842105263 0.00932017543859649 0.027138157894736843 
0 0.8050986842105263 0.5788103070175439 0.00712719298245614 0.014802631578947368 
0 0.811860380116959 0.5788103070175439 0.010964912280701754 0.01699561403508772 
0 0.2575840643274854 0.5785361842105263 0.013751827485380117 0.031524122807017545 
0 0.008863304093567252 0.578125 0.022569444444444444 0.033854166666666664 
0 0.16266812865497077 0.5788103070175439 0.016288377192982456 0.03686951754385965 
0 0.268046418128655 0.5799753289473685 0.01667580409356725 0.02206688596491228 
0 0.27147295321637427 0.5844298245614035 0.013386330409356726 0.018297697368421052 
0 0.577531067251462 0.5782620614035088 0.012883771929824562 0.03289473684210526 
0 0.6832054093567251 0.5810032894736842 0.011513157894736841 0.033168859649122806 
0 0.44709429824561403 0.5820997807017544 0.010964912280701754 0.018914473684210526 
0 0.6503106725146199 0.5820997807017544 0.011695906432748537 0.016721491228070175 
0 0.5703125 0.5819627192982456 0.009639985380116959 0.02768640350877193 
0 0.5406615497076024 0.5905975877192983 0.013888888888888888 0.025767543859649123 
0 0.5496162280701754 0.5977247807017544 0.02288925438596491 0.01425438596491228 
0 0.5622715643274854 0.6043037280701754 0.02608735380116959 0.03070175438596491 
0 0.528234649122807 0.6097861842105263 0.014619883040935672 0.027069627192982455 
0 0.38080226608187134 0.5814144736842105 0.02585891812865497 0.025356359649122806 
0 0.5117872807017544 0.582922149122807 0.01864035087719298 0.027412280701754384 
0 0.5094115497076024 0.5875822368421053 0.012975146198830409 0.0268640350877193 
0 0.530610380116959 0.5903234649122807 0.012609649122807017 0.02055921052631579 
0 0.6967288011695907 0.582922149122807 0.013523391812865496 0.012609649122807017 
0 0.6919773391812866 0.5851151315789473 0.011695906432748537 0.02631578947368421 
0 0.7023940058479532 0.5969024122807017 0.008954678362573099 0.02412280701754386 
0 -9.137426900584795e-05 0.5837445175438597 0.015716374269005847 0.01644736842105263 
0 0.24319261695906433 0.5826480263157895 0.02266081871345029 0.020627741228070175 
0 0.24369517543859648 0.5943667763157895 0.018320540935672515 0.01274671052631579 
0 0.40597587719298245 0.5834703947368421 0.012792397660818713 0.023574561403508772 
0 0.8438413742690059 0.5834703947368421 0.024305555555555556 0.025767543859649123 
0 0.6420869883040936 0.5840186403508771 0.008771929824561403 0.015899122807017545 
0 0.10206505847953216 0.5848410087719298 0.021564327485380116 0.016036184210526317 
0 0.10083150584795321 0.5900493421052632 0.019691154970760235 0.020833333333333332 
0 0.10681652046783625 0.6029331140350878 0.01827485380116959 0.02158717105263158 
0 0.11618238304093567 0.5837116228070176 0.013956505847953217 0.02148300438596488 
0 0.20079495614035087 0.5829906798245614 0.01667580409356725 0.03961074561403509 
0 0.30459612573099415 0.5853892543859649 0.010873538011695907 0.028851425438596492 
0 0.6283808479532164 0.5864857456140351 0.007675438596491228 0.015350877192982455 
0 0.6205226608187134 0.5875822368421053 0.011330409356725146 0.02549342105263158 
0 0.6146747076023392 0.6001918859649122 0.011513157894736841 0.0424890350877193 
0 0.6097404970760234 0.6004660087719298 0.010964912280701754 0.023300438596491228 
0 0.5962171052631579 0.5870339912280702 0.012244152046783625 0.02987938596491228 
0 0.5900036549707602 0.5974506578947368 0.014071637426900584 0.03344298245614035 
0 0.6715095029239766 0.5867598684210527 0.011878654970760233 0.01617324561403509 
0 0.6810124269005848 0.5947094298245614 0.010416666666666666 0.025219298245614034 
0 0.6707785087719298 0.6001918859649122 0.005116959064327485 0.011787280701754386 
0 0.6755299707602339 0.6029331140350878 0.010782163742690058 0.04303728070175439 
0 0.6830226608187134 0.6174616228070176 0.01516812865497076 0.03262061403508772 
0 0.13386330409356725 0.5840186403508771 0.012015716374269006 0.03700657894736842 
0 0.7882858187134503 0.5873081140350878 0.011878654970760233 0.01864035087719298 
0 0.7946820175438597 0.6059484649122807 0.019371345029239765 0.03289473684210526 
0 0.20952119883040934 0.5886787280701754 0.015122441520467836 0.038651315789473686 
0 0.21504934210526316 0.5971765350877193 0.018777412280701754 0.023643092105263157 
0 0.7798793859649122 0.5884046052631579 0.014619883040935672 0.026589912280701754 
0 0.74515716374269 0.5892269736842105 0.011513157894736841 0.023848684210526317 
0 0.39469115497076024 0.5875822368421053 0.012381213450292397 0.02652138157894737 
0 0.8379934210526315 0.5905975877192983 0.027046783625730993 0.023848684210526317 
0 0.8339729532163743 0.5947094298245614 0.025584795321637425 0.01918859649122807 
0 0.8440241228070176 0.6136239035087719 0.024671052631578948 0.015350877192982455 
0 0.1533717105263158 0.5916255482456141 0.011811038011695906 0.02631578947368421 
0 0.7199378654970761 0.5916940789473685 0.010599415204678362 0.023848684210526317 
0 0.33927266081871343 0.5927905701754386 0.015990497076023392 0.02412280701754386 
0 0.32538377192982454 0.5955317982456141 0.02266081871345029 0.021929824561403508 
0 0.36312134502923976 0.5905290570175439 0.009457236842105263 0.03522478070175439 
0 0.35425804093567254 0.5974506578947368 0.01206140350877193 0.03344298245614035 
0 0.7303545321637427 0.5922423245614035 0.010782163742690058 0.022203947368421052 
0 0.8098501461988304 0.5927905701754386 0.013888888888888888 0.031524122807017545 
0 0.8186220760233918 0.5930646929824561 0.0133406432748538 0.030975877192982455 
0 0.44471856725146197 0.5933388157894737 0.01516812865497076 0.02823464912280702 
0 0.2963724415204678 0.5941611842105263 0.012563961988304093 0.031661184210526314 
0 0.8661366959064327 0.5938870614035088 0.019554093567251463 0.02275219298245614 
0 0.19216008771929824 0.5958059210526315 0.011741593567251463 0.033168859649122806 
0 0.8279422514619883 0.5958059210526315 0.01663011695906433 0.031524122807017545 
0 0.16666666666666666 0.5972450657894737 0.024899488304093567 0.027617872807017545 
0 0.18247441520467836 0.6067708333333334 0.010782163742690058 0.02055921052631579 
0 0.3753654970760234 0.5981359649122807 0.02101608187134503 0.032072368421052634 
0 0.6483004385964912 0.5990953947368421 0.01918859649122807 0.014528508771929825 
0 0.6479349415204678 0.6075932017543859 0.011513157894736841 0.02823464912280702 
0 -9.137426900584795e-05 0.5996436403508771 0.008954678362573099 0.03070175438596491 
0 0.40561038011695905 0.5996436403508771 0.010782163742690058 0.029605263157894735 
0 0.7111659356725146 0.5996436403508771 0.010051169590643274 0.023300438596491228 
0 0.7173793859649122 0.6171875 0.012244152046783625 0.04084429824561404 
0 0.25922880116959063 0.6010142543859649 0.0188687865497076 0.020627741228070175 
0 0.7405884502923976 0.6023848684210527 0.00932017543859649 0.02631578947368421 
0 0.6305738304093568 0.6026589912280702 0.00804093567251462 0.020833333333333332 
0 0.4308296783625731 0.6032072368421053 0.013888888888888888 0.027138157894736843 
0 0.4224232456140351 0.6092379385964912 0.012975146198830409 0.031524122807017545 
0 0.4346673976608187 0.6117050438596491 0.014802631578947368 0.021929824561403508 
0 0.801078216374269 0.6037554824561403 0.019371345029239765 0.02905701754385965 
0 0.21555190058479531 0.6032072368421053 0.02288925438596491 0.0356359649122807 
0 0.24095394736842105 0.6048519736842105 0.019097222222222224 0.01274671052631579 
0 0.41694078947368424 0.6054002192982456 0.005665204678362573 0.01699561403508772 
0 0.4171235380116959 0.6223958333333334 0.01644736842105263 0.033168859649122806 
0 0.5767543859649122 0.6064967105263158 0.020376461988304093 0.027412280701754384 
0 0.7570358187134503 0.6070449561403509 0.014802631578947368 0.03618421052631579 
0 0.7499086257309941 0.6133497807017544 0.012792397660818713 0.030975877192982455 
0 0.6673062865497076 0.6078673245614035 0.010964912280701754 0.03700657894736842 
0 0.6587171052631579 0.610608552631579 0.01206140350877193 0.0381030701754386 
0 0.7261513157894737 0.6084155701754386 0.014071637426900584 0.021655701754385966 
0 0.2862755847953216 0.6089638157894737 0.010416666666666666 0.029125548245614034 
0 0.37838084795321636 0.6079358552631579 0.022478070175438597 0.026247258771929825 
0 0.5220211988304093 0.6095120614035088 0.008223684210526315 0.012335526315789474 
0 0.5286001461988304 0.6111567982456141 0.007858187134502924 0.010964912280701754 
0 0.30340826023391815 0.6111567982456141 0.019736842105263157 0.03892543859649123 
0 0.5385599415204678 0.6108826754385965 0.019828216374269007 0.023643092105263157 
0 0.69234283625731 0.6111567982456141 0.009868421052631578 0.02823464912280702 
0 0.7758589181286549 0.6108826754385965 0.012792397660818713 0.02631578947368421 
0 0.5127010233918129 0.6119791666666666 0.018914473684210526 0.03734923245614035 
0 0.33013523391812866 0.6123218201754386 0.022341008771929825 0.030153508771929825 
0 0.386421783625731 0.6138980263157895 0.01882309941520468 0.03344298245614035 
0 0.4037828947368421 0.6166392543859649 0.008771929824561403 0.02768640350877193 
0 0.40926535087719296 0.6319901315789473 0.019371345029239765 0.03453947368421053 
0 0.4668311403508772 0.6138980263157895 0.012609649122807017 0.021107456140350877 
0 0.5543676900584795 0.6136239035087719 0.01023391812865497 0.03234649122807018 
0 0.24040570175438597 0.6129385964912281 0.02412280701754386 0.022135416666666668 
0 0.29157529239766083 0.6136924342105263 0.01964546783625731 0.03405975877192982 
0 0.4529422514619883 0.614172149122807 0.013157894736842105 0.03125 
0 0.6234466374269005 0.6147203947368421 0.011330409356725146 0.036458333333333336 
0 0.3458059210526316 0.6154057017543859 0.017041301169590642 0.029742324561403508 
0 0.5640533625730995 0.6160910087719298 0.015533625730994151 0.024671052631578948 
0 0.602796052631579 0.6158168859649122 0.01114766081871345 0.03234649122807018 
0 0.7067799707602339 0.6160910087719298 0.009868421052631578 0.034265350877192985 
0 0.6991045321637427 0.6191063596491229 0.008406432748538011 0.03289473684210526 
0 0.7802448830409356 0.6160910087719298 0.018457602339181287 0.03070175438596491 
0 0.31122076023391815 0.6171875 0.01781798245614035 0.029468201754385966 
0 0.4430738304093567 0.6171875 0.012426900584795321 0.036458333333333336 
0 0.43393640350877194 0.6306195175438597 0.00932017543859649 0.027412280701754384 
0 0.2584978070175439 0.6184895833333334 0.015670687134502925 0.037075109649122806 
0 0.7245065789473685 0.6191063596491229 0.009685672514619883 0.024945175438596492 
0 0.04906798245614035 0.6199287280701754 0.015350877192982455 0.030153508771929825 
0 0.2722039473684211 0.6197916666666666 0.015350877192982455 0.0200109649122807 
0 0.01836622807017544 0.6212993421052632 0.03070175438596491 0.030153508771929825 
0 0.06752558479532164 0.6218475877192983 0.023940058479532164 0.023574561403508772 
0 0.6345942982456141 0.6221217105263158 0.01516812865497076 0.03262061403508772 
0 0.2383954678362573 0.6226699561403509 0.017543859649122806 0.020285087719298246 
0 0.3900767543859649 0.6234923245614035 0.013888888888888888 0.03399122807017544 
0 0.32670869883040937 0.6210252192982456 0.021655701754385966 0.024533991228070175 
0 0.1771747076023392 0.6248629385964912 0.017498172514619884 0.034882127192982455 
0 0.05381944444444445 0.6254111842105263 0.017543859649122806 0.03262061403508772 
0 0.7318165204678363 0.626233552631579 0.012609649122807017 0.03453947368421053 
0 0.2294407894736842 0.6261650219298246 0.0188687865497076 0.03310032894736842 
0 0.6439144736842105 0.6273300438596491 0.016264619883040937 0.02138157894736842 
0 0.4624451754385965 0.6284265350877193 0.01206140350877193 0.03344298245614035 
0 0.4540387426900585 0.6333607456140351 0.011421783625730994 0.027138157894736843 
0 0.15670687134502925 0.6289747807017544 0.015533625730994151 0.035910087719298246 
0 0.03883406432748538 0.6295230263157895 0.013888888888888888 0.030975877192982455 
0 0.7446089181286549 0.629797149122807 0.03033625730994152 0.03125 
0 0.7436951754385965 0.6410361842105263 0.004934210526315789 0.014802631578947368 
0 0.5311586257309941 0.630139802631579 0.023483187134502925 0.01884594298245614 
0 0.46902412280701755 0.6336348684210527 0.012426900584795321 0.029605263157894735 
0 0.5059393274853801 0.6331551535087719 0.02010233918128655 0.0317297149122807 
0 0.16767178362573099 0.6336348684210527 0.009914108187134504 0.028097587719298246 
0 0.03280336257309942 0.6396655701754386 0.007492690058479532 0.020285087719298246 
0 0.4878472222222222 0.639391447368421 0.018092105263157895 0.027960526315789474 
0 0.06313961988304094 0.6429550438596491 0.01918859649122807 0.03508771929824561 
0 0.053088450292397664 0.6462445175438597 0.017543859649122806 0.03536184210526316 
0 0.07099780701754387 0.6585800438596491 0.019919590643274854 0.02138157894736842 
0 0.4041483918128655 0.6429550438596491 0.019371345029239765 0.03179824561403509 
0 0.6334978070175439 0.6467927631578947 0.017178362573099414 0.025767543859649123 
0 0.469937865497076 0.6470668859649122 0.019005847953216373 0.02768640350877193 
0 0.4427083333333333 0.6517269736842105 0.019919590643274854 0.02631578947368421 
0 0.19595211988304093 0.6744791666666666 0.02965095029239766 0.01631030701754386 
0 0.18868786549707603 0.6865405701754386 0.024625365497076022 0.023300438596491228 
0 0.19983552631578946 0.6892817982456141 0.020650584795321638 0.02850877192982456 
0 0.1980080409356725 0.7013432017543859 0.0245796783625731 0.03673245614035088 
0 0.20952119883040934 0.7010005482456141 0.025584795321637425 0.03899396929824561 
0 0.02722953216374269 0.5501644736842105 0.017909356725146198 0.025219298245614034 
0 0.022021198830409358 0.5574287280701754 0.015076754385964912 0.025356359649122806 
0 0.07168311403508772 0.5418037280701754 0.015509868421052632 0.01757675438596488 
0 0.07545321637426901 0.5524259868421053 0.00893092105263158 0.023506030701754384 
0 0.0785124269005848 0.551672149122807 0.019120979532163743 0.01747532894736842 
0 0.10494334795321637 0.5542077850877193 0.019234283625730993 0.010416666666666666 
0 0.10032894736842106 0.5611293859649122 0.021153143274853802 0.019325657894736843 
0 0.10736476608187134 0.5118558114035088 0.01251827485380117 0.012609649122807017 
0 0.11257309941520467 0.5081551535087719 0.016812865497076022 0.02563048245614035 
0 0.19197733918128654 0.5054139254385965 0.013569078947368422 0.025836074561403508 
0 0.18261147660818713 0.520764802631579 0.015899122807017545 0.02645285087719298 
0 0.34023209064327486 0.5714775219298246 0.017909356725146198 0.025904605263157895 
0 0.3647203947368421 0.5888157894736842 0.020924707602339183 0.04964912280701751 
