0 0.606 0.262 0.02225 0.02033333333333333 
0 0.21275 0.3626666666666667 0.018 0.03233333333333333 
0 0.3395 0.377 0.02025 0.03266666666666666 
0 0.52875 0.481 0.02275 0.04033333333333333 
0 0.212 0.4103333333333333 0.03275 0.014333333333333333 
0 0.67175 0.5473333333333333 0.02625 0.043 
0 0.3995 0.41133333333333333 0.0215 0.021 
0 0.3365 0.5276666666666666 0.03075 0.03933333333333333 
0 0.03825 0.5216666666666666 0.04125 0.025 
0 0.9185 0.45066666666666666 0.027 0.03766666666666667 
0 0.47925 0.533 0.02175 0.048 
0 0.88025 0.276 0.02425 0.028333333333333332 
0 0.48325 0.2886666666666667 0.013 0.024333333333333332 
0 0.97775 0.5113333333333333 0.02175 0.03333333333333333 
0 0.17625 0.513 0.02475 0.041666666666666664 
0 0.03375 0.3616666666666667 0.02475 0.033666666666666664 
0 0.872 0.5946666666666667 0.034 0.03866666666666667 
0 0.40275 0.5043333333333333 0.02075 0.036333333333333336 
0 0.66725 0.513 0.028 0.034666666666666665 
0 0.771 0.313 0.0295 0.016666666666666666 
0 0.741 0.5239 0.03325 0.04343333333333332 
0 0.864 0.42933333333333334 0.02225 0.03266666666666666 
0 0.6825 0.31033333333333335 0.01925 0.017666666666666667 
0 0.14725 0.53 0.0155 0.037333333333333336 
0 0.17525 0.36733333333333335 0.02775 0.028666666666666667 
0 0.70425 0.49666666666666665 0.02775 0.030666666666666665 
0 0.70325 0.5266666666666666 0.024192499999999995 0.04483 
0 0.3555 0.5236666666666666 0.02975 0.041 
0 0.6235 0.4176666666666667 0.0185 0.036 
0 0.94025 0.54967 0.02875 0.04999666666666667 
0 0.77975 0.5336666666666666 0.03225 0.037333333333333336 
0 0.659 0.253 0.01675 0.02266666666666667 
0 0.581 0.5606666666666666 0.02875 0.034333333333333334 
0 0.21575 0.46166666666666667 0.02625 0.034666666666666665 
0 0.95525 0.4736666666666667 0.0215 0.04133333333333333 
0 0.284 0.413 0.01925 0.03166666666666667 
0 0.06225 0.31033333333333335 0.02425 0.014666666666666666 
0 0.569 0.439 0.017 0.032 
0 0.13375 0.288 0.02475 0.025666666666666667 
0 0.2685 0.339 0.0225 0.035333333333333335 
0 0.03725 0.31033333333333335 0.026 0.013666666666666667 
0 0.8035 0.38433333333333336 0.02325 0.03 
0 0.50975 0.4683333333333333 0.015 0.033 
0 0.53925 0.39066666666666666 0.025 0.033666666666666664 
0 0.24075 0.46366666666666667 0.025 0.02266666666666667 
0 0.83075 0.35933333333333334 0.01725 0.03 
0 0.5115 0.502 0.0145 0.03866666666666667 
0 0.20175 0.5133333333333333 0.02075 0.03833333333333333 
0 0.1165 0.42966666666666664 0.021 0.031 
0 0.63475 0.492 0.034 0.025 
0 0.81625 0.2793333333333333 0.02675 0.026333333333333334 
0 0.907 0.602 0.0245 0.04666666666666667 
0 0.57725 0.5243333333333333 0.0185 0.048666666666666664 
0 0.663 0.49566666666666664 0.0275 0.02666666666666667 
0 0.3485 0.45866666666666667 0.0265 0.023666666666666666 
0 0.7315 0.47833333333333333 0.025 0.04466666666666667 
0 0.90025 0.42866666666666664 0.02025 0.047 
0 0.237 0.417 0.02875 0.033666666666666664 
0 0.97 0.26166666666666666 0.026 0.028666666666666667 
0 0.4305 0.2886666666666667 0.0155 0.025666666666666667 
0 0.94375 0.519 0.02075 0.03833333333333333 
0 0.106 0.5093333333333333 0.01875 0.038 
0 0.9515 0.3406666666666667 0.02075 0.032 
0 0.08875 0.48966666666666664 0.0275 0.020666666666666667 
0 0.29475 0.35733333333333334 0.0145 0.034666666666666665 
0 0.74925 0.489 0.02375 0.04033333333333333 
0 0.18925 0.42133333333333334 0.022 0.030666666666666665 
0 0.1855 0.2956666666666667 0.0195 0.035333333333333335 
0 0.59 0.5753333333333334 0.034 0.033 
0 0.26275 0.47 0.02525 0.023333333333333334 
0 0.13025 0.461 0.017 0.03266666666666666 
0 0.84325 0.276 0.016 0.022333333333333334 
0 0.692 0.5503333333333333 0.01775 0.035666666666666666 
0 0.5945 0.45466666666666666 0.0155 0.035 
0 0.7215 0.52 0.03025 0.04066666666666666 
0 0.02575 0.504 0.02725 0.041 
0 0.106 0.42933333333333334 0.01875 0.03866666666666667 
0 0.82975 0.5163333333333333 0.0225 0.039 
0 0.604 0.25433333333333336 0.019 0.02 
0 0.7865 0.28067666666666663 0.025692499999999997 0.028660000000000005 
0 0.6585 0.5443333333333333 0.017 0.038 
0 0.31675 0.45266666666666666 0.015 0.043666666666666666 
0 0.14825 0.412 0.02175 0.031 
0 0.17625 0.5443333333333333 0.02425 0.04933333333333333 
0 0.7185 0.37666666666666665 0.02575 0.023333333333333334 
0 0.09275 0.398 0.01925 0.034 
0 0.6155 0.544 0.0305 0.03933333333333333 
0 0.22025 0.37266666666666665 0.02375 0.03166666666666667 
0 0.17 0.28 0.02025 0.027666666666666666 
0 0.3335 0.4866666666666667 0.02225 0.019333333333333334 
0 0.94375 0.594 0.02 0.048 
0 0.7715 0.48133333333333334 0.02325 0.037333333333333336 
0 0.67025 0.295 0.0275 0.015 
0 0.2985 0.3343333333333333 0.03 0.018 
0 0.59225 0.5096666666666667 0.02275 0.028 
0 0.5855 0.49266666666666664 0.024 0.034666666666666665 
0 0.92675 0.611 0.025 0.044 
0 0.626 0.5926666666666667 0.036 0.035 
0 0.7095 0.3473333333333333 0.0335 0.018 
0 0.09875 0.30033333333333334 0.02425 0.029333333333333333 
0 0.3255 0.5096666666666667 0.02575 0.051 
0 0.2665 0.2843333333333333 0.02625 0.02 
0 0.94025 0.315 0.028 0.01633333333333333 
0 0.9365 0.2853333333333333 0.019 0.021333333333333333 
0 0.40775 0.30033333333333334 0.02775 0.015333333333333332 
0 0.2765 0.5356666666666666 0.0195 0.04833333333333333 
0 0.15225 0.2896666666666667 0.01975 0.028 
0 0.205 0.4226666666666667 0.01925 0.035666666666666666 
0 0.61775 0.458 0.0175 0.03233333333333333 
0 0.0815 0.30266666666666664 0.0275 0.016666666666666666 
0 0.4575 0.411 0.02975 0.028 
0 0.575 0.463 0.01825 0.03766666666666667 
0 0.57575 0.429 0.03425 0.023 
0 0.38475 0.54 0.025 0.037333333333333336 
0 0.633 0.5796666666666667 0.02525 0.024666666666666667 
0 0.2615 0.397 0.0285 0.02033333333333333 
0 0.324 0.42633333333333334 0.01425 0.029 
0 0.56525 0.5396666666666666 0.01825 0.049666666666666665 
0 0.078 0.43 0.02675 0.026333333333333334 
0 0.02975 0.42966666666666664 0.02075 0.028 
0 0.425 0.37266666666666665 0.02425 0.031 
0 0.842 0.21466666666666667 0.021 0.021666666666666667 
0 0.1415 0.4856666666666667 0.02325 0.04666666666666667 
0 0.2175 0.535 0.0225 0.04466666666666667 
0 0.26725 0.44133333333333336 0.0185 0.037333333333333336 
0 0.862 0.4643333333333333 0.024 0.04 
0 0.7285 0.30933333333333335 0.0315 0.020666666666666667 
0 0.188 0.4568066666666667 0.03569749999999999 0.024859999999999976 
0 0.37825 0.4686666666666667 0.0225 0.02266666666666667 
0 0.56225 0.4676666666666667 0.01525 0.03866666666666667 
0 0.88325 0.249 0.027 0.016 
0 0.9285 0.49266666666666664 0.02875 0.026333333333333334 
0 0.703 0.5973333333333334 0.03475 0.019333333333333334 
0 0.43525 0.43833333333333335 0.02475 0.034666666666666665 
0 0.2585 0.30266666666666664 0.0255 0.013 
0 0.66575 0.22266666666666668 0.01825 0.022 
0 0.23575 0.291 0.019 0.02033333333333333 
0 0.97075 0.586 0.018 0.052 
0 0.63475 0.5206666666666667 0.03325 0.01633333333333333 
0 0.3928625 0.44433333333333336 0.032637499999999986 0.02602333333333331 
0 0.53725 0.28833333333333333 0.0145 0.023666666666666666 
0 0.041 0.431 0.0275 0.037 
0 0.52725 0.318 0.03025 0.015666666666666666 
0 0.4635 0.5456666666666666 0.01525 0.038 
0 0.71075 0.242 0.0265 0.017333333333333333 
0 0.16275 0.48033333333333333 0.01625 0.037333333333333336 
0 0.7915 0.4086666666666667 0.0265 0.03166666666666667 
0 0.742 0.2906666666666667 0.01475 0.023333333333333334 
0 0.46925 0.45366666666666666 0.01925 0.03166666666666667 
0 0.841 0.574 0.024 0.023666666666666666 
0 0.605 0.279 0.01975 0.026333333333333334 
0 0.082 0.4523333333333333 0.026 0.025666666666666667 
0 0.283 0.437 0.0135 0.03966666666666667 
0 0.15775 0.371 0.02 0.03333333333333333 
0 0.59475 0.402 0.018 0.033666666666666664 
0 0.859 0.5043333333333333 0.027 0.023 
0 0.80625 0.6343333333333333 0.03975 0.027 
0 0.42475 0.49133333333333334 0.017 0.04066666666666666 
0 0.7615 0.472 0.02225 0.025666666666666667 
0 0.80375 0.5456666666666666 0.04275 0.03133333333333333 
0 0.91925 0.24466666666666667 0.02675 0.019 
0 0.3335 0.34833333333333333 0.014 0.026 
0 0.88 0.5089066666666667 0.03175 0.03842666666666666 
0 0.565 0.25466666666666665 0.0125 0.021 
0 0.04325 0.41833333333333333 0.02225 0.020666666666666667 
0 0.0 0.42766666666666664 0.02225 0.030333333333333334 
0 0.644 0.544 0.01775 0.039 
0 0.34675 0.4093333333333333 0.016 0.032 
0 0.118 0.26966666666666667 0.01825 0.02 
0 0.751 0.33766666666666667 0.038 0.016666666666666666 
0 0.20275 0.267 0.01875 0.021333333333333333 
0 0.55525 0.5526666666666666 0.0205 0.044 
0 0.19975 0.279 0.0275 0.021 
0 0.7865 0.5763333333333334 0.021 0.03766666666666667 
0 0.69175 0.23 0.0165 0.018333333333333333 
0 0.45375 0.2816666666666667 0.014 0.02666666666666667 
0 0.23475 0.48966666666666664 0.02175 0.042333333333333334 
0 0.39 0.504 0.01825 0.04066666666666666 
0 0.171 0.49933333333333335 0.032 0.025333333333333333 
0 0.13425 0.4216666666666667 0.016 0.038 
0 0.961 0.5266666666666666 0.02375 0.05433333333333333 
0 0.16325 0.447 0.0235 0.034333333333333334 
0 0.75975 0.5663333333333334 0.0195 0.034666666666666665 
0 0.872 0.23533333333333334 0.019 0.021333333333333333 
0 0.2385 0.5146666666666667 0.0155 0.04033333333333333 
0 0.2505 0.49233333333333335 0.01825 0.043666666666666666 
0 0.1135 0.36566666666666664 0.01675 0.028333333333333332 
0 0.2935 0.4633333333333333 0.027 0.03266666666666666 
0 0.44325 0.2856666666666667 0.0105 0.02033333333333333 
0 0.256 0.518 0.01675 0.05566666666666667 
0 0.11125 0.2796666666666667 0.01875 0.015 
0 0.849 0.47633333333333333 0.022 0.043 
0 0.5205 0.5373333333333333 0.01975 0.04666666666666667 
0 0.21425 0.2866666666666667 0.03425 0.02033333333333333 
0 0.01525 0.43133333333333335 0.015 0.033 
0 0.0105 0.30233333333333334 0.018 0.019333333333333334 
0 0.0 0.499 0.0165 0.044333333333333336 
0 0.004 0.4653333333333333 0.034 0.015666666666666666 
0 0.920025 0.32677666666666666 0.0165 0.024889999999999985 
0 0.35875 0.37433333333333335 0.01625 0.028333333333333332 
0 0.4035 0.43266666666666664 0.0345 0.014666666666666666 
0 0.67725 0.485 0.01775 0.024 
0 0.72 0.4693333333333333 0.0145 0.027666666666666666 
0 0.8915 0.3506666666666667 0.03125 0.017333333333333333 
0 0.12 0.37266666666666665 0.0325 0.030666666666666665 
0 0.3365 0.43 0.01625 0.035333333333333335 
0 0.953 0.2906666666666667 0.01975 0.02266666666666667 
0 0.85175 0.527 0.02725 0.033666666666666664 
0 0.9855 0.5956666666666667 0.01425 0.04666666666666667 
0 0.80975 0.6 0.025 0.03966666666666667 
0 0.397 0.459 0.0235 0.016666666666666666 
0 0.00025 0.356 0.01775 0.027 
0 0.90775 0.2773333333333333 0.0225 0.013 
0 0.77475 0.5493333333333333 0.02025 0.035666666666666666 
0 0.9015 0.282 0.017 0.027333333333333334 
0 0.16125 0.43266666666666664 0.0335 0.024666666666666667 
0 0.91075 0.30333333333333334 0.02925 0.019 
0 0.83 0.25133333333333335 0.03325 0.014333333333333333 
0 0.2045 0.46 0.02875 0.028 
0 0.29825 0.409 0.02875 0.016 
0 0.448 0.5823333333333334 0.03175 0.028333333333333332 
0 0.064 0.469 0.02725 0.014333333333333333 
0 0.6755 0.24333333333333335 0.021 0.016 
0 0.98025 0.5786666666666667 0.01925 0.023 
0 0.111 0.39666666666666667 0.0185 0.027 
0 0.011574999999999998 0.36505000000000004 0.024247499999999998 0.03332333333333327 
0 -0.00055 0.3755466666666667 0.018125 0.03548999999999993 
0 0.0012 0.39620666666666665 0.0255 0.030326666666666672 
0 0.018449999999999998 0.39553999999999995 0.024247499999999998 0.035160000000000004 
0 0.0364475 0.39004333333333335 0.028625000000000008 0.031323333333333266 
0 0.02895 0.40020666666666666 0.0344975 0.032656666666666674 
0 0.0600725 0.3828766666666667 0.02137500000000001 0.03465999999999993 
0 0.0790725 0.37688000000000005 0.012625 0.015330000000000003 
0 0.06744750000000001 0.38821000000000006 0.03225 0.03332333333333327 
0 0.0958225 0.37688000000000005 0.018 0.024826666666666598 
0 0.0796975 0.40270666666666666 0.0175 0.027826666666666673 
0 0.0636975 0.4172033333333333 0.01750000000000001 0.04048666666666668 
0 0.0650725 0.43853 0.021 0.034156666666666675 
0 0.0509475 0.4531933333333333 0.016000000000000007 0.04032333333333334 
0 -0.000135 0.41931333333333337 0.011 0.02149333333333334 
0 -0.000135 0.46763333333333335 0.00825 0.0416566666666666 
0 0.004865 0.4792966666666667 0.025 0.013330000000000003 
0 0.019864999999999997 0.49046000000000006 0.014875000000000003 0.027826666666666597 
0 0.032365000000000005 0.48596333333333336 0.0175 0.026989999999999934 
0 0.1278225 0.38665333333333335 0.03262499999999999 0.03466 
0 0.1131975 0.41448 0.024124999999999987 0.019830000000000004 
0 0.13682249999999999 0.39115333333333335 0.024125 0.03682333333333334 
0 0.16707249999999998 0.39365333333333336 0.026625 0.022826666666666672 
0 0.1979475 0.35833 0.019125 0.04382000000000001 
0 0.18119749999999998 0.39798666666666666 0.02875 0.03699000000000001 
0 0.1455725 0.4299766666666667 0.02425 0.03732333333333334 
0 0.11619750000000001 0.4573066666666667 0.021874999999999985 0.03882333333333334 
0 0.1399475 0.45847333333333334 0.02525 0.04232000000000001 
0 0.0931975 0.46980333333333335 0.02725 0.024326666666666674 
0 0.0904475 0.52301 0.02125 0.027326666666666673 
0 0.08519750000000001 0.5031833333333333 0.03075 0.04832000000000001 
0 0.1234475 0.49218666666666666 0.017249999999999984 0.045653333333333344 
0 0.1278225 0.5070166666666667 0.016874999999999987 0.03765666666666668 
0 0.1711975 0.48069 0.0185 0.03849000000000001 
0 0.1579475 0.5258433333333333 0.01525 0.03615666666666668 
0 0.1689475 0.5163466666666666 0.022 0.03832333333333334 
0 0.2186975 0.4364766666666667 0.013875 0.026660000000000007 
0 0.1696975 0.44714333333333334 0.0355 0.03499000000000001 
0 0.24444749999999998 0.42115 0.040125 0.03032333333333334 
0 0.23678 0.44947333333333334 0.033124999999999974 0.02199666666666667 
0 0.26277999999999996 0.42448 0.0275 0.03199333333333334 
0 0.225155 0.4793 0.03237499999999997 0.028660000000000005 
0 0.21803 0.4957966666666667 0.01775 0.044986666666666605 
0 0.19628 0.5007933333333334 0.02725 0.047989999999999935 
0 0.26903 0.5087933333333333 0.0195 0.030989999999999934 
0 0.28390499999999996 0.4987966666666667 0.018125 0.03448999999999993 
0 0.29328 0.5319533333333333 0.01525 0.032656666666666674 
0 0.24394749999999998 0.3644966666666667 0.026875 0.03266000000000001 
0 0.2613225 0.37932666666666665 0.034125 0.02149333333333334 
0 0.2843225 0.40048666666666666 0.038747500000000004 0.01499666666666667 
0 0.3153225 0.3654966666666667 0.017997500000000003 0.03732333333333334 
0 0.32482 0.39915333333333336 0.018625 0.030660000000000007 
0 0.3063225 0.41081666666666666 0.025872500000000003 0.023663333333333335 
0 0.32932 0.45214000000000004 0.016375 0.04632333333333334 
0 0.29244749999999997 0.4311466666666667 0.027125 0.03865666666666667 
0 0.2944475 0.4389766666666667 0.029747500000000003 0.04748666666666668 
0 0.308905 0.49601666666666666 0.037375 0.026826666666666672 
0 0.35028 0.4392 0.0295 0.03665666666666668 
0 0.37953 0.3541666666666667 0.017375 0.03799000000000001 
0 0.36302999999999996 0.4287033333333333 0.038375 0.03299000000000001 
0 0.412655 0.37766 0.015122500000000002 0.03166000000000001 
0 0.32053 0.5071833333333333 0.01375 0.04298666666666668 
0 0.353155 0.48318666666666665 0.020375 0.04415666666666668 
0 0.37327999999999995 0.47735666666666665 0.02125 0.04482000000000001 
0 0.39840499999999995 0.46969 0.0125 0.03399333333333334 
0 0.40752999999999995 0.46002666666666664 0.016872500000000002 0.041323333333333344 
0 0.4220275 0.4420333333333333 0.016 0.03949000000000001 
0 0.4336525 0.4478633333333333 0.0185 0.03682333333333334 
0 0.4141125 0.50535 0.01725 0.04915333333333335 
0 0.3714875 0.5336733333333333 0.024625 0.04632333333333334 
0 0.4502775 0.43448000000000003 0.01875 0.04098666666666668 
0 0.43752749999999996 0.4711366666666667 0.0205 0.04731999999999994 
0 0.4462775 0.47080333333333335 0.0235 0.0474866666666666 
0 0.46027749999999995 0.4303133333333333 0.01675 0.03665666666666668 
0 0.4776525 0.4434766666666667 0.029625 0.02199333333333334 
0 0.5015275 0.43914333333333333 0.018000000000000058 0.04565666666666668 
0 0.48127749999999997 0.46530333333333335 0.0215 0.041323333333333344 
0 0.4896525 0.46130333333333334 0.022625000000000058 0.036493333333333336 
0 0.4524025 0.47713333333333335 0.02625 0.04248999999999993 
0 0.4872775 0.5022933333333334 0.01475 0.03582333333333327 
0 0.49890249999999997 0.4982966666666667 0.013625000000000057 0.03582333333333327 
0 0.5022774999999999 0.5254533333333333 0.022125000000000058 0.03715666666666668 
0 0.4575275 0.5071266666666667 0.022 0.03648999999999993 
0 0.476695 0.5842166666666667 0.02825 0.05881666666666661 
0 0.479695 0.36705333333333334 0.01375 0.03815666666666668 
0 0.490445 0.37305000000000005 0.022250000000000058 0.04548999999999993 
0 0.575195 0.39171333333333336 0.021625 0.0386566666666666 
0 0.5480700000000001 0.4427 0.015 0.04165333333333335 
0 0.5381950000000001 0.4473633333333333 0.013 0.03832333333333334 
0 0.52132 0.4432 0.018 0.04048666666666668 
0 0.51532 0.48085666666666665 0.023375 0.04348666666666668 
0 0.543945 0.48019 0.01925 0.03199000000000001 
0 0.5379025000000001 0.5072366666666667 0.015125 0.03665666666666668 
0 0.5216525000000001 0.5232333333333333 0.02475 0.022826666666666672 
0 0.5409025000000001 0.5315633333333334 0.01925 0.04349000000000001 
0 0.5737775 0.49490666666666666 0.01675 0.03132666666666667 
0 0.6070275 0.46541333333333335 0.021 0.03749333333333334 
0 0.6060275 0.48791 0.0265 0.028156666666666677 
0 0.5991525 0.5185666666666667 0.023875 0.03366000000000001 
0 0.6194025000000001 0.5137366666666667 0.020625 0.04282000000000001 
0 0.6356925 0.43803333333333333 0.02 0.03499000000000001 
0 0.6320675 0.45936 0.02875 0.03732333333333334 
0 0.6496925 0.4493633333333333 0.027375 0.03499000000000001 
0 0.6586925 0.46985666666666664 0.021 0.02949333333333334 
0 0.6656925 0.45319666666666664 0.0185 0.035156666666666676 
0 0.6839425 0.45669666666666664 0.022375 0.04498666666666668 
0 0.6864425 0.41803999999999997 0.024 0.04165333333333335 
0 0.6289425 0.5056833333333334 0.031375 0.016826666666666674 
0 0.7026924999999999 0.46336 0.01725 0.047153333333333346 
0 0.7076925 0.5555033333333333 0.018 0.03849000000000001 
0 0.7229425 0.5593333333333333 0.022875 0.043323333333333346 
0 0.7351925 0.5581666666666667 0.02025 0.04749000000000001 
0 0.7466925 0.5580033333333333 0.01675 0.04398666666666668 
0 0.7250675 0.5000166666666667 0.026875 0.029660000000000006 
0 0.76561 0.53323 0.021372499999999947 0.029660000000000006 
0 0.7187749999999999 0.4259266666666667 0.02375 0.03799000000000001 
0 0.7489 0.4455866666666667 0.021875 0.04032333333333334 
0 0.762525 0.43692333333333333 0.02025 0.033990000000000006 
0 0.7722749999999999 0.4339233333333333 0.039125 0.02399333333333334 
0 0.7808999999999999 0.4569166666666667 0.023375 0.02899333333333334 
0 0.807275 0.4420866666666667 0.021875 0.03832333333333334 
0 0.793025 0.47291333333333335 0.04175 0.03665666666666668 
0 0.8104 0.47424666666666665 0.040375 0.033656666666666675 
0 0.8247749999999999 0.47091333333333335 0.027 0.04099000000000001 
0 0.8019 0.49057666666666666 0.022375 0.03699000000000001 
0 0.786775 0.48974333333333336 0.018125 0.03699000000000001 
0 0.8430675 0.43087 0.024875 0.039820000000000015 
0 0.8774425 0.44553 0.02574750000000006 0.043156666666666677 
0 0.8515675 0.5453933333333334 0.03787250000000006 0.04865333333333335 
0 0.7979425 0.5857166666666667 0.01925 0.03698999999999993 
0 0.8338175 0.5945466666666667 0.018125 0.039989999999999935 
0 0.9017324999999999 0.5148466666666667 0.044125 0.03899000000000001 
0 0.8966075 0.5021833333333333 0.04925 0.03882333333333334 
0 0.9057324999999999 0.53334 0.036125 0.02982666666666667 
0 0.9106075 0.54917 0.0325 0.034823333333333345 
0 0.9001075 0.5458366666666666 0.042875 0.05282000000000001 
0 0.8868575 0.5470033333333333 0.036375 0.05865333333333334 
0 0.9584400000000001 0.5583333333333333 0.023 0.03999000000000001 
0 0.9610650000000001 0.5981566666666667 0.022375 0.04599000000000001 
0 0.98319 0.5561699999999999 0.01675 0.022160000000000006 
0 0.979315 0.53884 0.020625 0.018163333333333337 
0 0.9646075 0.49824 0.02125 0.03799000000000001 
0 0.9831074999999999 0.46958 0.01675 0.02932666666666667 
0 0.9403575 0.44542 0.01825 0.03865666666666667 
0 0.965565 0.3728866666666667 0.026375 0.02849000000000001 
0 0.98294 0.35322333333333333 0.0175 0.035156666666666676 
0 0.9943150000000001 0.38938000000000006 0.00575 0.033493333333333264 
0 0.9850650000000001 0.3229 0.015125 0.022660000000000007 
0 0.9331900000000001 0.34271666666666667 0.01925 0.03548999999999993 
0 0.9887725 0.25912999999999997 0.0115 0.02349333333333334 
0 0.94765 0.23546666666666666 0.03362250000000006 0.026160000000000006 
0 0.948025 0.2418 0.01999750000000006 0.03099000000000001 
0 0.9329 0.2418 0.023375 0.02449333333333334 
0 0.9507749999999999 0.26546 0.02337250000000006 0.02149333333333334 
0 0.929775 0.2592966666666667 0.019875 0.030156666666666675 
0 0.91065 0.2602933333333333 0.026375 0.036326666666666674 
0 0.936775 0.30878333333333335 0.02475 0.014160000000000006 
0 0.8743575 0.2774566666666667 0.023 0.028326666666666674 
0 0.8652325 0.27729 0.02125 0.02799333333333334 
0 0.8602325 0.2981166666666667 0.033125 0.02899333333333334 
0 0.8534824999999999 0.26979333333333333 0.014875 0.033323333333333344 
0 0.8348574999999999 0.2696266666666667 0.01325 0.02582666666666667 
0 0.8346075 0.32277666666666666 0.01675 0.025326666666666636 
0 0.8130674999999999 0.2600166666666667 0.022375 0.025660000000000006 
0 0.8021925 0.27618 0.021 0.03499000000000001 
0 0.7715675 0.24602 0.031625 0.020663333333333336 
0 0.7704425 0.28884333333333334 0.017 0.028160000000000004 
0 0.7999425 0.30733666666666665 0.015875 0.03332666666666667 
0 0.75661 0.2968966666666667 0.016 0.03132333333333331 
0 0.7296925 0.2636833333333333 0.021 0.026326666666666672 
0 0.6924425 0.29184333333333334 0.024 0.022160000000000006 
0 0.6695675 0.26335 0.03075 0.019660000000000007 
0 0.6341224999999999 0.25597333333333333 0.01525 0.029156666666666674 
0 0.49120749999999996 0.2906833333333333 0.015875 0.030993333333333338 
0 0.5013325 0.29135 0.018125 0.03216000000000001 
0 0.190835 0.27413333333333334 0.015875 0.022326666666666672 
0 0.13621250000000001 0.27246666666666663 0.0457475 0.027660000000000007 
0 0.10208750000000001 0.28846333333333335 0.029875 0.01449666666666667 
0 0.07092 0.2904066666666667 0.033125 0.022993333333333338 
0 0.05992 0.2879066666666667 0.037 0.024326666666666674 
0 0.05217 0.2899066666666667 0.027 0.023326666666666673 
0 0.1606775 0.6199033333333334 0.0205 0.035323333333333345 
0 0.820585 0.69728 0.0355 0.03998666666666668 
0 0.10074250000000001 0.41688000000000003 0.01425 0.03632333333333327 
0 0.138495 0.87512 0.0525 0.06931666666666661 
