0 0.11825 0.645 0.019 0.04066666666666666 
0 0.3515 0.6223333333333333 0.01625 0.029 
0 0.71375 0.469 0.03375 0.036 
0 0.60625 0.642 0.03575 0.023 
0 0.39225 0.642 0.0135 0.04 
0 0.44475 0.6 0.0255 0.035666666666666666 
0 0.36275 0.592 0.02825 0.028 
0 0.8185 0.5273333333333333 0.0225 0.04033333333333333 
0 0.453 0.6573333333333333 0.02475 0.04066666666666666 
0 0.1295 0.6096666666666667 0.0245 0.03833333333333333 
0 0.80975 0.6826666666666666 0.0165 0.04 
0 0.64 0.5966666666666667 0.022 0.03933333333333333 
0 0.33575 0.592 0.02125 0.041 
0 0.1745 0.663 0.02225 0.034 
0 0.466 0.5156666666666667 0.01525 0.03866666666666667 
0 0.97925 0.6856666666666666 0.0175 0.03933333333333333 
0 0.41825 0.59 0.01925 0.04666666666666667 
0 0.832 0.5596666666666666 0.02075 0.034333333333333334 
0 0.7365 0.6163333333333333 0.01825 0.036 
0 0.6285 0.5976666666666667 0.0145 0.04833333333333333 
0 0.94975 0.6926666666666667 0.0195 0.039 
0 0.912 0.5336666666666666 0.0145 0.03966666666666667 
0 0.868 0.4543333333333333 0.02725 0.034 
0 0.2285 0.6323333333333333 0.0165 0.04633333333333333 
0 0.963 0.5546666666666666 0.01575 0.042666666666666665 
0 0.78275 0.696 0.01625 0.042 
0 0.82775 0.6336666666666667 0.01275 0.043333333333333335 
0 0.80875 0.433 0.01675 0.042666666666666665 
0 0.97725 0.4056666666666667 0.022 0.034 
0 0.45025 0.5046666666666667 0.016 0.042 
0 0.44025 0.67 0.01975 0.025666666666666667 
0 0.313 0.606 0.02325 0.036 
0 0.40725 0.596 0.0165 0.03933333333333333 
0 0.92975 0.5043333333333333 0.02775 0.032 
0 0.92375 0.6516666666666666 0.01925 0.04033333333333333 
0 0.88325 0.6413333333333333 0.01775 0.04066666666666666 
0 0.837 0.6946666666666667 0.01375 0.034 
0 0.5585 0.5966666666666667 0.01475 0.05366666666666667 
0 0.2145 0.6176666666666667 0.01475 0.04633333333333333 
0 0.803 0.6326666666666667 0.01925 0.035 
0 0.95975 0.7 0.02075 0.037 
0 0.777 0.562 0.032 0.029 
0 0.7905 0.42866666666666664 0.01825 0.043 
0 0.97975 0.603 0.015 0.04 
0 0.83575 0.647 0.0145 0.03766666666666667 
0 0.765 0.698 0.02 0.04133333333333333 
0 0.7555 0.6563333333333333 0.01775 0.029333333333333333 
0 0.90225 0.6933333333333334 0.0195 0.030666666666666665 
0 0.6665 0.63 0.02075 0.037 
0 0.773 0.5266666666666666 0.0305 0.03133333333333333 
0 0.85625 0.656 0.02125 0.032 
0 0.18875 0.6003333333333334 0.02125 0.042666666666666665 
0 0.78925 0.5313333333333333 0.01925 0.033 
0 0.45875 0.6013333333333334 0.02475 0.035333333333333335 
0 0.94275 0.5716666666666667 0.01875 0.026333333333333334 
0 0.7325 0.6523333333333333 0.01575 0.03666666666666667 
0 0.91725 0.49633333333333335 0.02925 0.026 
0 0.36625 0.6193333333333333 0.0155 0.04066666666666666 
0 0.457 0.6323333333333333 0.0175 0.03833333333333333 
0 0.814 0.6386666666666667 0.0155 0.038 
0 0.4725 0.6176666666666667 0.01575 0.03766666666666667 
0 0.837 0.42533333333333334 0.02425 0.035666666666666666 
0 0.73 0.5323333333333333 0.02475 0.018666666666666668 
0 0.9725 0.441 0.025 0.04 
0 0.3905 0.596 0.0175 0.043333333333333335 
0 0.49875 0.5806666666666667 0.02075 0.042666666666666665 
0 0.919 0.73 0.0305 0.026 
0 0.92325 0.7003333333333334 0.0175 0.04 
0 0.02025 0.6946666666666667 0.0385 0.02033333333333333 
0 0.8015 0.5353333333333333 0.01675 0.037 
0 0.85325 0.4216666666666667 0.02175 0.04033333333333333 
0 0.80225 0.4713333333333333 0.01725 0.031 
0 0.887 0.5313333333333333 0.0285 0.031 
0 0.267 0.607 0.02275 0.041 
0 0.84975 0.49133333333333334 0.0255 0.04066666666666666 
0 0.916 0.5626666666666666 0.02125 0.029 
0 0.193 0.64 0.01625 0.03766666666666667 
0 0.85075 0.6843333333333333 0.01425 0.019333333333333334 
0 0.048 0.615 0.01975 0.042666666666666665 
0 0.975 0.5383333333333333 0.017 0.041666666666666664 
0 0.96225 0.5086666666666667 0.01525 0.04766666666666667 
0 0.78 0.6486666666666666 0.013 0.026 
0 0.96025 0.43766666666666665 0.01775 0.039 
0 0.80325 0.49966666666666665 0.01775 0.033666666666666664 
0 0.24425 0.603 0.0175 0.041666666666666664 
0 0.9525 0.5306666666666666 0.0115 0.03833333333333333 
0 0.94075 0.7046666666666667 0.0155 0.03833333333333333 
0 0.89875 0.477 0.0185 0.029333333333333333 
0 0.9505 0.479 0.01825 0.04633333333333333 
0 0.8505 0.5356666666666666 0.01875 0.04566666666666667 
0 0.843 0.45866666666666667 0.01275 0.033 
0 0.939 0.42733333333333334 0.02 0.03666666666666667 
0 0.7625 0.45166666666666666 0.021 0.042333333333333334 
0 0.13575 0.658 0.0235 0.043666666666666666 
0 0.871 0.4766666666666667 0.022 0.025666666666666667 
0 0.03525 0.634 0.02 0.043 
0 0.8965 0.43866666666666665 0.02625 0.033 
0 0.4245 0.684 0.0185 0.03866666666666667 
0 0.983 0.7393333333333333 0.01675 0.029 
0 0.57725 0.631 0.01775 0.025333333333333333 
0 0.91025 0.4686666666666667 0.017 0.033 
0 0.796 0.6086666666666667 0.0185 0.044333333333333336 
0 0.034 0.6686666666666666 0.027 0.033 
0 0.98275 0.5 0.0135 0.044333333333333336 
0 0.37725 0.6106666666666667 0.01775 0.04666666666666667 
0 0.68275 0.606 0.0125 0.04833333333333333 
0 0.0 0.6746666666666666 0.0155 0.03333333333333333 
0 0.43575 0.5016666666666667 0.01725 0.049 
0 0.1515 0.648 0.01775 0.037333333333333336 
0 0.47075 0.6593333333333333 0.02175 0.036 
0 0.9305 0.4663333333333333 0.01725 0.029666666666666668 
0 0.83125 0.4646666666666667 0.013 0.023666666666666666 
0 0.75025 0.536 0.02975 0.023333333333333334 
0 0.7015 0.485 0.024 0.03933333333333333 
0 0.34575 0.6113333333333333 0.017 0.03133333333333333 
0 0.243 0.645 0.0145 0.042666666666666665 
0 0.81525 0.48933333333333334 0.01325 0.03833333333333333 
0 0.7645 0.6226666666666667 0.01725 0.042 
0 0.86725 0.439 0.01425 0.03866666666666667 
0 0.1615 0.629 0.015 0.042 
0 0.9385 0.5156666666666667 0.01975 0.03766666666666667 
0 0.11525 0.6176666666666667 0.02875 0.038 
0 0.82925 0.49233333333333335 0.01875 0.032 
0 0.71775 0.6153333333333333 0.02275 0.02 
0 0.8895 0.8093333333333333 0.011 0.023666666666666666 
0 0.9475 0.6536666666666666 0.018 0.043 
0 0.61475 0.5996666666666667 0.016 0.04833333333333333 
0 0.31575 0.633 0.02975 0.024666666666666667 
0 0.82325 0.44366666666666665 0.0195 0.025666666666666667 
0 0.74825 0.5226666666666666 0.0225 0.019666666666666666 
0 0.88275 0.5563333333333333 0.03175 0.023333333333333334 
0 0.9785 0.7236666666666667 0.021 0.01633333333333333 
0 0.257 0.621 0.019 0.03933333333333333 
0 0.87225 0.5713333333333334 0.0305 0.026333333333333334 
0 0.854 0.4563333333333333 0.01425 0.03266666666666666 
0 0.8825 0.578 0.02725 0.03233333333333333 
0 0.77775 0.4673333333333333 0.01475 0.03233333333333333 
0 0.93625 0.637 0.0155 0.044 
0 -0.0012625 0.636 0.010497499999999998 0.042666666666666665 
0 0.01923 0.6225 0.02137 0.046 
0 0.020355 0.6565 0.022245 0.041833333333333333 
0 0.00611 0.6301666666666667 0.016120000000000002 0.04666666666666667 
0 0.0118575 0.6661666666666667 0.017369999999999997 0.038 
0 0.05472 0.6455 0.013245000000000005 0.0415 
0 0.0659675 0.6458333333333334 0.01811749999999999 0.044833333333333336 
0 0.07198 0.6355 0.023992499999999993 0.049833333333333334 
0 0.08222499999999999 0.6346666666666667 0.022992500000000006 0.029833333333333333 
0 0.088475 0.6246666666666667 0.016120000000000006 0.027 
0 0.09797 0.6055 0.021745000000000004 0.043 
0 0.10022 0.6436666666666667 0.023617500000000007 0.042166666666666665 
0 0.0912225 0.6611666666666667 0.018242500000000005 0.041 
0 0.0432175 0.773 0.017244999999999996 0.039 
0 0.0079775 0.767 0.017995 0.016666666666666666 
0 0.1701075 0.6131666666666666 0.018992500000000006 0.050833333333333335 
0 0.1824775 0.6255 0.014495000000000004 0.041666666666666664 
0 0.20622 0.6286666666666667 0.018370000000000004 0.045 
0 0.437205 0.584 0.015495000000000005 0.036333333333333336 
0 0.42646 0.6153333333333333 0.017492500000000008 0.042 
0 0.440955 0.6306666666666667 0.018992500000000006 0.03833333333333333 
0 0.47972250000000005 0.601 0.017244999999999948 0.043666666666666666 
0 0.4937175 0.6046666666666667 0.021242500000000063 0.044333333333333336 
0 0.5084624999999999 0.6033333333333334 0.017995000000000004 0.042666666666666665 
0 0.5222074999999999 0.6103333333333333 0.017495000000000004 0.03666666666666667 
0 0.529205 0.6003333333333334 0.019745000000000006 0.04066666666666666 
0 0.54595 0.5896666666666667 0.012997499999999945 0.050333333333333334 
0 0.5704425 0.6006666666666667 0.012497500000000059 0.044333333333333336 
0 0.5834400000000001 0.59 0.01724249999999995 0.04733333333333333 
0 0.5944349999999999 0.604 0.014245000000000004 0.048666666666666664 
0 0.6047224999999999 0.5965 0.012620000000000004 0.0365 
0 0.6484800000000001 0.6073333333333333 0.01961749999999995 0.042166666666666665 
0 0.660725 0.5946666666666667 0.016995000000000003 0.043 
0 0.6927325 0.6321666666666667 0.014120000000000004 0.03666666666666667 
0 0.6931075 0.604 0.020992500000000063 0.048666666666666664 
0 0.7047275 0.608 0.017745000000000004 0.03833333333333333 
0 0.70348 0.6548333333333334 0.01874249999999995 0.027166666666666665 
0 0.7106024999999999 0.6425 0.021992500000000064 0.043666666666666666 
0 0.7201000000000001 0.6315 0.01761749999999995 0.0415 
0 0.7547275 0.6185 0.012870000000000005 0.035 
0 0.74698 0.636 0.013745000000000004 0.0415 
0 0.7888575 0.631 0.013995000000000004 0.03816666666666667 
0 0.777485 0.6333333333333333 0.012122499999999946 0.018 
0 0.8037150000000001 0.694 0.007997499999999946 0.028666666666666667 
0 0.842105 0.6573333333333333 0.016120000000000006 0.04066666666666666 
0 0.82611 0.6943333333333334 0.012120000000000004 0.0335 
0 0.87622 0.7008333333333333 0.01886749999999995 0.034666666666666665 
0 0.84736 0.6323333333333333 0.02849000000000001 0.014666666666666666 
0 0.848485 0.5925 0.02449000000000001 0.04083333333333333 
0 0.8626050000000001 0.5783333333333334 0.016370000000000006 0.03983333333333333 
0 0.8716025 0.6061666666666666 0.033737500000000066 0.025 
0 0.8708524999999999 0.6251666666666666 0.027865000000000008 0.019 
0 0.9129625 0.5841666666666666 0.028992500000000063 0.024666666666666667 
0 0.8213674999999999 0.561 0.020242500000000063 0.034166666666666665 
0 0.8067475 0.5695 0.022242500000000064 0.033 
0 0.8531825 0.6395 0.01824249999999995 0.017 
0 0.8993625 0.6426666666666667 0.016867500000000063 0.041166666666666664 
0 0.8936124999999999 0.6811666666666667 0.020745000000000003 0.022166666666666668 
0 0.9091075 0.6778333333333333 0.01124750000000006 0.0195 
0 0.9144825 0.6591666666666667 0.019992500000000062 0.052333333333333336 
0 0.9737275 0.7411666666666666 0.016495000000000006 0.021666666666666667 
0 0.7159875 0.4881666666666667 0.023867500000000062 0.03816666666666667 
0 0.7346050000000001 0.467 0.020120000000000006 0.056666666666666664 
0 0.7488524999999999 0.4765 0.015745000000000006 0.0465 
0 0.7551 0.4671666666666667 0.01836749999999995 0.055 
0 0.7281074999999999 0.5178333333333334 0.040112500000000065 0.016833333333333332 
0 0.78759 0.47 0.02349249999999995 0.03916666666666667 
0 0.7727175 0.492 0.023617500000000062 0.032 
0 0.7777375 0.5286666666666666 0.014245000000000004 0.013 
0 0.780175 0.5025833333333334 0.025305000000000064 0.028583333333333332 
0 0.7675525 0.5205 0.014997499999999945 0.017 
0 0.8173075 0.45158333333333334 0.01861749999999995 0.04516666666666667 
0 0.83412 0.4825833333333333 0.018307500000000004 0.026083333333333333 
0 0.814485 0.5106666666666667 0.021870000000000004 0.0475 
0 0.836605 0.5275 0.011370000000000005 0.03883333333333333 
0 0.8444775 0.5136666666666667 0.013870000000000004 0.04733333333333333 
0 0.87198 0.5145 0.02161749999999995 0.049166666666666664 
0 0.85811 0.5136666666666667 0.014245000000000004 0.035833333333333335 
0 0.86973 0.5015 0.013997499999999946 0.04716666666666667 
0 0.890475 0.5036666666666667 0.013995000000000004 0.046 
0 0.90147 0.5065 0.03061500000000001 0.0355 
0 0.8814275 0.4745 0.019870000000000006 0.04 
0 0.9164874999999999 0.4495 0.015995000000000006 0.044 
0 0.9302324999999999 0.439 0.026367500000000064 0.04633333333333333 
0 0.9524750000000001 0.42816666666666664 0.016245000000000006 0.05333333333333334 
0 0.9787175 0.4503333333333333 0.021367500000000064 0.035833333333333335 
0 0.9787175 0.481 0.017742500000000064 0.034833333333333334 
0 0.967355 0.48033333333333333 0.013245000000000005 0.025333333333333333 
0 0.9934725 0.4846666666666667 0.0063725000000000595 0.026166666666666668 
0 0.9939724999999999 0.5148333333333334 0.0063725000000000595 0.04466666666666667 
0 0.9767275 0.5135 0.008247500000000059 0.026 
0 0.93136 0.5391666666666667 0.02211749999999995 0.0525 
0 0.9867175 0.5731666666666667 0.013995000000000004 0.0395 
0 0.8250299999999999 0.7966666666666666 0.02699000000000001 0.027 
0 0.98476 0.7535 0.015120000000000005 0.021916666666666668 
0 0.6593675 0.6183333333333333 0.019492500000000065 0.042666666666666665 
