0 0.47525 0.2875 0.046375 0.03333333333333333 
0 0.476625 0.30783333333333335 0.0495 0.037333333333333336 
0 0.503125 0.3408333333333333 0.05525 0.04075333333333333 
0 0.469625 0.34009666666666666 0.02625 0.04207000000000001 
0 0.490125 0.34615333333333337 0.0175 0.04467999999999999 
0 0.491875 0.38916666666666666 0.02525 0.04463666666666669 
0 0.472875 0.38132 0.02475 0.059316666666666684 
0 0.518375 0.39716666666666667 0.027375 0.037333333333333336 
0 0.340875 0.4165 0.0151875 0.021 
0 0.5005 0.42064333333333337 0.034125 0.0681466666666666 
0 0.474125 0.42883333333333334 0.04525 0.03665333333333334 
0 0.349875 0.43482000000000004 0.0239375 0.02924333333333334 
0 0.469875 0.45016666666666666 0.039 0.04066666666666666 
0 0.456125 0.4698333333333333 0.0439375 0.03182333333333334 
0 0.466375 0.48108 0.039875 0.04523666666666668 
0 0.473125 0.5008233333333333 0.0471875 0.04299000000000001 
0 0.519375 0.5328333333333334 0.02325 0.06213333333333337 
0 0.500375 0.5324833333333333 0.0243125 0.058683333333333317 
0 0.472125 0.5818333333333333 0.026 0.049 
0 0.494875 0.5861333333333334 0.035625 0.030936666666666647 
0 0.5361675 0.5517266666666667 0.050625 0.04957000000000001 
0 0.527125 0.5908333333333333 0.037625 0.05239666666666668 
0 0.5640625 0.5939966666666666 0.0230625 0.06656000000000002 
0 0.5343125 0.62715 0.0481875 0.05090333333333334 
0 0.4843125 0.6112366666666667 0.0486875 0.03932333333333334 
0 0.503875 0.6274000000000001 0.03725 0.041323333333333344 
0 0.580105 0.6333533333333333 0.02201999999999998 0.08681333333333335 
0 0.601125 0.6411 0.02523000000000002 0.06848333333333335 
0 0.4732925 0.5326500000000001 0.033875 0.026906666666666676 
0 0.4736675 0.55431 0.03475 0.033573333333333344 
