0 0.5891812865497076 0.3182565789473684 0.01206140350877193 0.02905701754385965 
0 0.4292763157894737 0.24862938596491227 0.015533625730994151 0.01343201754385965 
0 0.6105628654970761 0.4224232456140351 0.013523391812865496 0.025767543859649123 
0 0.23921783625730994 0.35773026315789475 0.02138157894736842 0.026589912280701754 
0 0.5502558479532164 0.34375 0.017726608187134504 0.01918859649122807 
0 0.7008406432748538 0.30646929824561403 0.015350877192982455 0.020833333333333332 
0 0.3682383040935672 0.2974232456140351 0.020833333333333332 0.020833333333333332 
0 0.7461622807017544 0.4583333333333333 0.01663011695906433 0.027412280701754384 
0 0.32510964912280704 0.3607456140350877 0.011330409356725146 0.029331140350877194 
0 0.6279239766081871 0.30180921052631576 0.013523391812865496 0.027138157894736843 
0 0.7900219298245614 0.2891995614035088 0.012792397660818713 0.02138157894736842 
0 0.7306286549707602 0.3612938596491228 0.015899122807017545 0.027138157894736843 
0 0.3781067251461988 0.2774122807017544 0.012975146198830409 0.014802631578947368 
0 0.8000730994152047 0.30756578947368424 0.01882309941520468 0.01864035087719298 
0 0.7680921052631579 0.46792763157894735 0.01206140350877193 0.03042763157894737 
0 0.672514619883041 0.4925986842105263 0.02010233918128655 0.03179824561403509 
0 0.7635233918128655 0.40926535087719296 0.01663011695906433 0.027412280701754384 
0 0.5339912280701754 0.49972587719298245 0.024671052631578948 0.030153508771929825 
0 0.5836988304093568 0.5389254385964912 0.025219298245614034 0.033717105263157895 
0 0.1522295321637427 0.4868421052631579 0.028691520467836257 0.02768640350877193 
0 0.2008406432748538 0.5115131578947368 0.022112573099415205 0.03673245614035088 
0 0.6736111111111112 0.4550438596491228 0.01608187134502924 0.03070175438596491 
0 0.40844298245614036 0.2524671052631579 0.012426900584795321 0.01617324561403509 
0 0.7214912280701754 0.5158991228070176 0.02412280701754386 0.02768640350877193 
0 0.30391081871345027 0.2793311403508772 0.019736842105263157 0.01781798245614035 
0 0.4608918128654971 0.31716008771929827 0.024671052631578948 0.014528508771929825 
0 0.7019371345029239 0.4399671052631579 0.01425438596491228 0.02631578947368421 
0 0.6388888888888888 0.48848684210526316 0.01827485380116959 0.0381030701754386 
0 0.38998538011695905 0.587171052631579 0.012244152046783625 0.019736842105263157 
0 0.20668859649122806 0.4309210526315789 0.02448830409356725 0.01617324561403509 
0 0.64546783625731 0.30783991228070173 0.02101608187134503 0.017269736842105265 
0 0.7554824561403509 0.3813048245614035 0.017543859649122806 0.023026315789473683 
0 0.7012061403508771 0.32346491228070173 0.019736842105263157 0.018914473684210526 
0 0.6929824561403509 0.34539473684210525 0.012975146198830409 0.026041666666666668 
0 0.7090643274853801 0.3574561403508772 0.022112573099415205 0.01781798245614035 
0 0.38358918128654973 0.4791666666666667 0.02448830409356725 0.017543859649122806 
0 0.7633406432748538 0.5084978070175439 0.021564327485380116 0.03536184210526316 
0 0.49685855263157896 0.4994517543859649 0.024157529239766093 0.03654057017543858 
0 0.6326754385964912 0.27905701754385964 0.008954678362573099 0.021107456140350877 
0 0.47057748538011696 0.4459978070175439 0.02942251461988304 0.0200109649122807 
0 0.6125730994152047 0.3314144736842105 0.025767543859649123 0.01836622807017544 
0 0.1120248538011696 0.42653508771929827 0.030153508771929825 0.02055921052631579 
0 0.30007309941520466 0.4805372807017544 0.01644736842105263 0.03070175438596491 
0 0.6577119883040936 0.49780701754385964 0.015899122807017545 0.04084429824561404 
0 0.7043128654970761 0.2774122807017544 0.010964912280701754 0.020833333333333332 
0 0.727156432748538 0.44106359649122806 0.023026315789473683 0.018914473684210526 
0 0.5133406432748538 0.4517543859649123 0.026498538011695907 0.023574561403508772 
0 0.8199926900584795 0.3031798245614035 0.018457602339181287 0.01781798245614035 
0 0.5542763157894737 0.2902960526315789 0.01827485380116959 0.02275219298245614 
0 0.1840277777777778 0.3862390350877193 0.0133406432748538 0.01644736842105263 
0 0.5789473684210527 0.4237938596491228 0.0133406432748538 0.025767543859649123 
0 0.6217105263157895 0.4769736842105263 0.01663011695906433 0.04029605263157895 
0 0.5977704678362573 0.3834978070175439 0.011878654970760233 0.02631578947368421 
0 0.6398026315789473 0.3919956140350877 0.011695906432748537 0.028782894736842105 
0 0.28654970760233917 0.3451206140350877 0.012975146198830409 0.026589912280701754 
0 0.7147295321637427 0.5169956140350878 0.015533625730994151 0.025767543859649123 
0 0.5718201754385965 0.2760416666666667 0.01644736842105263 0.02823464912280702 
0 0.7578581871345029 0.3229166666666667 0.011513157894736841 0.023300438596491228 
0 0.19462719298245615 0.48273026315789475 0.019554093567251463 0.028782894736842105 
0 0.7251461988304093 0.33415570175438597 0.024671052631578948 0.02850877192982456 
0 0.36239035087719296 0.2935855263157895 0.008771929824561403 0.014802631578947368 
0 0.3839546783625731 0.3020833333333333 0.0133406432748538 0.022478070175438597 
0 0.48519736842105265 0.30153508771929827 0.021198830409356724 0.016721491228070175 
0 0.5857090643274854 0.3788377192982456 0.0133406432748538 0.026589912280701754 
0 0.25255847953216376 0.47286184210526316 0.024671052631578948 0.01644736842105263 
0 0.4639985380116959 0.4375 0.009685672514619883 0.025219298245614034 
0 0.4283625730994152 0.29385964912280704 0.01608187134502924 0.02275219298245614 
0 0.6178728070175439 0.41173245614035087 0.01864035087719298 0.015899122807017545 
0 0.8411915204678363 0.2924890350877193 0.019736842105263157 0.017269736842105265 
0 0.7797880116959064 0.47944078947368424 0.027595029239766082 0.025219298245614034 
0 0.7070540935672515 0.4161184210526316 0.011695906432748537 0.022203947368421052 
0 0.6193347953216374 0.2817982456140351 0.0133406432748538 0.0268640350877193 
0 0.40917397660818716 0.865953947368421 0.035818713450292396 0.030153508771929825 
0 0.40460526315789475 0.3026315789473684 0.013706140350877192 0.02850877192982456 
0 0.5389254385964912 0.2738486842105263 0.009502923976608187 0.02412280701754386 
0 0.8022660818713451 0.2930372807017544 0.01663011695906433 0.018092105263157895 
0 0.3035453216374269 0.34786184210526316 0.015533625730994151 0.02549342105263158 
0 0.15478801169590642 0.6052631578947368 0.019005847953216373 0.015625 
0 0.4139254385964912 0.30783991228070173 0.015350877192982455 0.023574561403508772 
0 0.747624269005848 0.40213815789473684 0.012244152046783625 0.03262061403508772 
0 0.13742690058479531 0.4947916666666667 0.025950292397660817 0.025767543859649123 
0 0.41136695906432746 0.5704495614035088 0.012244152046783625 0.0200109649122807 
0 0.6458333333333334 0.4583333333333333 0.02284356725146199 0.029331140350877194 
0 0.4647295321637427 0.5008223684210527 0.01644736842105263 0.04577850877192982 
0 0.4826388888888889 0.29002192982456143 0.01663011695906433 0.021107456140350877 
0 0.33025402046783625 0.49040570175438597 0.027019371345029224 0.030153508771929825 
0 0.36403508771929827 0.43585526315789475 0.026498538011695907 0.024671052631578948 
0 0.3795687134502924 0.45422149122807015 0.018092105263157895 0.0356359649122807 
0 0.6341374269005848 0.29906798245614036 0.010964912280701754 0.023574561403508772 
0 0.2860014619883041 0.4375 0.01608187134502924 0.023848684210526317 
0 0.7790570175438597 0.2779605263157895 0.01206140350877193 0.015625 
0 0.6193347953216374 0.30564692982456143 0.012426900584795321 0.02549342105263158 
0 0.7216739766081871 0.30893640350877194 0.010599415204678362 0.026589912280701754 
0 0.40752923976608185 0.48135964912280704 0.01918859649122807 0.03262061403508772 
0 0.8276681286549707 0.6126644736842105 0.02010233918128655 0.02138157894736842 
0 0.6761695906432749 0.3347039473684211 0.0133406432748538 0.029605263157894735 
0 0.5471491228070176 0.31743421052631576 0.027960526315789474 0.015350877192982455 
0 0.8015350877192983 0.34676535087719296 0.02576206140350882 0.028199013157894706 
0 0.2598684210526316 0.4882127192982456 0.017543859649122806 0.034265350877192985 
0 0.34557748538011696 0.30180921052631576 0.02320906432748538 0.013706140350877192 
0 0.4554093567251462 0.24561403508771928 0.015533625730994151 0.01918859649122807 
0 0.7576754385964912 0.46765350877192985 0.011878654970760233 0.02905701754385965 
0 0.524671052631579 0.2727521929824561 0.015716374269005847 0.018914473684210526 
0 0.39382309941520466 0.5923793859649122 0.013888888888888888 0.025219298245614034 
0 0.35453216374269003 0.3157894736842105 0.012792397660818713 0.01918859649122807 
0 0.3848684210526316 0.2543859649122807 0.02046783625730994 0.010416666666666666 
0 0.7887426900584795 0.3305921052631579 0.011330409356725146 0.02823464912280702 
0 0.5321637426900585 0.4319435307017544 0.016626461988304097 0.027212171052631573 
0 0.35233918128654973 0.42598684210526316 0.012975146198830409 0.027412280701754384 
0 0.5429459064327485 0.2563048245614035 0.014985380116959063 0.01617324561403509 
0 0.47002923976608185 0.2741228070175439 0.011878654970760233 0.01918859649122807 
0 0.6878654970760234 0.49506578947368424 0.01699561403508772 0.026589912280701754 
0 0.3260233918128655 0.38898026315789475 0.02101608187134503 0.010964912280701754 
0 0.21436403508771928 0.48930921052631576 0.015716374269005847 0.0356359649122807 
0 0.5301535087719298 0.2870065789473684 0.01516812865497076 0.019736842105263157 
0 0.4371345029239766 0.28618421052631576 0.013523391812865496 0.02549342105263158 
0 0.685672514619883 0.2543859649122807 0.011330409356725146 0.016721491228070175 
0 0.3684210526315789 0.2856359649122807 0.01023391812865497 0.01918859649122807 
0 0.34904970760233917 0.2826206140350877 0.01644736842105263 0.023026315789473683 
0 0.3046418128654971 0.3012609649122807 0.013157894736842105 0.023026315789473683 
0 0.5166301169590644 0.2982456140350877 0.01644736842105263 0.019462719298245616 
0 0.06122076023391813 0.45230263157894735 0.025767543859649123 0.03755482456140351 
0 0.8903508771929824 0.6274671052631579 0.022478070175438597 0.01617324561403509 
0 0.7054093567251462 0.2955043859649123 0.02540204678362573 0.013157894736842105 
0 0.712171052631579 0.4468201754385965 0.015533625730994151 0.01699561403508772 
0 0.748172514619883 0.32538377192982454 0.010416666666666666 0.018914473684210526 
0 0.6924342105263158 0.47231359649122806 0.028143274853801168 0.018914473684210526 
0 0.6620979532163743 0.25164473684210525 0.010782163742690058 0.01918859649122807 
0 0.3331505847953216 0.28344298245614036 0.011330409356725146 0.021107456140350877 
0 0.4649122807017544 0.29385964912280704 0.01663011695906433 0.024671052631578948 
0 0.44334795321637427 0.24287280701754385 0.014985380116959063 0.015076754385964912 
0 0.3932748538011696 0.3105811403508772 0.013888888888888888 0.01617324561403509 
0 0.35891812865497075 0.42269736842105265 0.014071637426900584 0.020285087719298246 
0 0.577485380116959 0.3020833333333333 0.01644736842105263 0.027138157894736843 
0 0.5928362573099415 0.2963267543859649 0.013523391812865496 0.0200109649122807 
0 0.31432748538011696 0.40323464912280704 0.01206140350877193 0.028782894736842105 
0 0.6061769005847953 0.4917763157894737 0.017361111111111112 0.020833333333333332 
0 0.4824561403508772 0.25082236842105265 0.008223684210526315 0.021929824561403508 
0 0.6235380116959064 0.4194078947368421 0.023757309941520467 0.015350877192982455 
0 0.464546783625731 0.25466008771929827 0.010599415204678362 0.01644736842105263 
0 0.40095029239766083 0.34100877192982454 0.012975146198830409 0.01918859649122807 
0 0.7351973684210527 0.29769736842105265 0.02138157894736842 0.01918859649122807 
0 0.3121345029239766 0.4838267543859649 0.017543859649122806 0.0356359649122807 
0 0.0356359649122807 0.48903508771929827 0.03070175438596491 0.021929824561403508 
0 0.48008040935672514 0.37664473684210525 0.014985380116959063 0.021655701754385966 
0 0.48355263157894735 0.2787828947368421 0.02284356725146199 0.01206140350877193 
0 0.3216374269005848 0.3963815789473684 0.018092105263157895 0.015350877192982455 
0 0.1834795321637427 0.45614035087719296 0.017726608187134504 0.032072368421052634 
0 0.4722222222222222 0.25356359649122806 0.010416666666666666 0.02055921052631579 
0 0.6398026315789473 0.27905701754385964 0.01663011695906433 0.01617324561403509 
0 0.33845029239766083 0.46875 0.030884502923976608 0.018092105263157895 
0 0.0581140350877193 0.48519736842105265 0.021198830409356724 0.02905701754385965 
0 0.6980994152046783 0.27110745614035087 0.01827485380116959 0.01343201754385965 
0 0.7487207602339181 0.31414473684210525 0.019554093567251463 0.012335526315789474 
0 0.4274488304093567 0.23876096491228072 0.01644736842105263 0.013157894736842105 
0 0.6796418128654971 0.30701754385964913 0.026498538011695907 0.016721491228070175 
0 0.6032529239766082 0.44956140350877194 0.020285087719298246 0.021655701754385966 
0 0.41812865497076024 0.25685307017543857 0.017361111111111112 0.011513157894736841 
0 0.49433479532163743 0.4649122807017544 0.028326023391812866 0.01699561403508772 
0 0.20778508771929824 0.4594298245614035 0.030153508771929825 0.02055921052631579 
0 0.22532894736842105 0.4887609649122807 0.016264619883040937 0.03453947368421053 
0 0.5480628654970761 0.28289473684210525 0.023940058479532164 0.010964912280701754 
0 0.5104166666666666 0.48218201754385964 0.027960526315789474 0.019462719298245616 
0 0.26937134502923976 0.48711622807017546 0.024305555555555556 0.024671052631578948 
0 0.18439327485380116 0.48711622807017546 0.01663011695906433 0.03262061403508772 
0 0.3355263157894737 0.45586622807017546 0.03252923976608187 0.017543859649122806 
0 0.5551900584795322 0.30783991228070173 0.023026315789473683 0.014528508771929825 
0 0.6675804093567251 0.2826206140350877 0.01882309941520468 0.013157894736842105 
0 0.13779239766081872 0.41856633771929824 0.013706140350877192 0.027815241228070182 
0 0.14912280701754385 0.40171052631578946 0.02183845029239766 0.017129934210526318 
0 0.1497624269005848 0.409797149122807 0.018183479532163743 0.032886513157894745 
0 0.16127558479532164 0.40047971491228074 0.016721491228070175 0.032061403508771937 
0 0.17616959064327486 0.403218201754386 0.022110745614035088 0.017815241228070176 
0 0.19700109649122807 0.3826644736842105 0.01663011695906433 0.021376096491228076 
0 0.18914290935672515 0.3996573464912281 0.020650584795321638 0.01452302631578948 
0 0.20513340643274855 0.36389254385964914 0.015259502923976608 0.022746710526315793 
0 0.2181999269005848 0.366359649122807 0.018092105263157895 0.024525767543859656 
0 0.20924524853801169 0.37855537280701756 0.015716374269005847 0.016578947368421058 
0 0.20230080409356727 0.39253015350877196 0.03271198830409357 0.014251644736842107 
0 0.20595577485380118 0.39869791666666665 0.03307748538011696 0.014111842105263162 
0 0.1804641812865497 0.41007127192982457 0.02832419590643275 0.014934210526315795 
0 0.16639254385964913 0.42322368421052636 0.027136330409356726 0.014936951754385967 
0 0.18758954678362574 0.41431743421052636 0.023391812865497075 0.0202796052631579 
0 0.20421966374269007 0.40815241228070176 0.015259502923976608 0.028911732456140357 
0 0.2185654239766082 0.41007127192982457 0.016355994152046784 0.014797149122807022 
0 0.2324543128654971 0.4065076754385965 0.011513157894736841 0.021376096491228076 
0 0.2115296052631579 0.4207593201754386 0.027503654970760235 0.014111842105263162 
0 0.16885964912280702 0.4322697368421053 0.03472039473684211 0.016578947368421058 
0 0.23373355263157894 0.34484649122807015 0.01827485380116959 0.023294956140350882 
0 0.25657711988304094 0.36389254385964914 0.01471125730994152 0.0395997807017544 
0 0.24159173976608186 0.39869791666666665 0.03125 0.01534539473684211 
0 0.23939875730994153 0.4148656798245614 0.024762426900584795 0.017949561403508778 
0 0.22980445906432748 0.42802083333333335 0.020924707602339183 0.025896381578947376 
0 0.27010051169590643 0.39938322368421053 0.025676169590643276 0.010962171052631581 
0 0.2690040204678363 0.408015350877193 0.03070175438596491 0.013292214912280704 
0 0.2612372076023392 0.41144188596491227 0.017909356725146198 0.008906250000000003 
0 0.25712536549707604 0.4155509868421053 0.015990497076023392 0.015485197368421055 
0 0.2525566520467836 0.4243201754385965 0.010873538011695907 0.01589638157894737 
0 0.24140899122807016 0.4271984649122807 0.014619883040935672 0.025625000000000005 
0 0.23903326023391813 0.436515899122807 0.017178362573099414 0.04055921052631574 
0 0.2679075292397661 0.4154139254385965 0.015350877192982455 0.023432017543859655 
0 0.2514601608187135 0.42665021929824565 0.019005847953216373 0.043163377192982466 
0 0.2618768274853801 0.4352823464912281 0.010782163742690058 0.02973410087719299 
0 0.27064875730994153 0.4271984649122807 0.011513157894736841 0.028089364035087726 
0 0.2801516812865497 0.4278837719298246 0.016721491228070175 0.029322916666666674 
0 0.2776845760233918 0.41774396929824564 0.020376461988304093 0.01890899122807018 
0 0.27466922514619885 0.3730729166666667 0.016812865497076022 0.03041940789473685 
0 0.268547149122807 0.3527933114035088 0.013157894736842105 0.030830592105263167 
0 0.27722770467836255 0.35731633771929827 0.009594298245614035 0.01836074561403509 
0 0.2929440789473684 0.35306743421052633 0.01425438596491228 0.026036184210526322 
0 0.290202850877193 0.3710169956140351 0.019371345029239765 0.0360389254385965 
0 0.31268092105263157 0.34470942982456143 0.020924707602339183 0.03137883771929825 
0 0.31249817251461987 0.37019462719298246 0.015442251461988304 0.028503289473684214 
0 0.29705592105263157 0.3897916666666667 0.016721491228070175 0.027404057017543868 
0 0.3042744883040936 0.3977384868421053 0.018092105263157895 0.024936951754385973 
0 0.294406067251462 0.42212719298245616 0.021655701754385966 0.016307565789473687 
0 0.27375548245614034 0.4570696271929825 0.01836622807017544 0.031652960526315735 
0 0.2867306286549708 0.45624725877192984 0.02503654970760234 0.02685855263157889 
0 0.2995230263157895 0.43939418859649126 0.019919590643274854 0.03096765350877194 
0 0.30418311403508774 0.4339117324561404 0.017635233918128657 0.027132675438596498 
0 0.3163358918128655 0.4352823464912281 0.014985380116959063 0.027817982456140356 
0 0.32979714912280705 0.3469462719298246 0.012883771929824562 0.017404057017543863 
0 0.3411275584795322 0.34571271929824565 0.012335526315789474 0.0237061403508772 
0 0.3354623538011696 0.36435032894736846 0.012792397660818713 0.02850054824561398 
0 0.3455135233918129 0.3680482456140351 0.01663011695906433 0.029462719298245555 
0 0.3212079678362573 0.40815241228070176 0.03125 0.019183114035087726 
0 0.34679276315789476 0.40554824561403513 0.020924707602339183 0.020005482456140356 
0 0.3136257309941521 0.4298026315789474 0.02064875730994152 0.021239035087719304 
0 0.31992872807017547 0.4239089912280702 0.020833333333333332 0.010688048245614038 
0 0.3329952485380117 0.4237719298245614 0.014437134502923976 0.030693530701754394 
0 0.34368603801169595 0.42459429824561407 0.009046052631578948 0.02987116228070176 
0 0.33930007309941523 0.4206222587719298 0.016264619883040937 0.006165021929824564 
0 0.3654331140350877 0.41911458333333335 0.011878654970760233 0.01616776315789474 
0 0.3725603070175439 0.4150027412280702 0.019279970760233918 0.022198464912280707 
0 0.3619608918128655 0.4340487938596491 0.019919590643274854 0.019868421052631584 
0 0.3489857456140351 0.48611842105263153 0.01864035087719298 0.029369517543859677 
0 0.31335160818713453 0.4642406798245614 0.01315606725146199 0.020827850877192987 
0 0.32468019005847953 0.4745175438596491 0.012426900584795321 0.028637609649122816 
0 0.2917872807017544 0.48972861842105264 0.018092105263157895 0.028774671052631585 
0 0.2802741228070176 0.49616776315789474 0.01516812865497076 0.02452850877192983 
0 0.3656469298245614 0.3469462719298246 0.020559210526315833 0.026858552631578953 
0 0.36354532163742687 0.3716118421052632 0.021198830409356766 0.034394188596491175 
0 0.36391081871345027 0.38312225877192985 0.023574561403508814 0.02795230263157889 
0 0.38839912280701755 0.368733552631579 0.013706140350877192 0.029459978070175384 
0 0.40055190058479534 0.3724342105263158 0.02101608187134503 0.036858552631578896 
0 0.4090497076023392 0.3564007675438597 0.013066520467836257 0.020008223684210527 
0 0.41288742690058483 0.3635279605263158 0.015259502923976608 0.022198464912280707 
0 0.4191008771929825 0.3691447368421053 0.01882309941520468 0.03370888157894732 
0 0.38913011695906435 0.40559484649122807 0.023483187134502925 0.015619517543859655 
0 0.38127192982456143 0.4151864035087719 0.012975146198830409 0.019046052631578953 
0 0.39260233918128656 0.4143640350877193 0.009594298245614035 0.022198464912280707 
0 0.39762792397660823 0.4197066885964912 0.013614766081871345 0.02178728070175439 
0 0.4081359649122807 0.41546052631578945 0.018092105263157895 0.011784539473684214 
0 0.40978070175438597 0.4195696271929824 0.02101608187134503 0.01644462719298246 
0 0.4039327485380117 0.430531798245614 0.03042763157894737 0.018774671052631583 
0 0.3834649122807018 0.43341008771929823 0.013888888888888888 0.022061403508771935 
0 0.37889619883040937 0.4439610745614035 0.020285087719298246 0.027129934210526323 
0 0.3969883040935673 0.43711074561403507 0.00941154970760234 0.0202796052631579 
0 0.39589181286549713 0.45067434210526314 0.014802631578947368 0.03425712719298246 
0 0.42924342105263164 0.37554002192982455 0.013706140350877192 0.021650219298245617 
0 0.4133442982456141 0.40143640350877197 0.01617324561403509 0.016855811403508773 
0 0.4252229532163743 0.3828015350877193 0.028326023391812866 0.026858552631578953 
0 0.42851242690058483 0.39595668859649125 0.026770833333333292 0.02233552631578948 
0 0.43582236842105265 0.36512609649122807 0.012883771929824562 0.02233552631578948 
0 0.4511732456140351 0.382390350877193 0.012881944444444404 0.026995614035087726 
0 0.46186220760233915 0.3821162280701754 0.012244152046783625 0.027269736842105267 
0 0.4689894005847953 0.3738952850877193 0.014802631578947368 0.035216557017543865 
0 0.4444115497076024 0.3659484649122807 0.02741045321637423 0.017264254385964916 
0 0.44779239766081874 0.3763623903508772 0.01571454678362569 0.011921600877192984 
0 0.4280555555555556 0.4150027412280702 0.012792397660818713 0.028500548245614044 
0 0.43792397660818716 0.40691885964912283 0.01671966374269002 0.026718750000000006 
0 0.44660453216374274 0.4078207236842105 0.022037646198830353 0.015208333333333338 
0 0.463890716374269 0.40562774122807016 0.018731725146198832 0.012538377192982458 
0 0.441641081871345 0.4167269736842105 0.0278234649122807 0.01671600877192983 
0 0.4682766812865497 0.4084375 0.021929824561403508 0.01760690789473685 
0 0.4351535087719298 0.42652412280701757 0.03156980994152047 0.01788103070175439 
0 0.48050255847953216 0.38992324561403513 0.013066520467836257 0.0282264254385965 
0 0.4910105994152047 0.39184210526315794 0.011421783625730994 0.031790021929824566 
0 0.4725529970760234 0.41582236842105263 0.02101608187134503 0.024114583333333342 
0 0.45409722222222226 0.42513980263157897 0.02393823099415201 0.02096491228070176 
0 0.4411220760233918 0.43555372807017545 0.017359283625730953 0.017264254385964916 
0 0.4548263888888889 0.4448711622807018 0.010782163742690058 0.02384320175438591 
0 0.43637061403508776 0.4487088815789474 0.019735014619883 0.03425438596491223 
0 0.43426900584795325 0.4432264254385965 0.014163011695906433 0.02123903508771924 
0 0.4237609649122807 0.44103344298245617 0.01471125730994152 0.029048793859649067 
0 0.4108771929824562 0.44363760964912285 0.01471125730994152 0.031104714912280645 
0 0.47246162280701753 0.4300712719298246 0.01653874269005848 0.017541118421052635 
0 0.48708150584795323 0.42143914473684213 0.011421783625730994 0.026310307017543864 
0 0.49768092105263156 0.37827576754385966 0.018183479532163743 0.032886513157894745 
0 0.5016100146198831 0.3985553728070176 0.014071637426900584 0.023020833333333338 
0 0.4956706871345029 0.41869791666666667 0.033625730994152045 0.014114583333333337 
0 0.49557931286549706 0.4300712719298246 0.02640716374269006 0.011784539473684214 
0 0.49228983918128655 0.4343201754385965 0.02677266081871345 0.02452850877192983 
0 0.48242141812865497 0.44048519736842107 0.011695906432748537 0.011647478070175441 
0 0.5182401315789473 0.4314418859649123 0.01114766081871345 0.020827850877192987 
0 0.4983205409356725 0.4426781798245614 0.023391812865497075 0.021376096491228014 
0 0.4513559941520468 0.34402138157894735 0.012425073099415165 0.022195723684210533 
0 0.45857273391812864 0.3525164473684211 0.010325292397660819 0.023569078947368427 
0 0.4677101608187134 0.3552576754385965 0.0222953216374269 0.022881030701754394 
0 0.48863486842105264 0.36238212719298246 0.01827485380116959 0.022746710526315793 
0 0.5036202485380117 0.3614226973684211 0.011695906432748537 0.025211074561403517 
0 0.5218037280701754 0.3806058114035088 0.015807748538011698 0.02452850877192983 
0 0.5167781432748538 0.404311951754386 0.028326023391812866 0.025074013157894745 
0 0.5252759502923976 0.4018448464912281 0.017909356725146198 0.020690789473684214 
0 0.5165953947368421 0.3597779605263158 0.021107456140350877 0.01877192982456141 
0 0.44176169590643277 0.4784429824561403 0.01854714912280698 0.02548519736842106 
0 0.4522697368421053 0.47008223684210526 0.012881944444444404 0.02877741228070176 
0 0.4798629385964912 0.49228070175438593 0.027046783625730993 0.02452850877192983 
0 0.5165953947368421 0.498859649122807 0.026955409356725146 0.018634868421052636 
0 0.5195193713450292 0.5037911184210526 0.017726608187134504 0.025762061403508778 
0 0.45300073099415206 0.5310608552631578 0.0130646929824561 0.03411732456140352 
0 0.5267690058479532 0.42523026315789475 0.019828216374269007 0.027404057017543868 
0 0.5413888888888889 0.40138706140350877 0.01663011695906433 0.032886513157894745 
0 0.5405665204678363 0.39261787280701754 0.017543859649122806 0.01671875 
0 0.544312865497076 0.3558963815789474 0.014894005847953216 0.030693530701754394 
0 0.5277741228070175 0.3586376096491228 0.01964546783625731 0.024114583333333342 
0 0.5495211988304094 0.37576480263157896 0.015076754385964912 0.03412006578947369 
0 0.5606688596491228 0.3621984649122807 0.017543859649122806 0.03836622807017545 
0 0.5568311403508772 0.39590734649122805 0.01918859649122807 0.02534813596491229 
0 0.5517141812865497 0.4183799342105263 0.024305555555555556 0.021239035087719304 
0 0.5393786549707602 0.43564418859649123 0.014163011695906433 0.03754660087719299 
0 0.5499780701754386 0.4352330043859649 0.01663011695906433 0.02589912280701755 
0 0.5510745614035087 0.4435910087719298 0.015807748538011698 0.025487938596491233 
0 0.5719078947368421 0.35479989035087717 0.020466008771929785 0.03316063596491229 
0 0.5719078947368421 0.3846710526315789 0.01854714912280698 0.0202796052631579 
0 0.5644152046783626 0.40412828947368423 0.027501827485380076 0.020416666666666673 
0 0.5636842105263158 0.4194764254385965 0.03170504385964908 0.01315241228070176 
0 0.577938596491228 0.41180098684210525 0.025217470760233878 0.017815241228070176 
0 0.596030701754386 0.36356633771929825 0.018914473684210526 0.030556469298245622 
0 0.6122039473684211 0.3746655701754386 0.015807748538011698 0.02192160087719299 
0 0.6222551169590643 0.3600027412280702 0.015166301169590604 0.026718750000000006 
0 0.6339491959064327 0.3647998903508772 0.021747076023391813 0.03356907894736843 
0 0.5975840643274853 0.33684484649122803 0.012792397660818713 0.03316063596491229 
0 0.5825073099415204 0.3335581140350877 0.012152777777777778 0.030693530701754394 
0 0.5595723684210526 0.33040570175438594 0.014528508771929825 0.027404057017543868 
0 0.5705372807017544 0.32368969298245615 0.014802631578947368 0.03014802631578948 
0 0.6087317251461989 0.3401343201754386 0.013980263157894737 0.02699287280701755 
0 0.6348026315789473 0.31866776315789475 0.01827485380116959 0.021376096491228076 
0 0.6441228070175439 0.32496984649122806 0.023757309941520467 0.02110197368421053 
0 0.6313304093567251 0.3412746710526316 0.013066520467836257 0.02589912280701755 
0 0.6475036549707602 0.3412746710526316 0.016264619883040937 0.022609649122807024 
0 0.6581030701754386 0.3400438596491228 0.014985380116959063 0.029322916666666674 
0 0.6479605263157895 0.36169133771929823 0.024305555555555556 0.03097039473684211 
0 0.6656871345029239 0.31332236842105265 0.016812865497076022 0.02521381578947369 
0 0.67765716374269 0.31524122807017546 0.018548976608187134 0.027815241228070182 
0 0.6895358187134503 0.3164747807017544 0.017543859649122806 0.026033442982456148 
0 0.6876169590643275 0.34086348684210527 0.00932017543859649 0.026310307017543864 
0 0.6685197368421052 0.35004660087719297 0.013888888888888888 0.023018092105263167 
0 0.6634027777777778 0.3689555921052632 0.02448830409356725 0.030556469298245622 
0 0.6852412280701754 0.36950383771929823 0.01864035087719298 0.02754111842105264 
0 0.6429349415204678 0.3670367324561404 0.018092105263157895 0.02973410087719299 
0 0.6244773391812866 0.3851233552631579 0.014163011695906433 0.02589912280701755 
0 0.5949634502923976 0.39608552631578947 0.027960526315789474 0.019868421052631584 
0 0.5956944444444444 0.4038952850877193 0.027138157894736843 0.021239035087719304 
0 0.6009941520467836 0.4173245614035088 0.013888888888888888 0.017675438596491233 
0 0.571297514619883 0.43185032894736847 0.012701023391812866 0.019183114035087663 
0 0.590486111111111 0.4284237938596491 0.012335526315789474 0.026855811403508716 
0 0.5627083333333333 0.4374671052631579 0.011787280701754386 0.03247532894736837 
0 0.5744956140350876 0.44705866228070174 0.026955409356725146 0.026447368421052636 
0 0.573764619883041 0.4544599780701754 0.023483187134502925 0.0237061403508772 
0 0.5962426900584795 0.4530893640350877 0.02010233918128655 0.030696271929824565 
0 0.6228326023391813 0.4482949561403509 0.018457602339181287 0.03302357456140345 
0 0.6504276315789473 0.3929358552631579 0.016904239766081873 0.028774671052631585 
0 0.6725402046783625 0.3938952850877193 0.011239035087719298 0.029459978070175447 
0 0.6819517543859649 0.39896655701754385 0.019736842105263157 0.023840460526315797 
0 0.6940131578947368 0.3929358552631579 0.009685672514619883 0.028503289473684214 
0 0.6703472222222222 0.420342653508772 0.01663011695906433 0.018223684210526322 
0 0.6563669590643275 0.412530153508772 0.016812865497076022 0.02452850877192983 
0 0.6451279239766081 0.4204797149122807 0.013980263157894737 0.024936951754385973 
0 0.6293201754385964 0.4287006578947369 0.016904239766081873 0.023294956140350882 
0 0.6159795321637427 0.43280975877192984 0.015076754385964912 0.025213815789473626 
0 0.6009027777777778 0.4318530701754386 0.01608187134502924 0.02137335526315784 
0 0.650610380116959 0.4350027412280702 0.01781798245614035 0.009043311403508775 
0 0.6643165204678362 0.43472861842105265 0.01699561403508772 0.011921600877192984 
0 0.6850584795321637 0.4189720394736842 0.011878654970760233 0.019046052631578953 
0 0.6923684210526315 0.4210279605263158 0.015259502923976608 0.0247998903508772 
0 0.6769261695906432 0.4306195175438597 0.025584795321637425 0.02411458333333328 
0 0.6334320175438596 0.4422669956140351 0.015899122807017545 0.021236293859649067 
0 0.6430263157894737 0.44294956140350883 0.015076754385964912 0.0219243421052631 
0 0.6567324561403508 0.43911458333333336 0.012701023391812866 0.034665570175438545 
0 0.6601133040935673 0.44514254385964913 0.01882309941520468 0.027406798245613977 
0 0.6350767543859649 0.4602165570175438 0.020650584795321638 0.024936951754385973 
0 0.6315131578947368 0.4772066885964912 0.018183479532163743 0.04234100877192983 
0 0.5532986111111111 0.4878947368421052 0.015257675438596451 0.028911732456140357 
0 0.5727595029239766 0.47898848684210527 0.017361111111111112 0.028637609649122816 
0 0.5795211988304093 0.50296875 0.013157894736842105 0.027404057017543868 
0 0.5948720760233918 0.48186677631578945 0.012975146198830409 0.02904879385964913 
0 0.5988925438596491 0.49474506578947364 0.013706140350877192 0.021924342105263162 
0 0.6451279239766081 0.507626096491228 0.018457602339181287 0.035627741228070185 
0 0.6699817251461988 0.5188623903508772 0.024305555555555556 0.019457236842105267 
0 0.6666611842105262 0.44052905701754386 0.024762426900584795 0.021924342105263162 
0 0.6873117690058479 0.4601233552631579 0.01653874269005848 0.01863760964912281 
0 0.6873117690058479 0.4480674342105263 0.019279970760233918 0.022743969298245622 
0 0.7024798976608186 0.46176809210526315 0.020924707602339183 0.01644462719298246 
0 0.71609466374269 0.4627275219298246 0.021564327485380116 0.024939692982456144 
0 0.7243183479532164 0.46889528508771927 0.020285087719298246 0.025759320175438603 
0 0.7218512426900584 0.45532894736842106 0.015990497076023392 0.010962171052631581 
0 0.7168256578947368 0.4146326754385965 0.01644736842105263 0.01753837719298246 
0 0.7147240497076023 0.426828399122807 0.01251827485380117 0.02315515350877194 
0 0.7261458333333333 0.42011239035087716 0.014985380116959063 0.02151315789473685 
0 0.7351005116959064 0.4536842105263158 0.016904239766081953 0.028637609649122816 
0 0.7324195906432749 0.40979166666666667 0.012152777777777778 0.025211074561403517 
0 0.7400950292397661 0.4158196271929825 0.01425438596491228 0.025625000000000005 
0 0.7417397660818714 0.43856633771929826 0.021290204678362575 0.02041666666666661 
0 0.7068347953216375 0.5096820175438597 0.01663011695906433 0.028637609649122816 
0 0.7024506578947368 0.38389254385964916 0.01863852339181291 0.03439418859649124 
0 0.7013541666666666 0.37498629385964916 0.029968932748538055 0.011784539473684214 
0 0.7181652046783626 0.38855263157894737 0.02275219298245614 0.024114583333333342 
0 0.7398209064327486 0.377453399122807 0.012883771929824562 0.02754111842105264 
0 0.7050986842105263 0.35223958333333333 0.010964912280701754 0.02315789473684211 
0 0.7029075292397661 0.33538651315789475 0.01763340643274858 0.029322916666666674 
0 0.7168859649122807 0.33415296052631577 0.011513157894736841 0.02452850877192983 
0 0.7432017543859649 0.3388103070175439 0.016904239766081873 0.022883771929824565 
0 0.752156432748538 0.3494983552631579 0.013888888888888888 0.027817982456140356 
0 0.760014619883041 0.36032346491228073 0.017361111111111112 0.026995614035087726 
0 0.7811220760233919 0.34045504385964914 0.021290204678362575 0.030556469298245622 
0 0.7587353801169591 0.4185608552631579 0.017543859649122806 0.02548519736842106 
0 0.7609283625730995 0.4422669956140351 0.012975146198830409 0.03000822368421047 
0 0.7702485380116959 0.4434978070175439 0.012609649122807017 0.030693530701754332 
0 0.7741776315789474 0.4287006578947369 0.026224415204678362 0.01836074561403509 
0 0.7809393274853802 0.43979989035087724 0.021655701754385966 0.012195723684210529 
0 0.7803910818713451 0.44432017543859653 0.023300438596491228 0.018500548245613976 
0 0.7818530701754386 0.45089912280701755 0.020833333333333332 0.02630756578947363 
0 0.7965643274853802 0.46158717105263153 0.025767543859649123 0.03425438596491229 
0 0.7756999269005849 0.4027576754385965 0.014528508771929825 0.03096765350877194 
0 0.80140716374269 0.4569270833333333 0.024762426900584795 0.028637609649122816 
0 0.803874269005848 0.45350054824561403 0.029513888888888888 0.0316529605263158 
0 0.8127375730994152 0.4498026315789474 0.02238669590643275 0.024525767543859593 
0 0.8292763157894737 0.45363760964912275 0.015533625730994151 0.02452850877192983 
0 0.83265716374269 0.4726864035087719 0.026041666666666668 0.023840460526315797 
0 0.7799342105263158 0.4706304824561403 0.034082602339181284 0.022746710526315793 
0 0.8331140350877193 0.5117379385964912 0.017178362573099414 0.03836622807017545 
0 0.8166977339181287 0.3196052631578948 0.01699561403508772 0.024802631578947375 
0 0.8090222953216375 0.2684950657894737 0.01206140350877193 0.01890899122807018 
0 0.8146875 0.2813760964912281 0.01663011695906433 0.02247258771929825 
0 0.8273885233918129 0.29179002192982456 0.015076754385964912 0.017812500000000005 
0 0.8022605994152048 0.26890625 0.01251827485380117 0.020416666666666673 
0 0.8023519736842105 0.2837061403508772 0.018731725146198832 0.01973135964912281 
0 0.805732821637427 0.32166118421052636 0.01644736842105263 0.018634868421052636 
0 0.7987883771929825 0.32810032894736846 0.012426900584795321 0.022609649122807024 
0 0.8046363304093568 0.3394736842105263 0.026955409356725146 0.014936951754385967 
0 0.8073775584795322 0.34495614035087724 0.028965643274853802 0.01973135964912281 
0 0.794311038011696 0.36208333333333337 0.02448830409356725 0.014799890350877132 
0 0.7942196637426902 0.37469024122807015 0.03033625730994152 0.014934210526315795 
0 0.7899853801169591 0.27251370614035086 0.01425438596491228 0.021650219298245586 
0 0.78468567251462 0.2697752192982456 0.009868421052631578 0.01973135964912278 
0 0.7697916666666667 0.26484100877192984 0.015716374269005847 0.022609649122806993 
0 0.7628472222222222 0.267719298245614 0.014894005847953216 0.019320175438596467 
0 0.7752741228070176 0.2989610745614035 0.01918859649122807 0.021924342105263162 
0 0.7694261695906434 0.28580592105263153 0.020650584795321638 0.019046052631578953 
0 0.7887975146198831 0.306359649122807 0.017726608187134504 0.02233552631578948 
0 0.7767361111111112 0.3217077850877193 0.013980263157894737 0.019046052631578953 
0 0.768421052631579 0.3048519736842105 0.019005847953216373 0.020005482456140356 
0 0.7571820175438597 0.3089638157894737 0.019919590643274854 0.017264254385964916 
0 0.7665021929824561 0.3266392543859649 0.009046052631578948 0.027132675438596498 
0 0.7694261695906434 0.33184758771929823 0.01516812865497076 0.02904879385964913 
0 0.7484722222222222 0.2836595394736842 0.023209064327485464 0.013155153508771932 
0 0.7440862573099415 0.2936622807017544 0.028965643274853885 0.010002741228070178 
0 0.7501169590643275 0.29763706140350876 0.02101608187134503 0.014385964912280707 
0 0.7398830409356725 0.28818256578947365 0.012518274853801253 0.012878289473684216 
0 0.7428070175438596 0.25680372807017543 0.018823099415204762 0.014385964912280676 
0 0.7301973684210527 0.2639281798245614 0.022386695906432833 0.019320175438596498 
0 0.7366849415204678 0.27776864035087717 0.01160453216374269 0.020005482456140356 
0 0.7276388888888888 0.27064144736842105 0.012244152046783625 0.025076754385964916 
0 0.7192013888888888 0.26630208333333333 0.01206140350877193 0.011373355263157896 
0 0.7141758040935672 0.26164473684210526 0.011330409356725146 0.0158936403508772 
0 0.7180135233918128 0.27616776315789476 0.01644736842105263 0.020005482456140356 
0 0.7130793128654971 0.2797313596491228 0.014071637426900584 0.01589638157894737 
0 0.7291611842105262 0.29740679824561406 0.020467836257310024 0.021924342105263162 
0 0.7110690789473684 0.3017927631578948 0.018457602339181287 0.011647478070175441 
0 0.7139016812865496 0.3112472587719298 0.008954678362573099 0.019457236842105267 
0 0.7311714181286549 0.3159073464912281 0.012975146198830409 0.020553728070175442 
0 0.7435983187134503 0.31672697368421054 0.010599415204678445 0.008908991228070175 
0 0.7338212719298245 0.32358004385964917 0.01845760233918137 0.019457236842105267 
0 0.6955354532163742 0.2587664473684211 0.010051169590643274 0.016307565789473687 
0 0.7024798976608186 0.2567105263157895 0.011421783625730994 0.015622258771929827 
0 0.6930080409356725 0.27758497807017546 0.013888888888888888 0.02247258771929822 
0 0.6835964912280702 0.2826535087719298 0.02284356725146199 0.025762061403508778 
0 0.6826827485380117 0.2911513157894737 0.019097222222222224 0.02151315789473685 
0 0.6799415204678362 0.2749808114035088 0.019554093567251463 0.014799890350877164 
0 0.6728143274853801 0.25524945175438596 0.013157894736842105 0.01890899122807018 
0 0.6755555555555556 0.26566337719298244 0.016264619883040937 0.0167160087719298 
0 0.6677887426900585 0.2884100877192982 0.015716374269005847 0.01959429824561404 
0 0.6636769005847953 0.28882127192982454 0.015350877192982455 0.022609649122807024 
0 0.6569152046783625 0.2916995614035087 0.017726608187134504 0.022469846491228077 
0 0.6496052631578947 0.25771655701754387 0.01699561403508772 0.01534539473684211 
0 0.6661440058479532 0.26675986842105265 0.009777046783625731 0.0167160087719298 
0 0.6489656432748537 0.26360745614035086 0.0201937134502924 0.021650219298245586 
0 0.6522551169590644 0.27196546052631576 0.014163011695906433 0.019734100877192955 
0 0.6405592105263158 0.2649780701754386 0.012883771929824562 0.021239035087719273 
0 0.6366301169590644 0.2560718201754386 0.01160453216374269 0.011510416666666669 
0 0.6490570175438596 0.29060307017543857 0.019371345029239765 0.023840460526315797 
0 0.6415643274853801 0.29526041666666664 0.02448830409356725 0.024391447368421058 
0 0.5791264619883041 0.24584155701754387 0.01069078947368421 0.014385964912280676 
0 0.5845175438596492 0.25392543859649125 0.011056286549707603 0.022198464912280676 
0 0.5937463450292397 0.2472121710526316 0.018457602339181287 0.014523026315789448 
0 0.6202448830409357 0.26050164473684206 0.01160453216374269 0.017815241228070176 
0 0.626641081871345 0.26036458333333334 0.010325292397660819 0.01644462719298246 
0 0.6332200292397661 0.2628316885964912 0.01663011695906433 0.01753837719298246 
0 0.6222551169590643 0.27598684210526314 0.011513157894736841 0.012743969298245617 
0 0.6006907894736843 0.251047149122807 0.026498538011695907 0.01233278508771927 
0 0.6005080409356726 0.2580345394736842 0.015625 0.017404057017543863 
0 0.5819590643274853 0.26447642543859645 0.02101608187134503 0.01836074561403509 
0 0.6038888888888889 0.26173519736842105 0.010782163742690058 0.024254385964912285 
0 0.6107419590643275 0.26063870614035084 0.011878654970760233 0.03535361842105264 
0 0.6009649122807018 0.2811924342105263 0.014802631578947368 0.0202796052631579 
0 0.5957565789473684 0.2859895833333333 0.013888888888888888 0.022609649122807024 
0 0.5844261695906433 0.2876343201754386 0.010416666666666666 0.019183114035087726 
0 0.5822331871345029 0.27406798245614034 0.0222953216374269 0.019320175438596498 
0 0.604985380116959 0.2955811403508772 0.014894005847953216 0.01959429824561404 
0 0.5974926900584795 0.31407894736842107 0.013523391812865496 0.027129934210526323 
0 0.6078179824561404 0.31407894736842107 0.017726608187134504 0.024665570175438602 
0 0.5780299707602339 0.2576260964912281 0.010782163742690058 0.01973135964912278 
0 0.5687097953216375 0.25666666666666665 0.011878654970760233 0.023292214912280677 
0 0.5621308479532163 0.24104440789473686 0.012335526315789474 0.019046052631578922 
0 0.5393804824561403 0.26626096491228074 0.01827485380116959 0.017472587719298216 
0 0.5555994152046784 0.2533826754385965 0.011193347953216375 0.02356633771929822 
0 0.5590716374269006 0.2643448464912281 0.013751827485380117 0.02192160087719296 
0 0.5655135233918128 0.29220668859649124 0.013660453216374269 0.024388706140350883 
0 0.5298172514619883 0.25548245614035087 0.013157894736842105 0.01753837719298246 
0 0.5186239035087719 0.26712993421052633 0.015990497076023392 0.019388706140350882 
0 0.5450767543859649 0.296452850877193 0.014163011695906433 0.026104714912280707 
0 0.5039565058479533 0.23902686403508772 0.015899122807017545 0.017675438596491233 
0 0.5067891081871345 0.24724780701754387 0.02010233918128655 0.016304824561403513 
0 0.5106268274853801 0.25272752192982456 0.020376461988304093 0.014936951754385967 
0 0.5160179093567252 0.26067708333333334 0.014619883040935672 0.013700657894736816 
0 0.5033168859649123 0.26423793859649125 0.015533625730994151 0.01671875 
0 0.4983826754385965 0.27081688596491227 0.021198830409356724 0.012878289473684216 
0 0.5013066520467836 0.2836951754385965 0.02905701754385965 0.01507401315789474 
0 0.49746893274853804 0.2886293859649123 0.025219298245614034 0.014936951754385967 
0 0.5251553362573099 0.2990433114035088 0.016812865497076022 0.014251644736842107 
0 0.5139163011695906 0.30356633771929825 0.019371345029239765 0.016578947368421058 
0 0.5018548976608187 0.3009621710526316 0.012701023391812866 0.021924342105263162 
0 0.5104440789473684 0.3163075657894737 0.016812865497076022 0.026584429824561346 
0 0.5225054824561404 0.31370614035087724 0.017361111111111112 0.016578947368421058 
0 0.5358461257309942 0.30712719298245617 0.009685672514619883 0.02452850877192983 
0 0.4894590643274854 0.25441337719298246 0.01023391812865497 0.019046052631578953 
0 0.49676900584795325 0.2482456140350877 0.010964912280701754 0.02110197368421053 
0 0.4805043859649123 0.27167763157894737 0.018731725146198832 0.010002741228070147 
0 0.48552997076023396 0.31552631578947365 0.01608187134502924 0.02342927631578948 
0 0.49375365497076024 0.31977247807017545 0.019005847953216373 0.01973135964912281 
0 0.4991447368421053 0.3371765350877193 0.01781798245614035 0.0247998903508772 
0 0.5132163742690059 0.3360800438596491 0.011421783625730994 0.0282264254385965 
0 0.4785855263157895 0.3347094298245614 0.02101608187134503 0.028637609649122816 
0 0.4574780701754386 0.3381332236842105 0.029513888888888888 0.017678179824561407 
0 0.4625950292397661 0.27085526315789477 0.011056286549707603 0.019457236842105236 
0 0.4682913011695906 0.2833689692982456 0.01663011695906433 0.019597039473684214 
0 0.47651498538011694 0.28734375 0.01516812865497076 0.02151315789473685 
0 0.44736659356725145 0.2611732456140351 0.019279970760233918 0.011918859649122811 
0 0.4461787280701754 0.26788651315789475 0.021929824561403508 0.01671600877192983 
0 0.4263505116959064 0.26021381578947367 0.023483187134502925 0.018634868421052636 
0 0.42982273391812864 0.2674753289473684 0.026224415204678362 0.012058662280701756 
0 0.4262591374269005 0.2780263157894737 0.013980263157894737 0.01671600877192983 
0 0.4200456871345029 0.27925986842105266 0.013249269005847953 0.016990131578947375 
0 0.4193146929824561 0.2817269736842105 0.009502923976608187 0.02754111842105264 
0 0.4193146929824561 0.3140625 0.01617324561403509 0.029051535087719304 
0 0.429000365497076 0.31598135964912283 0.0133406432748538 0.02672149122807018 
0 0.4401480263157894 0.3232456140350877 0.01069078947368421 0.0202796052631579 
0 0.4432547514619883 0.3232456140350877 0.021747076023391813 0.026581688596491234 
0 0.4498336988304093 0.28145285087719296 0.013797514619883041 0.02178728070175439 
0 0.4420668859649122 0.3026918859649123 0.015807748538011698 0.02205866228070176 
0 0.44380299707602333 0.3141995614035088 0.013614766081871345 0.016170504385964915 
0 0.45586440058479527 0.2896463815789474 0.013797514619883041 0.02226699561403503 
0 0.45654970760233915 0.3073218201754386 0.013157894736842105 0.01589638157894737 
0 0.3903490497076023 0.26067708333333334 0.018914473684210526 0.017541118421052635 
0 0.3770997807017544 0.260265899122807 0.013888888888888888 0.017541118421052635 
0 0.3920851608187134 0.27739583333333334 0.023300438596491228 0.010962171052631581 
0 0.3430171783625731 0.2816419956140351 0.0133406432748538 0.02110197368421053 
0 0.32867141812865497 0.2910964912280702 0.016355994152046784 0.03206414473684211 
0 0.316061769005848 0.29520833333333335 0.015259502923976608 0.016990131578947375 
0 0.37636878654970757 0.3108305921052632 0.009959795321637427 0.017264254385964916 
0 0.36522112573099413 0.3269983552631579 0.023940058479532123 0.0184978070175438 
0 0.38724232456140345 0.3250794956140351 0.012792397660818713 0.016170504385964915 
0 0.3781962719298245 0.28109375000000003 0.026133040935672515 0.01726699561403509 
0 0.3868768274853801 0.2864391447368421 0.023483187134502925 0.01808662280701755 
0 0.3960142543859649 0.29013980263157896 0.015625 0.023292214912280708 
0 0.401953581871345 0.26561129385964916 0.023483187134502925 0.010276864035087721 
0 0.4071619152046783 0.28 0.01343201754385965 0.027129934210526323 
0 0.39957785087719294 0.2738322368421053 0.016812865497076022 0.008495065789473687 
0 0.1048921783625731 0.6539638157894736 0.02448830409356725 0.0361732456140351 
0 0.2810599415204678 0.5969599780701754 0.03216374269005848 0.028503289473684214 
0 0.36000548245614034 0.621625548245614 0.01644736842105259 0.021924342105263162 
0 0.7505994152046783 0.6547094298245615 0.03179824561403509 0.02575932017543854 
0 0.679327485380117 0.6349780701754386 0.03326023391812866 0.020827850877192987 
0 0.712953216374269 0.6558059210526316 0.014985380116959063 0.030145285087719242 
0 0.6175584795321638 0.5938706140350878 0.027777777777777776 0.02247258771929825 
0 0.9651443713450293 0.6711513157894737 0.03179824561403509 0.025762061403508778 
0 0.842092470760234 0.8582264254385965 0.027777777777777776 0.07563596491228072 
