0 0.088875 0.37216666666666665 0.01275 0.010333333333333333 
0 0.10925 0.37249666666666664 0.0141875 0.01624666666666667 
0 0.138125 0.3855766666666667 0.01775 0.01225666666666666 
0 0.4763125 0.39832666666666666 0.0099375 0.024160000000000004 
0 0.1682075 0.4022933333333334 0.0166875 0.015579999999999927 
0 0.3565625 0.41641 0.0121875 0.016576666666666674 
0 0.294125 0.4191566666666667 0.012875 0.016413333333333335 
0 0.483875 0.4204866666666667 0.017125 0.01449666666666667 
0 0.45075 0.4398766666666667 0.0136875 0.01840999999999993 
0 0.222645 0.45623 0.02325 0.02099333333333334 
0 0.20414500000000002 0.45916666666666667 0.01710499999999999 0.02147666666666669 
0 0.28739499999999996 0.4618933333333334 0.0155 0.03341000000000001 
0 0.27702 0.4644766666666667 0.011375 0.024910000000000005 
0 0.3735825 0.4663966666666667 0.013125 0.018660000000000006 
0 0.3673325 0.46706333333333333 0.013 0.02449333333333334 
0 0.3628325 0.47256333333333334 0.01425 0.028656666666666674 
0 0.5355625 0.4677633333333333 0.0128125 0.03149000000000001 
0 0.32977 0.4683966666666667 0.01725 0.022160000000000006 
0 0.38364499999999996 0.46873000000000004 0.016625 0.033573333333333344 
0 0.41602 0.46981666666666666 0.0098125 0.02249666666666667 
0 0.4088325 0.47031666666666666 0.0103125 0.02874333333333334 
0 0.22883250000000002 0.4704766666666667 0.0175625 0.026689999999999978 
0 0.2194575 0.47206000000000004 0.0163125 0.023660000000000007 
0 0.3492075 0.47256333333333334 0.0105625 0.027156666666666676 
0 0.3190825 0.4739766666666667 0.011125 0.02999333333333334 
0 0.44483249999999996 0.47281666666666666 0.00925 0.028826666666666674 
0 0.1877075 0.47464666666666666 0.01425 0.02874333333333334 
0 0.47126999999999997 0.4745666666666667 0.008625 0.018343333333333323 
0 0.477625 0.4749 0.009230000000000018 0.028736666666666678 
0 0.396625 0.47598333333333337 0.009894999999999982 0.029076666666666674 
0 0.39114499999999996 0.49148000000000003 0.010125 0.019493333333333338 
0 0.453375 0.4775 0.0075199999999999816 0.02231000000000002 
0 0.465625 0.47631666666666667 0.009144999999999981 0.028323333333333343 
0 0.43883249999999996 0.4764 0.008375 0.02399333333333334 
0 0.4909575 0.47739333333333334 0.0086875 0.02824333333333334 
0 0.376145 0.47839333333333334 0.012875 0.025326666666666674 
0 0.4052075 0.4774 0.0090625 0.032406666666666674 
0 0.4240825 0.47881666666666667 0.009625 0.026576666666666672 
0 0.198125 0.4801666666666667 0.017 0.013890000000000024 
0 0.433145 0.47898333333333337 0.010125 0.02949000000000001 
0 0.458375 0.47831333333333337 0.008769999999999983 0.030326666666666672 
0 0.482875 0.4805 0.009207499999999981 0.02830000000000003 
0 0.5057699999999999 0.47947666666666666 0.013875 0.023326666666666673 
0 0.5440625 0.47826 0.01825 0.020826666666666674 
0 0.54775 0.48917333333333335 0.0148125 0.025160000000000005 
0 0.901125 0.4805 0.011019999999999981 0.031863333333333306 
0 0.3578325 0.47889333333333334 0.012 0.023160000000000007 
0 0.26214499999999996 0.4815 0.010375 0.027216666666666698 
0 0.89027 0.4805366666666666 0.0129375 0.02774333333333334 
0 0.2518325 0.48122333333333334 0.010624999999999971 0.027243333333333338 
0 0.305145 0.47972333333333333 0.015125 0.030910000000000007 
0 0.32964499999999997 0.48089333333333334 0.0198125 0.026660000000000007 
0 0.2388325 0.48122333333333334 0.01325 0.02599333333333334 
0 0.49570749999999997 0.4832266666666667 0.0129375 0.025656666666666675 
0 0.90752 0.4839533333333333 0.016625 0.016163333333333335 
0 0.511145 0.4861666666666667 0.0118125 0.025633333333333362 
0 0.595625 0.4857533333333333 0.011875 0.02674000000000001 
0 0.609405 0.4850466666666667 0.012125 0.03352999999999997 
0 0.726875 0.48717 0.0115 0.03282666666666667 
0 0.67925 0.4887533333333333 0.015 0.021326666666666674 
0 0.8625425 0.48878666666666665 0.0131875 0.02349333333333334 
0 0.5619375 0.49017 0.0113125 0.024910000000000005 
0 0.41402 0.4896466666666667 0.0106875 0.021326666666666674 
0 0.6524375 0.49034 0.013125 0.023410000000000007 
0 0.466395 0.4909733333333334 0.0118125 0.02599333333333334 
0 0.528875 0.49316666666666664 0.0078125 0.021916666666666668 
0 0.5365625 0.4924233333333333 0.01025 0.029156666666666674 
0 0.6035625 0.49175 0.0098125 0.02582666666666667 
0 0.6248125 0.4930866666666667 0.0144375 0.03424333333333334 
0 0.6295625 0.49250333333333335 0.014875 0.021830000000000002 
0 0.6455625 0.4917533333333333 0.0106875 0.03249333333333334 
0 0.8094375 0.4925866666666667 0.013625 0.027910000000000008 
0 0.7811875 0.49500333333333335 0.0141875 0.02049333333333334 
0 0.5781875 0.49517 0.0120625 0.01749333333333334 
0 0.656125 0.49317 0.0149375 0.028660000000000005 
0 0.668625 0.4942533333333333 0.013 0.025160000000000005 
0 0.71675 0.49517 0.012125 0.03057333333333334 
0 0.7726875 0.5001666666666666 0.0116875 0.02774333333333334 
0 0.7841875 0.5000833333333333 0.015375 0.02557666666666667 
0 0.7339375 0.5008333333333334 0.0123125 0.030660000000000007 
0 0.88898 0.5011166666666667 0.011875 0.03057333333333334 
0 0.75875 0.5034166666666666 0.012 0.027410000000000007 
0 0.745375 0.5041666666666667 0.0170625 0.020576666666666674 
0 0.6208125 0.5040033333333334 0.013125 0.03190666666666667 
0 0.5075625 0.50517 0.0183125 0.023160000000000007 
0 0.5169375 0.5088333333333334 0.0123125 0.022413333333333337 
0 0.7678125 0.50925 0.0115 0.03032333333333334 
0 0.7893125 0.5095 0.011279999999999972 0.02999000000000001 
0 0.796375 0.509 0.0114375 0.028906666666666674 
0 0.566125 0.5119966666666667 0.0125625 0.026576666666666672 
0 0.527875 0.512 0.0095625 0.023326666666666673 
0 0.612125 0.5120833333333333 0.011875 0.02874333333333334 
0 0.4937175 0.5132966666666667 0.014 0.031489999999999935 
0 0.448 0.51592 0.01475 0.030160000000000006 
0 0.187645 0.51608 0.01925 0.02849666666666667 
0 0.43225 0.5163366666666667 0.015875 0.022326666666666672 
0 0.1596675 0.51649 0.02125 0.018663333333333337 
0 0.216645 0.5241666666666667 0.0101875 0.03174000000000001 
0 0.2256975 0.52325 0.0181875 0.019076666666666672 
0 0.437125 0.5266666666666666 0.016375 0.014913333333333336 
0 0.550375 0.5241133333333333 0.02004250000000002 0.02549333333333334 
0 0.198625 0.5274966666666667 0.01602000000000001 0.024160000000000004 
0 0.512125 0.5285833333333333 0.0105625 0.03141000000000001 
0 0.1419175 0.5291533333333334 0.016375 0.026326666666666672 
0 0.47275 0.53025 0.017 0.021660000000000006 
0 0.500375 0.5324166666666666 0.0131875 0.02557666666666667 
0 0.502125 0.5565 0.0119375 0.024320000000000012 
0 0.23614500000000002 0.5320433333333334 0.01742749999999998 0.031029999999999974 
0 0.545125 0.5333333333333333 0.015625 0.030656666666666676 
0 0.3952075 0.5343266666666667 0.0133125 0.03382666666666667 
0 0.2668225 0.53654 0.009095000000000027 0.03228333333333338 
0 0.866125 0.5339933333333333 0.0130625 0.03307666666666667 
0 0.20527 0.53633 0.013875 0.029323333333333344 
0 0.2009575 0.5389933333333333 0.0126875 0.02599333333333334 
0 0.2277075 0.5374966666666666 0.0140625 0.03007333333333334 
0 0.252625 0.53754 0.009230000000000018 0.03174333333333334 
0 0.5211875 0.5381633333333333 0.016625 0.026910000000000007 
0 0.3489575 0.53741 0.0225 0.03007666666666667 
0 0.622125 0.5388266666666667 0.010625 0.028160000000000004 
0 0.375625 0.5395766666666667 0.012832499999999981 0.019589999999999993 
0 0.37077 0.5523233333333334 0.0161875 0.02099333333333334 
0 0.5315625 0.53983 0.0164375 0.026160000000000006 
0 0.38364499999999996 0.5408266666666667 0.01175 0.03107333333333334 
0 0.21445750000000002 0.5408266666666667 0.017625 0.028910000000000005 
0 0.26000999999999996 0.5409566666666666 0.0123125 0.03253333333333338 
0 0.47802999999999995 0.54127 0.0120625 0.020766666666666652 
0 0.6099574999999999 0.5417799999999999 0.0133125 0.02474333333333334 
0 0.3114575 0.54266 0.011875 0.034323333333333345 
0 0.271385 0.5442899999999999 0.010375 0.02611666666666671 
0 0.3028325 0.54516 0.0115 0.027660000000000007 
0 0.2423225 0.5446233333333333 0.011845 0.02354333333333337 
0 0.709865 0.54703 0.022375 0.015870000000000044 
0 0.436855 0.548 0.015875 0.020160000000000008 
0 0.28958249999999996 0.54741 0.0169375 0.03049000000000001 
0 0.284645 0.5508333333333333 0.012480000000000019 0.024983333333333347 
0 0.41373000000000004 0.5502066666666666 0.0120625 0.029950000000000046 
0 0.4955625 0.5510766666666667 0.0085 0.030160000000000006 
0 0.625625 0.5491566666666666 0.0176875 0.034656666666666676 
0 0.27526 0.5521199999999999 0.013595000000000027 0.026203333333333377 
0 0.4233225 0.5512066666666666 0.0109375 0.03141000000000001 
0 0.5989575 0.5561933333333333 0.0209375 0.024160000000000004 
0 0.4324475 0.55629 0.0108125 0.027700000000000044 
0 0.4656975 0.55708 0.017532500000000027 0.02299666666666667 
0 0.4576675 0.55783 0.014217499999999973 0.025910000000000006 
0 0.487125 0.55766 0.0095 0.028906666666666674 
0 0.44798000000000004 0.5611633333333333 0.013875 0.024410000000000005 
0 0.5073125 0.55841 0.01175 0.027406666666666676 
0 0.4785725 0.5644966666666666 0.009470000000000027 0.026660000000000007 
0 0.51625 0.5648333333333333 0.0184375 0.016653333333333346 
0 0.46623000000000003 0.5689966666666667 0.013717499999999973 0.027076666666666672 
0 0.463875 0.5968333333333333 0.0085 0.029 
0 0.456125 0.6025 0.007 0.021 
0 0.3247075 0.6161233333333332 0.0228125 0.022826666666666672 
0 0.4884175 0.6228333333333333 0.0178125 0.027490000000000007 
0 0.45749 0.6366366666666667 0.013779999999999973 0.02124333333333334 
0 0.445115 0.64258 0.0165 0.020410000000000005 
0 0.44061500000000003 0.65716 0.0120625 0.018660000000000006 
0 0.490605 0.6445766666666667 0.0185625 0.021076666666666674 
0 0.4516775 0.6510766666666666 0.019342499999999974 0.018496666666666668 
0 0.416375 0.6573633333333333 0.022375 0.020576666666666674 
0 0.476655 0.6601633333333333 0.018375 0.02315999999999993 
0 0.3790425 0.6607799999999999 0.018125 0.01849333333333334 
0 0.4069375 0.6626133333333333 0.0158125 0.029156666666666674 
0 0.462375 0.6687033333333333 0.013095000000000027 0.0159533333333333 
0 0.44860500000000003 0.66956 0.016 0.020413333333333335 
0 0.486625 0.67274 0.019125 0.02765999999999993 
0 0.404875 0.6724433333333333 0.0118125 0.03315666666666675 
0 0.4390825 0.6750566666666666 0.01025 0.0279066666666666 
0 0.46525 0.6837533333333334 0.0168125 0.020993333333333187 
0 0.4976875 0.6842366666666667 0.0131875 0.02082999999999993 
0 0.414145 0.6837166666666668 0.0110625 0.029660000000000006 
0 0.448625 0.6843066666666667 0.017730000000000017 0.020246666666666593 
0 0.4325825 0.6865 0.0085625 0.03304333333333337 
0 0.42277 0.6865533333333332 0.01275 0.030323333333333417 
0 0.434875 0.7024633333333333 0.012832499999999981 0.018703333333333377 
0 0.457125 0.7011499999999999 0.021125 0.017683333333333395 
0 0.44729250000000004 0.7030533333333333 0.0124375 0.022410000000000006 
0 0.4133325 0.7107133333333333 0.023375 0.019160000000000007 
