0 0.141 0.478 0.032 0.03233333333333333 
0 0.6385 0.4696666666666667 0.02325 0.032 
0 0.782 0.5093333333333333 0.0235 0.023333333333333334 
0 0.256 0.35533333333333333 0.03325 0.04 
0 0.73375 0.49233333333333335 0.0195 0.045 
0 0.19975 0.5983333333333334 0.0275 0.03866666666666667 
0 0.68575 0.48233333333333334 0.0195 0.04 
0 0.46925 0.53 0.0275 0.043666666666666666 
0 0.37975 0.25233333333333335 0.0235 0.035333333333333335 
0 0.5875 0.464 0.01325 0.041666666666666664 
0 0.80325 0.571 0.022 0.050333333333333334 
0 0.62225 0.39466666666666667 0.02175 0.05733333333333333 
0 0.39525 0.44966666666666666 0.021 0.034666666666666665 
0 0.2925 0.42733333333333334 0.02275 0.030666666666666665 
0 0.47675 0.441 0.0305 0.02666666666666667 
0 0.57225 0.36466666666666664 0.03025 0.045 
0 0.65525 0.467 0.02475 0.03266666666666666 
0 0.3995 0.38333333333333336 0.0225 0.035333333333333335 
0 0.8635 0.5986666666666667 0.02875 0.04766666666666667 
0 0.1615 0.42033333333333334 0.0245 0.06333333333333334 
0 0.6505 0.762 0.022 0.04566666666666667 
0 0.5345 0.4693333333333333 0.02675 0.037 
0 0.467 0.47733333333333333 0.0195 0.04066666666666666 
0 0.443 0.6963333333333334 0.027 0.04733333333333333 
0 0.5975 0.5956666666666667 0.02675 0.05 
0 0.41575 0.435 0.016 0.04933333333333333 
0 0.308 0.4726666666666667 0.02725 0.044 
0 0.23675 0.541 0.03775 0.028333333333333332 
0 0.64 0.5433333333333333 0.0215 0.041 
0 0.4155 0.392 0.0285 0.042 
0 0.68775 0.5223333333333333 0.01925 0.058333333333333334 
0 0.15025 0.49166666666666664 0.03475 0.035 
0 0.28475 0.446 0.0305 0.04766666666666667 
0 0.231 0.332 0.023 0.056 
0 0.33725 0.5746666666666667 0.02825 0.049666666666666665 
0 0.51925 0.403 0.01925 0.048666666666666664 
0 0.666 0.486 0.026 0.028 
0 0.3625 0.416 0.028 0.051 
0 0.377 0.37333333333333335 0.024 0.05433333333333333 
0 0.4665 0.6466666666666666 0.024 0.05366666666666667 
0 0.2135 0.39466666666666667 0.02225 0.061 
0 0.58175 0.7173333333333334 0.02375 0.048666666666666664 
0 0.61125 0.47633333333333333 0.02325 0.054 
0 0.2485 0.324 0.03175 0.04833333333333333 
0 0.65475 0.6586666666666666 0.02975 0.04733333333333333 
0 0.46725 0.5996666666666667 0.0205 0.048666666666666664 
0 0.3185 0.37666666666666665 0.01175 0.036333333333333336 
0 0.3675 0.524 0.02375 0.05366666666666667 
0 0.65825 0.7026666666666667 0.01825 0.027666666666666666 
0 0.395 0.419 0.024 0.033 
0 0.311 0.4166666666666667 0.027 0.056666666666666664 
0 0.442 0.5866666666666667 0.03025 0.03966666666666667 
0 0.555 0.49866666666666665 0.02375 0.04933333333333333 
0 0.1675 0.5493333333333333 0.037 0.029666666666666668 
0 0.7185 0.49633333333333335 0.0195 0.039 
0 0.56725 0.453 0.024 0.053 
0 0.248 0.392 0.023 0.066 
0 0.4955 0.44633333333333336 0.02875 0.038 
0 0.55925 0.557 0.024 0.04466666666666667 
0 0.7925 0.623 0.022 0.06366666666666666 
0 0.65325 0.5023333333333333 0.014 0.037 
0 0.75475 0.5183333333333333 0.0205 0.030333333333333334 
0 0.25075 0.4776666666666667 0.02775 0.061 
0 0.53425 0.5426666666666666 0.02525 0.045 
0 0.28875 0.7343333333333333 0.03025 0.034666666666666665 
0 0.336 0.43866666666666665 0.02375 0.05733333333333333 
0 0.6815 0.6773333333333333 0.0315 0.050333333333333334 
0 0.274 0.3626666666666667 0.02175 0.055 
0 0.46925 0.5766666666666667 0.02075 0.029333333333333333 
0 0.48 0.4175 0.03925750000000005 0.0305 
0 0.26425 0.41833333333333333 0.02475 0.059333333333333335 
0 0.49025 0.6603333333333333 0.01675 0.048666666666666664 
0 0.57075 0.6693333333333333 0.0235 0.054 
0 0.726 0.632 0.02675 0.049 
0 0.6005 0.7563333333333333 0.02025 0.035 
0 0.525 0.7566666666666667 0.018 0.038 
0 0.33625 0.256 0.02325 0.03233333333333333 
0 0.76625 0.502 0.01675 0.035666666666666666 
0 0.58675 0.6586666666666666 0.02575 0.05633333333333333 
0 0.764 0.6476666666666666 0.028 0.051 
0 0.36325 0.6723333333333333 0.0255 0.05633333333333333 
0 0.62375 0.569 0.02125 0.025333333333333333 
0 0.808 0.629 0.02175 0.07233333333333333 
0 0.7515 0.5043333333333333 0.01275 0.03 
0 0.3305 0.372 0.0145 0.04733333333333333 
0 0.48725 0.6093333333333333 0.02675 0.056666666666666664 
0 0.21 0.36466666666666664 0.02375 0.045 
0 0.44475 0.7746666666666666 0.026 0.050333333333333334 
0 0.4275 0.6466666666666666 0.023 0.059666666666666666 
0 0.59275 0.473 0.02025 0.06266666666666666 
0 0.54275 0.6273333333333333 0.02425 0.04 
0 0.62425 0.6526666666666666 0.02325 0.063 
0 0.58925 0.513 0.03375 0.05 
0 0.63875 0.499 0.01775 0.022333333333333334 
0 0.44375 0.7403333333333333 0.02525 0.035333333333333335 
0 0.429 0.7453333333333333 0.02325 0.06533333333333333 
0 0.703 0.4666666666666667 0.01575 0.042333333333333334 
0 0.15725 0.356 0.02425 0.050333333333333334 
0 0.45875 0.2966666666666667 0.04675 0.037 
0 0.567 0.506 0.0275 0.058666666666666666 
0 0.1785 0.49733333333333335 0.02475 0.048666666666666664 
0 0.68525 0.5776666666666667 0.01625 0.043666666666666666 
0 0.28425 0.37533333333333335 0.02425 0.054 
0 0.5205 0.5423333333333333 0.0195 0.034333333333333334 
0 0.71375 0.568 0.01475 0.029 
0 0.33875 0.38 0.01825 0.04833333333333333 
0 0.29525 0.396 0.02425 0.035 
0 0.26825 0.49966666666666665 0.025 0.04033333333333333 
0 0.76625 0.5586666666666666 0.03625 0.027 
0 0.11150499999999999 0.3695 0.0525025 0.04716666666666667 
0 0.127255 0.38283333333333336 0.0340025 0.03983333333333333 
0 0.1482575 0.3868333333333333 0.0411275 0.05566666666666667 
0 0.179135 0.3625 0.024875 0.03 
0 0.193385 0.4106666666666667 0.020627499999999997 0.05333333333333334 
0 0.2227625 0.389 0.029502499999999997 0.0685 
0 0.17926 0.36583333333333334 0.0361275 0.06633333333333333 
0 0.1802575 0.42983333333333335 0.0338775 0.073 
0 0.20238499999999998 0.465 0.024002499999999996 0.051666666666666666 
0 0.21663749999999998 0.4656666666666667 0.027875 0.056666666666666664 
0 0.212635 0.4488333333333333 0.051754999999999995 0.024666666666666667 
0 0.2243875 0.4698333333333333 0.039877499999999996 0.05266666666666667 
0 0.189135 0.5121666666666667 0.031502499999999996 0.04766666666666667 
0 0.20438499999999998 0.5155 0.046005 0.06133333333333333 
0 0.280385 0.4721666666666667 0.022502499999999998 0.0325 
0 0.27763499999999997 0.5075 0.053005 0.037 
0 0.33264 0.49666666666666665 0.02725 0.059833333333333336 
0 0.3247625 0.5156666666666667 0.022127499999999998 0.0735 
0 0.3053875 0.5231666666666667 0.028002499999999996 0.065 
0 0.34426249999999997 0.5063333333333333 0.0276275 0.07716666666666666 
0 0.3150125 0.5768333333333333 0.024875 0.07066666666666667 
0 0.298135 0.5438333333333333 0.020752499999999997 0.08933333333333333 
0 0.2728825 0.54 0.028502499999999997 0.07816666666666666 
0 0.2615075 0.5553333333333333 0.0342525 0.0885 
0 0.2566325 0.5608333333333333 0.019375 0.043833333333333335 
0 0.18388 0.5738333333333333 0.0513775 0.0315 
0 0.2242575 0.5671666666666667 0.0346275 0.025833333333333333 
0 0.2156325 0.5863333333333334 0.0448775 0.058333333333333334 
0 0.2276325 0.5998333333333333 0.0413775 0.049833333333333334 
0 0.2286325 0.6373333333333333 0.0363775 0.027833333333333335 
0 0.256635 0.6238333333333334 0.054502499999999995 0.07433333333333333 
0 0.26552 0.6433333333333333 0.0410025 0.066 
0 0.2287675 0.6526666666666666 0.03825249999999997 0.06366666666666666 
0 0.2175175 0.672 0.04150249999999997 0.08033333333333334 
0 0.20251499999999997 0.6733333333333333 0.026752500000000026 0.069 
0 0.2227675 0.7373333333333333 0.029502499999999997 0.067 
0 0.2462675 0.7373333333333333 0.03475249999999997 0.08433333333333333 
0 0.26052 0.7213333333333334 0.0427525 0.068 
0 0.2580075 0.7045 0.052004999999999996 0.026166666666666668 
0 0.283385 0.6511666666666667 0.0340025 0.056 
0 0.28951 0.6721666666666667 0.044004999999999996 0.06916666666666667 
0 0.3143875 0.6533333333333333 0.038002499999999995 0.0745 
0 0.30751249999999997 0.6313333333333333 0.0495025 0.0585 
0 0.31001249999999997 0.7175 0.053255 0.037333333333333336 
0 0.273515 0.7703333333333333 0.0430025 0.058333333333333334 
0 0.3127675 0.7466666666666667 0.0325025 0.07566666666666666 
0 0.33226999999999995 0.7483333333333333 0.026 0.08733333333333333 
0 0.34402 0.7853333333333333 0.038252499999999995 0.074 
0 0.35451 0.7188333333333333 0.030002499999999998 0.06683333333333333 
0 0.36938499999999996 0.7323333333333333 0.04087999999999999 0.060333333333333336 
0 0.3793875 0.7501666666666666 0.0346275 0.05383333333333333 
0 0.362135 0.8018333333333333 0.0370025 0.07433333333333333 
0 0.3820075 0.8073333333333333 0.0368775 0.062 
0 0.40826 0.7928333333333333 0.024252499999999996 0.07333333333333333 
0 0.417385 0.8228333333333333 0.031377499999999996 0.08033333333333334 
0 0.4410125 0.8285 0.0237525 0.09108333333333334 
0 0.4456325 0.7851666666666667 0.047255 0.07866666666666666 
0 0.47163499999999997 0.7481666666666666 0.0358775 0.06533333333333333 
0 0.49101249999999996 0.763 0.0348775 0.07416666666666667 
0 0.46426999999999996 0.827 0.032002499999999996 0.08766666666666667 
0 0.4910225 0.8496666666666667 0.0370025 0.051333333333333335 
0 0.506025 0.8493333333333334 0.06250499999999999 0.035333333333333335 
0 0.525525 0.7866666666666666 0.044504999999999996 0.07633333333333334 
0 0.5480275 0.7983333333333333 0.04500249999999994 0.05466666666666667 
0 0.494635 0.7771666666666667 0.042379999999999994 0.07683333333333334 
0 0.3946325 0.7565 0.038877499999999995 0.058666666666666666 
0 0.409885 0.7053333333333334 0.0348775 0.0585 
0 0.42701 0.7273333333333334 0.0228775 0.0375 
0 0.4671325 0.7093333333333334 0.05763000000000005 0.044 
0 0.482885 0.7241666666666666 0.052877500000000056 0.04833333333333333 
0 0.4636325 0.6621666666666667 0.0340025 0.06766666666666667 
0 0.505885 0.6638333333333334 0.022627500000000054 0.0565 
0 0.5226375000000001 0.6645 0.019875 0.0575 
0 0.5286375000000001 0.6745 0.04212749999999994 0.07083333333333333 
0 0.5336375000000001 0.7035 0.04950499999999999 0.06383333333333334 
0 0.38112999999999997 0.6958333333333333 0.0237525 0.0525 
0 0.4025075 0.6538333333333334 0.028752499999999997 0.08033333333333334 
0 0.38188 0.6458333333333334 0.0275025 0.058666666666666666 
0 0.34813 0.6688333333333333 0.021627499999999997 0.0625 
0 0.34288 0.6158333333333333 0.0340025 0.074 
0 0.3576325 0.5801666666666667 0.026252499999999998 0.08733333333333333 
0 0.4260125 0.5801666666666667 0.026252499999999998 0.07316666666666667 
0 0.38776 0.5883333333333334 0.038877499999999995 0.06616666666666667 
0 0.394385 0.6236666666666667 0.039627499999999996 0.051666666666666666 
0 0.447515 0.6228333333333333 0.0235 0.0815 
0 0.37501999999999996 0.5406666666666666 0.037755 0.06333333333333334 
0 0.3800225 0.5756666666666667 0.0375025 0.06733333333333333 
0 0.35601 0.4715 0.021625 0.058166666666666665 
0 0.36426 0.45966666666666667 0.031877499999999996 0.075 
0 0.3938875 0.49333333333333335 0.025502499999999997 0.062 
0 0.38138 0.42841666666666667 0.025882499999999992 0.08491666666666667 
0 0.3395075 0.38233333333333336 0.0362525 0.057666666666666665 
0 0.3558825 0.4086666666666667 0.0268775 0.05366666666666667 
0 0.433135 0.4103333333333333 0.0267525 0.055 
0 0.4566375 0.38716666666666666 0.024752499999999997 0.059333333333333335 
0 0.4552625 0.4365 0.02025 0.052833333333333336 
0 0.440135 0.441 0.016252499999999996 0.042833333333333334 
0 0.4482625 0.4523333333333333 0.01225 0.039 
0 0.4103825 0.4503333333333333 0.032127499999999996 0.09266666666666666 
0 0.421635 0.4915 0.02125 0.05216666666666667 
0 0.432135 0.48883333333333334 0.0188775 0.06183333333333333 
0 0.442135 0.48983333333333334 0.0160025 0.0605 
0 0.48051 0.4648333333333333 0.0115 0.0465 
0 0.48525999999999997 0.4791666666666667 0.021002499999999997 0.05466666666666667 
0 0.5036375 0.4691666666666667 0.029752499999999998 0.07216666666666667 
0 0.5185125 0.4706666666666667 0.03275249999999994 0.08016666666666666 
0 0.4215075 0.539 0.0367525 0.04033333333333333 
0 0.45426 0.531 0.0195 0.0585 
0 0.4405075 0.489 0.0336275 0.07133333333333333 
0 0.473385 0.5183333333333333 0.044254999999999996 0.04616666666666667 
0 0.4118825 0.5518333333333333 0.0236275 0.051833333333333335 
0 0.4977675 0.5613333333333334 0.05900500000000005 0.06533333333333333 
0 0.5045175 0.5856666666666667 0.039505000000000054 0.051333333333333335 
0 0.50977 0.6333333333333333 0.04025250000000005 0.03133333333333333 
0 0.4838825 0.5728333333333333 0.0236275 0.04533333333333334 
0 0.5347625 0.5765 0.04050249999999994 0.051833333333333335 
0 0.541635 0.6513333333333333 0.030752500000000054 0.034666666666666665 
0 0.5667625000000001 0.6003333333333334 0.0185 0.07116666666666667 
0 0.5812625 0.6105 0.02100249999999994 0.0635 
0 0.580265 0.5773333333333334 0.04100250000000005 0.033666666666666664 
0 0.6187675 0.59 0.03025249999999994 0.069 
0 0.63501 0.5981666666666666 0.0225 0.05433333333333333 
0 0.653135 0.5678333333333333 0.018627500000000054 0.07983333333333334 
0 0.6636375 0.5671666666666667 0.02975 0.07216666666666667 
0 0.645135 0.6335 0.04050250000000005 0.04516666666666667 
0 0.6850125 0.577 0.035877499999999944 0.07566666666666666 
0 0.694765 0.6155 0.032 0.05216666666666667 
0 0.6811925 0.6464166666666666 0.036502500000000056 0.041916666666666665 
0 0.629265 0.6756666666666666 0.028252500000000055 0.08366666666666667 
0 0.6325149999999999 0.713 0.035752500000000055 0.074 
0 0.609765 0.7466666666666667 0.02675 0.041 
0 0.56826 0.775 0.051004999999999995 0.029 
0 0.575755 0.755 0.03187750000000005 0.027833333333333335 
0 0.5988825000000001 0.6895 0.03287749999999994 0.06166666666666667 
0 0.5405025000000001 0.7293333333333333 0.04625249999999994 0.0615 
0 0.6650125 0.713 0.05262749999999994 0.0455 
0 0.704505 0.726 0.052879999999999996 0.057166666666666664 
0 0.7021325 0.6735 0.05312749999999994 0.057 
0 0.7142575000000001 0.6666666666666666 0.051254999999999995 0.03766666666666667 
0 0.60051 0.6396666666666667 0.027752500000000055 0.05466666666666667 
0 0.7195175 0.5946666666666667 0.044754999999999996 0.07833333333333334 
0 0.6216349999999999 0.4613333333333333 0.022625 0.04883333333333333 
0 0.5457525000000001 0.48433333333333334 0.02700249999999994 0.06883333333333333 
0 0.5718799999999999 0.5555 0.046505 0.024833333333333332 
0 0.6006325 0.529 0.04462749999999994 0.05316666666666667 
0 0.6650125 0.5086666666666667 0.02700249999999994 0.0725 
0 0.702765 0.5028333333333334 0.030252500000000054 0.06383333333333334 
0 0.70801 0.5406666666666666 0.011252500000000054 0.028833333333333332 
0 0.7236375 0.5471666666666667 0.01825 0.04566666666666667 
0 0.5293825000000001 0.42 0.02025249999999994 0.050333333333333334 
0 0.542385 0.423 0.044877500000000056 0.050666666666666665 
0 0.472005 0.4076666666666667 0.024125 0.0475 
0 0.7315125 0.5806666666666667 0.03912749999999994 0.068 
0 0.76464 0.5845 0.024752500000000056 0.07783333333333334 
0 0.78614 0.5846666666666667 0.019127500000000054 0.05583333333333333 
0 0.7457625 0.5343333333333333 0.03925249999999994 0.030833333333333334 
0 0.78414 0.5348333333333334 0.025127500000000056 0.04933333333333333 
0 0.8211425 0.569 0.041754999999999994 0.09283333333333334 
0 0.83814 0.641 0.06375499999999999 0.052 
0 0.6627649999999999 0.7895 0.036877500000000056 0.05266666666666667 
0 0.275915 0.18219333333333335 0.0424975 0.04565333333333331 
0 0.2949125 0.08155 0.03525 0.033659999999999995 
0 0.153165 0.03756333333333333 0.02325 0.040323333333333336 
0 0.30291250000000003 0.05822333333333333 0.02575 0.02199666666666667 
0 0.3286625 0.34281666666666666 0.02125 0.030656666666666676 
