0 0.7959275 0.2854733333333333 0.014029999999999973 0.020326666666666673 
0 0.8047075 0.28759666666666667 0.009 0.015080000000000003 
0 0.793625 0.29472 0.013240000000000009 0.01274666666666667 
0 0.788125 0.2965 0.013302500000000009 0.012666666666666666 
0 0.749875 0.3410766666666667 0.009904999999999973 0.014580000000000003 
0 0.744125 0.3441666666666667 0.012875 0.01633333333333333 
0 0.750375 0.3615 0.0110625 0.013410000000000005 
0 0.758625 0.36324666666666666 0.0079375 0.01599666666666667 
0 0.746875 0.3675 0.016 0.015 
0 0.742 0.37016666666666664 0.016529999999999972 0.015783333333333302 
0 0.714375 0.36689333333333335 0.0134375 0.016326666666666673 
0 0.736625 0.3729133333333333 0.0124375 0.01449666666666667 
0 0.7461875 0.3810766666666667 0.0105625 0.016286666666666633 
0 0.73422 0.3827833333333333 0.012717499999999972 0.014330000000000002 
0 0.727125 0.3855 0.014845000000000027 0.012083333333333333 
0 0.510875 0.38616666666666666 0.006 0.009666666666666667 
0 0.704875 0.4098333333333333 0.0195 0.007333333333333333 
0 0.740125 0.4101666666666667 0.009 0.01831333333333335 
0 0.704125 0.4165 0.01758249999999998 0.016393333333333353 
0 0.7090825 0.41598333333333337 0.022157500000000028 0.011496666666666669 
0 0.6880725 0.42608 0.0161875 0.020783333333333303 
0 0.682875 0.43216666666666664 0.01744749999999999 0.018863333333333305 
0 0.670375 0.43641 0.01807249999999999 0.009089999999999994 
0 0.6705725 0.4437833333333333 0.021625 0.011830000000000004 
0 0.652875 0.4515 0.01532249999999999 0.01673333333333335 
0 0.651875 0.45616666666666666 0.01507249999999999 0.018566666666666683 
0 0.6643225 0.4516133333333333 0.0139375 0.020910000000000005 
0 0.638125 0.4535 0.014904999999999972 0.015866666666666637 
0 0.6337200000000001 0.4592033333333333 0.02013499999999999 0.012786666666666708 
0 0.631625 0.4651666666666667 0.019154999999999974 0.009783333333333304 
0 0.646375 0.47090000000000004 0.01757249999999999 0.012266666666666651 
0 0.626875 0.47383333333333333 0.0205 0.011113333333333307 
0 0.62898 0.48140666666666665 0.0233125 0.0174533333333333 
0 0.494125 0.48583333333333334 0.0085 0.013333333333333334 
0 0.616375 0.4855 0.018 0.020823333333333343 
0 0.62425 0.4855 0.01998000000000002 0.017666666666666667 
0 0.584625 0.5008333333333334 0.01575 0.021 
0 0.571375 0.5038333333333334 0.019355000000000018 0.018099999999999984 
0 0.5570725 0.5091933333333333 0.023552500000000007 0.024320000000000012 
0 0.5703374999999999 0.51102 0.019037500000000023 0.020146666666666684 
0 0.557625 0.51591 0.017 0.02025666666666666 
0 0.553375 0.5250766666666666 0.0191875 0.019660000000000007 
0 0.550125 0.5303100000000001 0.01732249999999999 0.023369999999999967 
0 0.5388225 0.5321666666666667 0.01903250000000003 0.016723333333333357 
0 0.534625 0.5395 0.01782249999999999 0.017636666666666693 
0 0.547595 0.5454733333333334 0.015029999999999972 0.023326666666666673 
0 0.36975 0.5518333333333333 0.026875 0.01699333333333334 
0 0.531875 0.5551666666666667 0.01627999999999997 0.02649000000000001 
0 0.53924 0.5543466666666667 0.01688499999999999 0.020820000000000012 
0 0.520895 0.5558333333333333 0.018450000000000046 0.026906666666666676 
0 0.5084575 0.5559966666666667 0.019782500000000026 0.019326666666666673 
0 0.5054575 0.5654933333333333 0.0188125 0.018080000000000002 
0 0.503655 0.5743266666666667 0.020657500000000027 0.021869999999999966 
0 0.5215299999999999 0.5735366666666666 0.015940000000000055 0.027630000000000033 
0 0.499375 0.5791166666666666 0.018654999999999974 0.019383333333333364 
0 0.463875 0.5835 0.012542500000000019 0.021 
0 0.48666750000000003 0.5865066666666666 0.0200625 0.02199333333333334 
0 0.480375 0.5932533333333333 0.019105000000000018 0.022326666666666672 
0 0.475635 0.59706 0.01903250000000003 0.02576999999999998 
0 0.46698 0.6034733333333333 0.015102499999999963 0.02582666666666667 
0 0.461125 0.6113566666666667 0.0099375 0.02981000000000002 
0 0.365125 0.6141666666666666 0.0131875 0.01633333333333333 
0 0.47728 0.6156233333333333 0.013940000000000055 0.030366666666666712 
0 0.443625 0.62348 0.018529999999999974 0.020326666666666673 
0 0.465345 0.62586 0.012477499999999964 0.029169999999999998 
0 0.438375 0.62856 0.020595000000000026 0.0252033333333333 
0 0.43327 0.6361433333333334 0.01903250000000003 0.02124333333333334 
0 0.386625 0.6400833333333333 0.016832499999999983 0.02808333333333333 
0 0.427625 0.6449333333333334 0.02075 0.020900000000000016 
0 0.4605 0.6488333333333334 0.021625 0.024086666666666662 
0 0.412125 0.6628333333333334 0.015332499999999982 0.02773666666666668 
0 0.402375 0.6651666666666667 0.01375 0.028 
0 0.366375 0.6671666666666667 0.01625 0.029666666666666668 
0 0.374125 0.6728333333333333 0.014 0.034333333333333334 
0 0.3864575 0.6738266666666667 0.021125 0.02174333333333334 
0 0.330875 0.7018333333333333 0.017375 0.030666666666666665 
0 0.317625 0.7278333333333333 0.016 0.035 
0 0.307625 0.7338333333333333 0.01275 0.034 
0 0.298625 0.7401666666666666 0.012 0.032 
0 0.285125 0.74564 0.016375 0.03632333333333327 
0 0.274625 0.7521666666666667 0.01875 0.03233333333333333 
0 0.257375 0.7584066666666666 0.0225 0.031076666666666673 
0 0.2525425 0.77499 0.02550000000000003 0.02907333333333342 
0 0.72297 0.38833666666666666 0.018375 0.01899666666666667 
0 0.7196549999999999 0.39317 0.018625 0.012830000000000003 
0 0.71677 0.40598333333333336 0.02284500000000003 0.011873333333333297 
0 0.7126775 0.40090333333333333 0.025529999999999973 0.00899666666666667 
0 0.7212075 0.41148333333333337 0.016532500000000026 0.012913333333333336 
0 0.44427999999999995 0.6013166666666667 0.020032500000000026 0.01874666666666667 
0 0.44353 0.61169 0.019595000000000026 0.01974666666666667 
