0 0.77725 0.4816666666666667 0.03125 0.029 
0 0.14925 0.5786666666666667 0.02075 0.03766666666666667 
0 0.574 0.49933333333333335 0.01225 0.04 
0 0.1985 0.43566666666666665 0.01375 0.05 
0 0.6565 0.6336666666666667 0.01175 0.025666666666666667 
0 0.25375 0.5483333333333333 0.0195 0.034666666666666665 
0 0.54725 0.6436666666666667 0.016 0.034333333333333334 
0 0.40775 0.501 0.02375 0.03133333333333333 
0 0.7805 0.5176666666666667 0.02475 0.03766666666666667 
0 0.71925 0.5063333333333333 0.0275 0.027333333333333334 
0 0.45075 0.6613333333333333 0.02325 0.034666666666666665 
0 0.39925 0.7326666666666667 0.02575 0.033 
0 0.6885 0.7163333333333334 0.018 0.034 
0 0.392 0.469 0.03225 0.022 
0 0.759 0.5916666666666667 0.0205 0.03266666666666666 
0 0.47475 0.5803333333333334 0.01575 0.029 
0 0.728 0.572 0.01925 0.04133333333333333 
0 0.32325 0.6073333333333333 0.013 0.044333333333333336 
0 0.80575 0.49166666666666664 0.01825 0.043333333333333335 
0 0.8855 0.5273333333333333 0.01975 0.037 
0 0.222 0.6026666666666667 0.03125 0.029 
0 0.67825 0.7513333333333333 0.0225 0.029666666666666668 
0 0.45925 0.5553333333333333 0.02 0.035333333333333335 
0 0.4385 0.776 0.02225 0.035666666666666666 
0 0.535 0.5773333333333334 0.02775 0.03266666666666666 
0 0.299 0.6086666666666667 0.014 0.033666666666666664 
0 0.2085 0.5546666666666666 0.01425 0.036333333333333336 
0 0.6685 0.5143333333333333 0.0185 0.036333333333333336 
0 0.8025 0.6023333333333334 0.0185 0.035333333333333335 
0 0.476 0.7926666666666666 0.01925 0.03266666666666666 
0 0.58025 0.6163333333333333 0.01375 0.04033333333333333 
0 0.61675 0.591 0.02325 0.04033333333333333 
0 0.552 0.589 0.0165 0.03933333333333333 
0 0.53625 0.7933333333333333 0.023 0.04733333333333333 
0 0.1625 0.45466666666666666 0.01375 0.030666666666666665 
0 0.42475 0.463 0.02 0.037333333333333336 
0 0.45875 0.456 0.018 0.03233333333333333 
0 0.2915 0.471 0.0205 0.038 
0 0.9 0.4876666666666667 0.0225 0.037 
0 0.79575 0.59 0.02 0.033666666666666664 
0 0.41925 0.7496666666666667 0.02525 0.016 
0 0.616 0.48833333333333334 0.017 0.03766666666666667 
0 0.18275 0.45166666666666666 0.01575 0.036 
0 0.88925 0.4826666666666667 0.0255 0.028333333333333332 
0 0.2205 0.5446666666666666 0.02425 0.030333333333333334 
0 0.73225 0.6403333333333333 0.02575 0.027 
0 0.5055 0.446 0.0195 0.037333333333333336 
0 0.5655 0.6766666666666666 0.02475 0.024 
0 0.41025 0.6133333333333333 0.0205 0.035 
0 0.6975 0.5026666666666667 0.01375 0.042 
0 0.41025 0.558 0.01425 0.035666666666666666 
0 0.909 0.5036666666666667 0.01825 0.03666666666666667 
0 0.26675 0.5713333333333334 0.0235 0.035 
0 0.40325 0.5806666666666667 0.013 0.038 
0 0.15075 0.542 0.014 0.04566666666666667 
0 0.65025 0.48233333333333334 0.032345000000000027 0.034333333333333334 
0 0.7535 0.615 0.0155 0.042666666666666665 
0 0.3505 0.564 0.02075 0.035 
0 0.35775 0.469 0.01275 0.034 
0 0.49125 0.459 0.0185 0.04033333333333333 
0 0.195 0.5466666666666666 0.0145 0.04133333333333333 
0 0.56425 0.4706666666666667 0.0325 0.018 
0 0.39025 0.571 0.014 0.041666666666666664 
0 0.22075 0.4523333333333333 0.014 0.043333333333333335 
0 0.65625 0.55 0.01975 0.06066666666666667 
0 0.24525 0.4693333333333333 0.02075 0.036 
0 0.70475 0.6116666666666667 0.0125 0.03966666666666667 
0 0.41275 0.5443333333333333 0.02825 0.028333333333333332 
0 0.24525 0.443 0.01725 0.03333333333333333 
0 0.74175 0.5986666666666667 0.01625 0.04 
0 0.647 0.6943333333333334 0.01225 0.04533333333333334 
0 0.45425 0.5863333333333334 0.014 0.043666666666666666 
0 0.175 0.451 0.01275 0.035333333333333335 
0 0.5485 0.6743333333333333 0.024 0.037333333333333336 
0 0.59675 0.5283333333333333 0.015 0.036 
0 0.3385 0.475 0.0145 0.035666666666666666 
0 0.74125 0.5756666666666667 0.0155 0.034666666666666665 
0 0.8255 0.5033333333333333 0.01425 0.037 
0 0.37025 0.5903333333333334 0.0145 0.04066666666666666 
0 0.72725 0.6063333333333333 0.01825 0.045 
0 0.1955 0.5876666666666667 0.0155 0.04066666666666666 
0 0.4685 0.563 0.01525 0.041666666666666664 
0 0.53725 0.774 0.01925 0.034333333333333334 
0 0.3685 0.5646666666666667 0.02375 0.033 
0 0.326 0.5526666666666666 0.01775 0.038 
0 0.57425 0.5616666666666666 0.015 0.048 
0 0.2792925 0.445 0.023957499999999982 0.0385 
0 0.55225 0.7233333333333334 0.018 0.03833333333333333 
0 0.61175 0.706 0.0215 0.03666666666666667 
0 0.26125 0.5596666666666666 0.01725 0.035666666666666666 
0 0.77225 0.6166666666666667 0.02375 0.035333333333333335 
0 0.6945 0.724 0.02075 0.03266666666666666 
0 0.398 0.5023333333333333 0.023 0.014666666666666666 
0 0.432 0.6096666666666667 0.02075 0.018 
0 0.69125 0.5956666666666667 0.0135 0.04 
0 0.38075 0.47333333333333333 0.013 0.035333333333333335 
0 0.59325 0.602 0.01375 0.043333333333333335 
0 0.3145 0.5483333333333333 0.01875 0.039 
0 0.53575 0.5513333333333333 0.01675 0.03266666666666666 
0 0.58525 0.5226666666666666 0.01225 0.03866666666666667 
0 0.432 0.5966666666666667 0.02275 0.02033333333333333 
0 0.314 0.586 0.0225 0.024 
0 0.64925 0.7663333333333333 0.01925 0.046 
0 0.27425 0.538 0.015 0.043333333333333335 
0 0.4495 0.755 0.02 0.018333333333333333 
0 0.50125 0.646 0.01975 0.04066666666666666 
0 0.43675 0.5546666666666666 0.016 0.042 
0 0.56075 0.754 0.02025 0.03133333333333333 
0 0.33175 0.598 0.01575 0.04566666666666667 
0 0.6045 0.733 0.0205 0.017666666666666667 
0 0.56125 0.491 0.0135 0.042 
0 0.562 0.6983333333333334 0.0175 0.036333333333333336 
0 0.4755 0.6953333333333334 0.0155 0.04633333333333333 
0 0.423 0.782 0.0265 0.017333333333333333 
0 0.68975 0.4633333333333333 0.0165 0.042333333333333334 
0 0.52975 0.741 0.02475 0.03133333333333333 
0 0.6135 0.678 0.01775 0.042333333333333334 
0 0.51675 0.5763333333333334 0.0115 0.037333333333333336 
0 0.17125 0.5986666666666667 0.027 0.023666666666666666 
0 0.40125 0.489 0.033 0.015333333333333332 
0 0.56275 0.7213333333333334 0.018 0.03233333333333333 
0 0.67075 0.7323333333333333 0.01975 0.03766666666666667 
0 0.63725 0.729 0.0225 0.034666666666666665 
0 0.2955 0.5886666666666667 0.022 0.022 
0 0.603 0.5163333333333333 0.01425 0.018 
0 0.42425 0.7346666666666667 0.033 0.028 
0 0.4815 0.48033333333333333 0.01375 0.047 
0 0.4715 0.474 0.01625 0.03866666666666667 
0 0.448 0.7253333333333334 0.02475 0.019666666666666666 
0 0.657 0.7423333333333333 0.0155 0.027666666666666666 
0 0.56725 0.618 0.01375 0.029 
0 0.47225 0.6536666666666666 0.019 0.046 
0 0.62925 0.6756666666666666 0.013 0.045 
0 0.684 0.49933333333333335 0.0155 0.042666666666666665 
0 0.1755 0.5543333333333333 0.01425 0.044 
0 0.283 0.587 0.02 0.03833333333333333 
0 0.34125 0.559 0.01625 0.025 
0 0.59025 0.717 0.02925 0.023333333333333334 
0 0.5065 0.7736666666666666 0.018 0.041666666666666664 
0 0.1515 0.5423333333333333 0.0025 0.034666666666666665 
0 0.646 0.5986666666666667 0.01525 0.04933333333333333 
0 0.55425 0.765 0.0125 0.04633333333333333 
0 0.57625 0.6966666666666667 0.01475 0.042 
0 0.44775 0.5533333333333333 0.014 0.04633333333333333 
0 0.78475 0.5063333333333333 0.02275 0.025 
0 0.1845 0.556 0.01225 0.049 
0 0.33375 0.573 0.013 0.029 
0 0.20982499999999998 0.45166666666666666 0.01225 0.033666666666666664 
0 0.2323275 0.446 0.017 0.041 
0 0.13807 0.541 0.014 0.043333333333333335 
0 0.16457249999999998 0.544 0.0115 0.05633333333333333 
0 0.20482499999999998 0.581 0.02 0.044 
0 0.220575 0.5586666666666666 0.013752499999999997 0.04466666666666667 
0 0.2328275 0.5586666666666666 0.0115 0.045 
0 0.2383275 0.5883333333333334 0.0230025 0.038 
0 0.24182749999999997 0.5723333333333334 0.0165 0.03233333333333333 
0 0.25707749999999996 0.5936666666666667 0.0157525 0.032 
0 0.26958 0.6046666666666667 0.01825 0.037 
0 0.24378999999999998 0.5326666666666666 0.01812500000000003 0.03866666666666667 
0 0.28779000000000005 0.5446666666666666 0.0125 0.03766666666666667 
0 0.29804 0.5405 0.0233775 0.042333333333333334 
0 0.30041500000000004 0.5503333333333333 0.024502499999999997 0.04033333333333333 
0 0.292165 0.5788333333333333 0.0095 0.016 
0 0.309415 0.6035 0.016625 0.039 
0 0.34291750000000004 0.5828333333333333 0.012125 0.049166666666666664 
0 0.35404250000000004 0.586 0.011877499999999997 0.049166666666666664 
0 0.364045 0.5675 0.011625 0.059 
0 0.383545 0.5765 0.017877499999999998 0.053 
0 0.23378749999999998 0.472 0.0187525 0.038 
0 0.254665 0.4261666666666667 0.018502500000000026 0.0445 
0 0.26216500000000004 0.42733333333333334 0.025127499999999997 0.025333333333333333 
0 0.2757925 0.43816666666666665 0.014875 0.035166666666666666 
0 0.26454 0.45016666666666666 0.012502499999999998 0.04633333333333333 
0 0.270915 0.4723333333333333 0.013627499999999997 0.044 
0 0.2837925 0.47433333333333333 0.009625 0.035833333333333335 
0 0.2894175 0.457 0.018377499999999998 0.036333333333333336 
0 0.30842 0.4623333333333333 0.014875 0.03666666666666667 
0 0.320795 0.4643333333333333 0.015 0.041833333333333333 
0 0.33192 0.4703333333333333 0.009252499999999999 0.027333333333333334 
0 0.3456675 0.479 0.020127499999999996 0.043666666666666666 
0 0.36667 0.45716666666666667 0.01475 0.04783333333333333 
0 0.443175 0.479 0.018127499999999998 0.036833333333333336 
0 0.45905250000000003 0.487 0.01275 0.041166666666666664 
0 0.4160475 0.5656666666666667 0.013752499999999997 0.051 
0 0.427175 0.5685 0.010875 0.041833333333333333 
0 0.4233 0.6083333333333333 0.02275 0.03233333333333333 
0 0.46255250000000003 0.599 0.0135 0.045 
0 0.4729275 0.6071666666666666 0.014752499999999998 0.0385 
0 0.48943000000000003 0.5746666666666667 0.0175 0.04033333333333333 
0 0.4845525 0.5973333333333334 0.014627499999999998 0.04683333333333333 
0 0.49743 0.6021666666666666 0.014749999999999944 0.03883333333333333 
0 0.505055 0.5856666666666667 0.014499999999999943 0.036 
0 0.504555 0.5456666666666666 0.01612499999999994 0.047 
0 0.508555 0.5416666666666666 0.0187525 0.035 
0 0.5269325 0.5426666666666666 0.017 0.04516666666666667 
0 0.492305 0.505 0.008 0.025333333333333333 
0 0.498805 0.4995 0.015249999999999942 0.036833333333333336 
0 0.508305 0.472 0.014627499999999998 0.0445 
0 0.52093 0.46116666666666667 0.012377500000000055 0.05733333333333333 
0 0.5306825000000001 0.48966666666666664 0.016 0.04 
0 0.5286825 0.471 0.01275 0.029 
0 0.5393075 0.4635 0.01712749999999994 0.056666666666666664 
0 0.5469325 0.46 0.015377499999999942 0.04 
0 0.5500575 0.4886666666666667 0.02112749999999994 0.03716666666666667 
0 0.5431825 0.5435 0.02325249999999994 0.03816666666666667 
0 0.5246825 0.584 0.013625 0.04733333333333333 
0 0.5355575 0.6061666666666666 0.011875 0.044833333333333336 
0 0.51943 0.6163333333333333 0.016752500000000056 0.033 
0 0.5458075 0.6041666666666666 0.013002499999999941 0.0415 
0 0.557685 0.628 0.017 0.034666666666666665 
0 0.5183049999999999 0.6335 0.017252500000000056 0.04816666666666667 
0 0.50368 0.6138333333333333 0.0188775 0.042 
0 0.563805 0.577 0.015127500000000054 0.04083333333333333 
0 0.5835575 0.5811666666666667 0.013875 0.04666666666666667 
0 0.5964325 0.5655 0.01575249999999994 0.05433333333333333 
0 0.6026825 0.6098333333333333 0.014877499999999941 0.03866666666666667 
0 0.6028075 0.5618333333333333 0.018002499999999942 0.04883333333333333 
0 0.6153099999999999 0.6295 0.03350250000000005 0.017666666666666667 
0 0.610435 0.6413333333333333 0.03275250000000005 0.021 
0 0.631185 0.5986666666666667 0.014752500000000054 0.036333333333333336 
0 0.6425625 0.59 0.015125 0.0435 
0 0.6603125 0.5976666666666667 0.012002500000000055 0.041833333333333333 
0 0.67144 0.6005 0.01425 0.0485 
0 0.6700625 0.5606666666666666 0.017502500000000056 0.044 
0 0.67944 0.5901666666666666 0.0135 0.049666666666666665 
0 0.689065 0.604 0.01962749999999994 0.049833333333333334 
0 0.7151925 0.6175 0.015875 0.04466666666666667 
0 0.7239425 0.6061666666666666 0.010375 0.0215 
0 0.7054425 0.576 0.019625 0.04733333333333333 
0 0.7102200000000001 0.5751666666666667 0.017814999999999942 0.03308333333333333 
0 0.5803400000000001 0.4816666666666667 0.018002499999999942 0.04616666666666667 
0 0.591215 0.4746666666666667 0.01256499999999994 0.041916666666666665 
0 0.5977175 0.47641666666666665 0.0196875 0.044333333333333336 
0 0.602405 0.4885833333333333 0.019875 0.030416666666666668 
0 0.6267825 0.5011666666666666 0.0136875 0.040916666666666664 
0 0.63797 0.5000833333333333 0.0135 0.044083333333333335 
0 0.641595 0.4950833333333333 0.02350249999999994 0.04775 
0 0.6456575 0.49075 0.02468999999999994 0.03841666666666667 
0 0.6712825 0.475 0.0215 0.04041666666666666 
0 0.87164 0.527 0.021752500000000053 0.043 
0 0.8976425 0.5246666666666666 0.02025249999999994 0.03766666666666667 
0 0.7660650000000001 0.6141666666666666 0.015625 0.04033333333333333 
0 0.77619 0.603 0.02512749999999994 0.03833333333333333 
0 0.8071925 0.6078333333333333 0.020627500000000056 0.0395 
0 0.8125675 0.4985 0.016502500000000055 0.0495 
0 0.40281 0.695 0.015625 0.0415 
0 0.40881 0.6965 0.01875 0.042333333333333334 
0 0.423185 0.6883333333333334 0.0157525 0.047 
0 0.4369375 0.6808333333333333 0.0155 0.0455 
0 0.4343125 0.7256666666666667 0.014125 0.014833333333333334 
0 0.4453125 0.6766666666666666 0.0190025 0.03983333333333333 
0 0.4439375 0.6981666666666667 0.025377499999999997 0.035333333333333335 
0 0.465565 0.702 0.021 0.043333333333333335 
0 0.4560625 0.7408333333333333 0.0305025 0.017166666666666667 
0 0.486815 0.7131666666666666 0.016127499999999996 0.04016666666666667 
0 0.484565 0.6683333333333333 0.021252499999999997 0.04583333333333333 
0 0.4985675 0.7158333333333333 0.02175 0.03183333333333333 
0 0.5015674999999999 0.7066666666666667 0.024125 0.036333333333333336 
0 0.5124425 0.6828333333333333 0.015125 0.051833333333333335 
0 0.5250675 0.688 0.014502500000000055 0.0505 
0 0.5335700000000001 0.7038333333333333 0.013625 0.043333333333333335 
0 0.5345700000000001 0.6723333333333333 0.018 0.049166666666666664 
0 0.548945 0.6905 0.015252499999999941 0.035666666666666666 
0 0.5428200000000001 0.7201666666666666 0.01325 0.0415 
0 0.459065 0.7548333333333334 0.024377499999999996 0.042 
0 0.46919 0.7643333333333333 0.014127499999999998 0.043833333333333335 
0 0.47794 0.7565 0.015002499999999998 0.0475 
0 0.4905675 0.7548333333333334 0.01425 0.049666666666666665 
0 0.4966925 0.7425 0.015 0.05216666666666667 
0 0.5091925 0.7408333333333333 0.027752500000000055 0.028 
0 0.4925675 0.7878333333333334 0.01925 0.042333333333333334 
0 0.5103175 0.7588333333333334 0.03287750000000005 0.022333333333333334 
0 0.5201950000000001 0.773 0.019125 0.034666666666666665 
0 0.5678225 0.7713333333333333 0.015252500000000054 0.04133333333333333 
0 0.5794475 0.7773333333333333 0.010877500000000054 0.03816666666666667 
0 0.58745 0.7803333333333333 0.014375 0.035333333333333335 
0 0.5790725 0.7253333333333334 0.015627500000000055 0.0515 
0 0.5879500000000001 0.7615 0.02225 0.0335 
0 0.59145 0.7403333333333333 0.0185 0.04416666666666667 
0 0.601825 0.7401666666666666 0.01175 0.04766666666666667 
0 0.60995 0.7476666666666667 0.011627499999999942 0.034833333333333334 
0 0.5899500000000001 0.6765 0.0145 0.053 
0 0.6194525 0.7491666666666666 0.017375 0.0505 
0 0.6284525 0.7501666666666666 0.021 0.04766666666666667 
0 0.6328275 0.7355 0.020502500000000055 0.04066666666666666 
0 0.59845 0.6658333333333334 0.01775 0.05316666666666667 
0 0.6319525 0.6855 0.017125 0.0485 
0 0.6579550000000001 0.7246666666666667 0.013375 0.0195 
0 0.65783 0.7128333333333333 0.022875 0.037 
0 0.666205 0.6845 0.02462749999999994 0.05366666666666667 
0 0.65583 0.6971666666666667 0.022625 0.03 
0 0.67908 0.688 0.019 0.035833333333333335 
0 0.42319999999999997 0.7626666666666667 0.0311275 0.02266666666666667 
0 0.2356975 0.3468333333333333 0.01625 0.0455 
0 0.24394749999999998 0.31266666666666665 0.017625 0.041666666666666664 
0 0.51681 0.26866666666666666 0.013002500000000054 0.034666666666666665 
