0 0.582375 0.6325 0.022 0.0245 
0 0.7231775 0.65999 0.03357249999999999 0.03300999999999999 
0 0.482125 0.6815 0.0155 0.030333333333333334 
0 0.628125 0.6845 0.028625 0.0305 
0 0.614625 0.6865 0.02475 0.026 
0 0.503875 0.6875 0.017 0.02875 
0 0.600625 0.6898333333333333 0.027 0.026333333333333334 
0 0.494875 0.6915 0.0105 0.030666666666666665 
0 0.470375 0.6931666666666667 0.01675 0.031 
0 0.443125 0.6965 0.02325 0.02 
0 0.412625 0.6960833333333334 0.0209375 0.03133333333333333 
0 0.400375 0.7008333333333333 0.01775 0.030666666666666665 
0 0.505125 0.7031666666666667 0.025 0.02575 
0 0.422875 0.7115 0.015 0.02925 
0 0.463875 0.7080833333333333 0.01725 0.02625 
0 0.459375 0.7185833333333334 0.0135 0.036583333333333336 
0 0.4325 0.7126666666666667 0.016625 0.020666666666666667 
0 0.300125 0.7165 0.0289375 0.018416666666666668 
0 0.688875 0.71425 0.0186875 0.031083333333333334 
0 0.485 0.71525 0.015375 0.030416666666666668 
0 0.505875 0.7160833333333333 0.026625 0.021083333333333332 
0 0.718375 0.7185 0.0204375 0.034666666666666665 
0 0.320125 0.7179166666666666 0.0238125 0.02925 
0 0.389375 0.7211666666666666 0.01575 0.022 
0 0.400875 0.7333333333333333 0.014125 0.027833333333333335 
0 0.3754375 0.7425 0.0246875 0.0215 
0 0.582625 0.7211666666666666 0.015 0.026 
0 0.7285625 0.7208333333333333 0.025125 0.03208333333333333 
0 0.412625 0.7225 0.0125 0.03166666666666667 
0 0.530375 0.7231666666666666 0.02725 0.014666666666666666 
0 0.5189375 0.7370399999999999 0.0299375 0.023460000000000036 
0 0.514625 0.7238333333333333 0.016470000000000026 0.014333333333333333 
0 0.668625 0.7240833333333333 0.017875 0.035166666666666666 
0 0.438375 0.7184166666666667 0.02225 0.030416666666666668 
0 0.4184375 0.7298333333333333 0.0291875 0.02525 
0 0.432375 0.7478333333333333 0.01675 0.03266666666666666 
0 0.558875 0.7251666666666666 0.01325 0.032 
0 0.568625 0.7248333333333333 0.0155 0.03266666666666666 
0 0.471625 0.7261666666666666 0.0158125 0.033 
0 0.174125 0.7285 0.013 0.02225 
0 0.29228 0.7289833333333333 0.028282500000000026 0.017916666666666668 
0 0.542375 0.7321666666666666 0.017 0.025 
0 0.809625 0.7299166666666667 0.01975 0.036 
0 0.1738125 0.73125 0.028375 0.031 
0 0.338625 0.7270833333333333 0.0211875 0.024083333333333335 
0 0.351125 0.7328333333333333 0.01675 0.018666666666666668 
0 0.353 0.7371666666666666 0.017375 0.018 
0 0.327875 0.7475 0.0246875 0.037 
0 0.355875 0.75125 0.020125 0.024916666666666667 
0 0.3476875 0.753 0.0180625 0.017166666666666667 
0 0.3445 0.7705 0.0145625 0.03741666666666667 
0 0.3700625 0.7341666666666666 0.0135625 0.024666666666666667 
0 0.799625 0.7521666666666667 0.020625 0.030083333333333333 
0 0.779875 0.7630833333333333 0.0268125 0.020416666666666666 
0 0.783875 0.774 0.022375 0.036166666666666666 
0 0.792875 0.7781666666666667 0.0248125 0.037 
0 0.151 0.7343333333333333 0.0244375 0.016833333333333332 
0 0.138 0.74375 0.0248125 0.02575 
0 0.641625 0.7355 0.015 0.031 
0 0.493125 0.7361666666666666 0.01325 0.026333333333333334 
0 0.505125 0.7501666666666666 0.01625 0.030666666666666665 
0 0.6559375 0.7361666666666666 0.01975 0.029333333333333333 
0 0.3005 0.7371666666666666 0.020625 0.017333333333333333 
0 0.504375 0.7363333333333333 0.028220000000000026 0.018416666666666668 
0 0.585125 0.7400399999999999 0.021 0.02879333333333337 
0 0.2106875 0.739 0.0254375 0.034916666666666665 
0 0.4520625 0.7405 0.02 0.034 
0 0.683875 0.7349166666666667 0.0260625 0.040916666666666664 
0 0.745375 0.7445 0.0334375 0.032 
0 0.152 0.7451666666666666 0.022125 0.03875 
0 0.467375 0.7431666666666666 0.026125 0.03208333333333333 
0 0.7159375 0.7356666666666667 0.01925 0.043083333333333335 
0 0.2669375 0.7458333333333333 0.0176875 0.0285 
0 0.281875 0.7471666666666666 0.02125 0.022333333333333334 
0 0.2653125 0.77825 0.0183125 0.037 
0 0.244875 0.8071666666666667 0.01525 0.03266666666666666 
0 0.2935 0.7461666666666666 0.017875 0.017916666666666668 
0 0.31625 0.74725 0.0226875 0.036583333333333336 
0 0.196125 0.7488333333333334 0.016 0.027333333333333334 
0 0.3026875 0.7485 0.0254375 0.024 
0 0.3041875 0.7681666666666667 0.0219375 0.029333333333333333 
0 0.255625 0.7491666666666666 0.015 0.025666666666666667 
0 0.248125 0.7725833333333333 0.0188125 0.035833333333333335 
0 0.6135625 0.74975 0.0219375 0.03158333333333333 
0 0.8355625 0.7484166666666666 0.026 0.025583333333333333 
0 0.446125 0.74525 0.0135 0.03425 
0 0.5198125 0.7502933333333334 0.02315750000000003 0.026873333333333298 
0 0.520625 0.7598333333333334 0.02322000000000003 0.029333333333333333 
0 0.570125 0.7510833333333333 0.02075 0.02266666666666667 
0 0.414875 0.7521666666666667 0.0195 0.012833333333333334 
0 0.540625 0.75054 0.023375 0.029626666666666704 
0 0.383125 0.7535 0.0225625 0.041 
0 0.370375 0.7605 0.018875 0.037333333333333336 
0 0.732625 0.7526666666666667 0.01525 0.0365 
0 0.176625 0.7548333333333334 0.01825 0.034 
0 0.178375 0.7619166666666667 0.0235 0.03883333333333333 
0 0.826875 0.7611666666666667 0.030625 0.043166666666666666 
0 0.6335625 0.7545 0.016375 0.0385 
0 0.676875 0.7591666666666667 0.0325625 0.03333333333333333 
0 0.547375 0.7598333333333334 0.02275 0.029 
0 0.599875 0.7484166666666666 0.018875 0.0325 
0 0.566875 0.7675 0.035 0.023583333333333335 
0 0.90575 0.7579166666666667 0.0313125 0.043916666666666666 
0 0.393125 0.7566666666666667 0.0243125 0.0395 
0 0.890625 0.7605 0.032 0.044 
0 0.479125 0.7608333333333334 0.01975 0.04275 
0 0.496125 0.7608333333333334 0.00875 0.012666666666666666 
0 0.413625 0.7621666666666667 0.01475 0.029333333333333333 
0 0.6528125 0.7631666666666667 0.033375 0.021166666666666667 
0 0.34025 0.7594166666666666 0.0100625 0.019166666666666665 
0 0.4674375 0.7645 0.0204375 0.03166666666666667 
0 0.358125 0.7630833333333333 0.0223125 0.035083333333333334 
0 0.4265 0.7613333333333333 0.0095625 0.026833333333333334 
0 0.232125 0.7656666666666667 0.025875 0.03283333333333333 
0 0.646375 0.7664166666666666 0.01325 0.02575 
0 0.622125 0.7686666666666667 0.01425 0.049166666666666664 
0 0.853875 0.7701666666666667 0.02225 0.041666666666666664 
0 0.869375 0.7795 0.0225 0.04225 
0 0.9439375 0.7721666666666667 0.0279375 0.04766666666666667 
0 0.962125 0.7838333333333334 0.0265 0.04133333333333333 
0 0.9738125 0.7725 0.0260625 0.04533333333333334 
0 0.876375 0.7721666666666667 0.037875 0.04583333333333333 
0 0.764625 0.7738333333333334 0.02325 0.04033333333333333 
0 0.931125 0.7751666666666667 0.026875 0.037 
0 0.3329375 0.7738333333333334 0.0129375 0.03225 
0 0.447375 0.7768333333333334 0.0214375 0.04066666666666666 
0 0.5940625 0.77525 0.024625 0.042333333333333334 
0 0.670375 0.7775 0.0175 0.033 
0 0.686625 0.7775 0.016875 0.034333333333333334 
0 0.526375 0.77475 0.0190625 0.051083333333333335 
0 0.723875 0.7785 0.020470000000000026 0.03579333333333337 
0 0.654125 0.7764166666666666 0.02175 0.03475 
0 0.814875 0.7798333333333334 0.035875 0.04133333333333333 
0 0.495125 0.7811666666666667 0.01525 0.03333333333333333 
0 0.580125 0.7808333333333334 0.01675 0.041 
0 0.751875 0.7778333333333334 0.021 0.04733333333333333 
0 0.508125 0.7825 0.017 0.03333333333333333 
0 0.041875 0.7828333333333334 0.0195 0.027333333333333334 
0 0.2694375 0.7835 0.0273125 0.05425 
0 0.55125 0.781 0.0178125 0.04683333333333333 
0 0.611125 0.78175 0.0134375 0.0315 
0 0.294875 0.78475 0.01725 0.020083333333333335 
0 0.4020625 0.7833333333333333 0.0179375 0.037083333333333336 
0 0.5645625 0.7855 0.0176875 0.049666666666666665 
0 0.739625 0.7895 0.02425 0.05725 
0 0.69575 0.7808333333333334 0.02125 0.037 
0 0.710875 0.7978333333333333 0.027 0.030666666666666665 
0 0.05225 0.7995833333333333 0.0303125 0.04783333333333333 
0 0.535125 0.7915399999999999 0.0201875 0.04229333333333337 
0 0.635125 0.7921666666666667 0.025125 0.03266666666666666 
0 0.352625 0.7928333333333333 0.02025 0.03141666666666667 
0 0.3714375 0.7935 0.015 0.026916666666666665 
0 0.315125 0.7961666666666667 0.0246875 0.04766666666666667 
0 0.301625 0.8005 0.0243125 0.047 
0 0.0851875 0.7968333333333333 0.0256875 0.043583333333333335 
0 0.02925 0.7981666666666667 0.040625 0.04566666666666667 
0 0.055625 0.7998333333333333 0.0160625 0.021666666666666667 
0 0.045625 0.8188333333333333 0.01125 0.027333333333333334 
0 0.385625 0.7998333333333333 0.02 0.038 
0 0.225375 0.8001666666666667 0.027 0.043333333333333335 
0 0.086875 0.8025 0.03225 0.046 
0 0.325375 0.8031666666666667 0.02625 0.041666666666666664 
0 0.248625 0.8065 0.0255 0.04133333333333333 
0 0.2786875 0.806 0.0296875 0.042833333333333334 
0 6.25e-05 0.80675 0.0265625 0.04066666666666666 
0 0.00025 0.8085 0.013375 0.015666666666666666 
0 0.338125 0.8089166666666666 0.022125 0.03691666666666667 
0 0.657 0.8108333333333333 0.013125 0.027666666666666666 
0 0.366125 0.8095833333333333 0.0241875 0.03833333333333333 
0 0.66875 0.8118333333333333 0.0105625 0.03333333333333333 
0 0.6791875 0.81075 0.018125 0.05241666666666667 
0 0.5851875 0.8135 0.0360625 0.019 
0 0.185625 0.8145 0.0215 0.024 
0 0.353375 0.8141666666666667 0.0195 0.042 
0 0.412875 0.8143333333333334 0.02125 0.050833333333333335 
0 0.407625 0.81475 0.0155 0.04375 
0 0.643125 0.8143333333333334 0.0185 0.0375 
0 0.636125 0.8198333333333333 0.02175 0.043 
0 0.051125 0.8185 0.037 0.043 
0 0.427625 0.81375 0.02 0.04741666666666667 
0 0.438125 0.8185 0.0216875 0.04733333333333333 
0 0.6119375 0.8180833333333334 0.0184375 0.05541666666666667 
0 0.450875 0.8208333333333333 0.0195 0.054 
0 0.460375 0.82625 0.0325 0.04425 
0 0.625875 0.8176666666666667 0.02275 0.06183333333333333 
0 0.692125 0.8215 0.03875 0.048 
0 0.7041875 0.8221666666666667 0.026625 0.04108333333333333 
0 0.168125 0.8228333333333333 0.03325 0.03133333333333333 
0 0.388125 0.8228333333333333 0.022375 0.049 
0 0.202625 0.8255 0.01875 0.034333333333333334 
0 0.725625 0.82225 0.0221875 0.033666666666666664 
0 0.557875 0.8285 0.015 0.03333333333333333 
0 0.484625 0.82325 0.0254375 0.03958333333333333 
0 0.587875 0.83025 0.01425 0.05525 
0 0.376375 0.8299166666666666 0.0175 0.03725 
0 0.5713125 0.8295833333333333 0.0168125 0.059 
0 0.6005 0.8310833333333333 0.018125 0.05375 
0 0.5225625 0.8341666666666666 0.0348125 0.0425 
0 0.0155625 0.8348333333333333 0.0290625 0.025666666666666667 
0 0.5428125 0.8415 0.0313125 0.04633333333333333 
0 0.02625 0.8511666666666666 0.023125 0.03833333333333333 
0 0.531875 0.8701666666666666 0.02775 0.04933333333333333 
0 0.552125 0.8728333333333333 0.023 0.04766666666666667 
0 0.699375 0.8921666666666667 0.046 0.023666666666666666 
0 0.162625 0.9171666666666667 0.022 0.02033333333333333 
0 0.645375 0.9248333333333333 0.022 0.014 
0 0.636375 0.9385 0.028625 0.023666666666666666 
0 0.955125 0.9261666666666667 0.034625 0.036833333333333336 
0 0.661875 0.9361666666666667 0.016875 0.021333333333333333 
0 -0.000125 0.9561666666666667 0.01175 0.017666666666666667 
0 0.0065 0.8019166666666667 0.0359375 0.04633333333333333 
0 0.0143125 0.81425 0.029 0.044333333333333336 
0 0.0695625 0.7899166666666667 0.035375 0.041666666666666664 
0 0.418375 0.77975 0.0283125 0.03158333333333333 
0 0.426875 0.77725 0.02925 0.036833333333333336 
0 0.2558125 0.7719166666666667 0.023125 0.035833333333333335 
0 0.2779375 0.7670833333333333 0.026875 0.01975 
0 0.636625 0.77925 0.01675 0.022333333333333334 
0 0.6901875 0.81175 0.0386875 0.022333333333333334 
0 0.7083125 0.7681666666666667 0.0185625 0.03183333333333333 
0 0.7 0.7453333333333333 0.0231875 0.03216666666666667 
0 0.7036875 0.7179166666666666 0.01475 0.03641666666666667 
0 0.7623125 0.73175 0.025625 0.03825 
0 0.81 0.7570833333333333 0.027375 0.042416666666666665 
0 0.8279375 0.75025 0.0271875 0.04125 
0 0.8995 0.7849166666666667 0.0194375 0.03875 
0 0.7813125 0.73275 0.0185 0.034 
