0 0.58575 0.42433333333333334 0.02175 0.043333333333333335 
0 0.63775 0.345 0.02625 0.04633333333333333 
0 0.70125 0.37766666666666665 0.0175 0.06066666666666667 
0 0.32425 0.41933333333333334 0.023 0.04666666666666667 
0 0.15875 0.20133333333333334 0.01675 0.039 
0 0.0085 0.21766666666666667 0.0175 0.050666666666666665 
0 0.67775 0.441 0.02225 0.04933333333333333 
0 0.25025 0.44866666666666666 0.03025 0.041666666666666664 
0 0.17775 0.5626666666666666 0.03075 0.037333333333333336 
0 0.23225 0.44166666666666665 0.02025 0.030333333333333334 
0 0.554 0.5656666666666667 0.01925 0.03933333333333333 
0 0.24225 0.44433333333333336 0.0265 0.03666666666666667 
0 0.31475 0.3233333333333333 0.0205 0.059666666666666666 
0 0.6475 0.39166666666666666 0.0275 0.039 
0 0.38625 0.5586666666666666 0.021 0.043333333333333335 
0 0.588 0.467 0.02575 0.043666666666666666 
0 0.68175 0.5746666666666667 0.01925 0.041666666666666664 
0 0.37425 0.39666666666666667 0.019 0.050666666666666665 
0 0.7635 0.46 0.0245 0.05533333333333333 
0 0.03675 0.18433333333333332 0.03325 0.036333333333333336 
0 0.304 0.465 0.0185 0.057 
0 0.49225 0.48733333333333334 0.0215 0.047 
0 0.53125 0.5423333333333333 0.0205 0.021666666666666667 
0 0.48325 0.3426666666666667 0.02375 0.04133333333333333 
0 0.581 0.2763333333333333 0.0345 0.034 
0 0.392 0.3333333333333333 0.02475 0.04633333333333333 
0 0.43775 0.237 0.0255 0.051333333333333335 
0 0.41925 0.55 0.022 0.042 
0 0.77525 0.5206666666666667 0.03175 0.04033333333333333 
0 0.397 0.5706666666666667 0.023 0.033666666666666664 
0 0.4945 0.37366666666666665 0.0285 0.055 
0 0.102 0.5256666666666666 0.0215 0.04733333333333333 
0 0.37975 0.508 0.02625 0.04133333333333333 
0 0.18175 0.3343333333333333 0.023 0.052 
0 0.7175 0.45566666666666666 0.0245 0.042666666666666665 
0 0.52975 0.57 0.0285 0.043333333333333335 
0 0.437 0.5826666666666667 0.033 0.030333333333333334 
0 0.43975 0.579 0.027 0.01633333333333333 
0 0.20725 0.478 0.01725 0.048666666666666664 
0 0.28225 0.419 0.02275 0.035333333333333335 
0 0.29675 0.402 0.0385 0.029 
0 0.78775 0.466 0.0135 0.043 
0 0.45775 0.34423333333333334 0.015 0.05543333333333332 
0 0.7325 0.24566666666666667 0.02375 0.04633333333333333 
0 0.19275 0.478 0.019 0.046 
0 0.2655 0.4653333333333333 0.02325 0.034666666666666665 
0 0.4145 0.4686666666666667 0.02625 0.043 
0 0.02525 0.5276666666666666 0.0205 0.027333333333333334 
0 0.6555 0.352 0.024 0.037333333333333336 
0 0.615 0.27 0.022 0.051666666666666666 
0 0.4765 0.19533333333333333 0.02225 0.042666666666666665 
0 0.54325 0.33666666666666667 0.02225 0.051666666666666666 
0 0.616 0.45366666666666666 0.02225 0.030333333333333334 
0 0.33925 0.3883333333333333 0.03425 0.03766666666666667 
0 0.584 0.261 0.036 0.032 
0 0.43775 0.5386666666666666 0.0245 0.04633333333333333 
0 0.67275 0.25933333333333336 0.0245 0.028666666666666667 
0 0.3205 0.567 0.03275 0.026 
0 0.55175 0.532 0.02075 0.03666666666666667 
0 0.3465 0.5006666666666667 0.01925 0.04466666666666667 
0 0.5705 0.5823333333333334 0.0305 0.029 
0 0.5935 0.215 0.019 0.047 
0 0.498 0.4146666666666667 0.0225 0.053 
0 0.62275 0.5256666666666666 0.01525 0.044 
0 0.4825 0.38133333333333336 0.02475 0.04133333333333333 
0 0.35525 0.5606666666666666 0.0165 0.04833333333333333 
0 0.32875 0.3416666666666667 0.0325 0.042 
0 0.152 0.5433333333333333 0.0165 0.035666666666666666 
0 0.0675 0.25666666666666665 0.02775 0.03166666666666667 
0 0.55325 0.362 0.0255 0.04033333333333333 
0 0.6505 0.448 0.02625 0.051 
0 0.6225 0.41233333333333333 0.0235 0.04 
0 0.292 0.3423333333333333 0.0235 0.05733333333333333 
0 0.305 0.429 0.02775 0.04133333333333333 
0 0.47825 0.248 0.02625 0.042666666666666665 
0 0.757 0.42433333333333334 0.03125 0.04033333333333333 
0 0.517 0.4683333333333333 0.0215 0.03966666666666667 
0 0.76775 0.335 0.0175 0.034333333333333334 
0 0.10175 0.2866666666666667 0.028 0.030333333333333334 
0 0.1135 0.201 0.029 0.043 
0 0.459 0.435 0.02225 0.049666666666666665 
0 0.73525 0.4543333333333333 0.022 0.047 
0 0.74625 0.36566666666666664 0.0275 0.04833333333333333 
0 0.0755 0.536 0.0225 0.04933333333333333 
0 0.50825 0.153 0.02275 0.05373333333333335 
0 0.226 0.24966666666666668 0.03 0.025333333333333333 
0 0.24425 0.4003333333333333 0.01875 0.03233333333333333 
0 0.336 0.42933333333333334 0.02475 0.043333333333333335 
0 0.15475 0.5863333333333334 0.02125 0.024333333333333332 
0 0.3195 0.4676666666666667 0.01425 0.04666666666666667 
0 0.47575 0.291 0.03075 0.034 
0 0.676 0.48533333333333334 0.0185 0.034333333333333334 
0 0.70325 0.25 0.02175 0.044 
0 0.366 0.6736666666666666 0.01875 0.02666666666666667 
0 0.423 0.38466666666666666 0.017 0.038 
0 0.7365 0.5556666666666666 0.02975 0.03966666666666667 
0 0.634125 0.2912133333333333 0.018125 0.05445333333333334 
0 0.29275 0.22233333333333333 0.026 0.024 
0 0.538 0.2683333333333333 0.0265 0.044333333333333336 
0 0.7455 0.4666666666666667 0.0235 0.04833333333333333 
0 0.21475 0.261 0.018 0.041666666666666664 
0 0.65975 0.47633333333333333 0.021 0.04633333333333333 
0 0.674 0.5086666666666667 0.024 0.029 
0 0.255 0.383 0.0386875 0.03510666666666665 
0 0.05325 0.5666666666666667 0.02875 0.03 
0 0.1325 0.514 0.026 0.039 
0 0.56825 0.532 0.0185 0.052 
0 0.5445 0.4216666666666667 0.03475 0.03133333333333333 
0 0.195 0.5316666666666666 0.017 0.04833333333333333 
0 0.33275 0.498 0.021 0.03766666666666667 
0 0.077 0.2886666666666667 0.0255 0.03833333333333333 
0 0.536 0.558 0.021 0.019 
0 0.167 0.5406666666666666 0.0135 0.04833333333333333 
0 0.72025 0.28733333333333333 0.0325 0.04 
0 0.72125 0.49366666666666664 0.0175 0.044 
0 0.30775 0.5503333333333333 0.0155 0.041666666666666664 
0 0.5645 0.4886666666666667 0.01875 0.051666666666666666 
0 0.018 0.4836666666666667 0.02925 0.051776666666666644 
0 0.54975 0.169 0.024 0.05433333333333333 
0 0.09 0.21766666666666667 0.02325 0.044 
0 0.28575 0.286 0.02025 0.05266666666666667 
0 0.55125 0.449 0.01925 0.052 
0 0.2 0.19466666666666665 0.03375 0.029666666666666668 
0 0.6425 0.5176666666666667 0.02025 0.04 
0 0.35075 0.469 0.014 0.03133333333333333 
0 0.648 0.538 0.03 0.04033333333333333 
0 0.56375 0.20866666666666667 0.016 0.042 
0 0.52675 0.37333333333333335 0.025 0.049666666666666665 
0 0.502 0.5706666666666667 0.0295 0.03266666666666666 
0 0.239 0.498 0.013 0.045 
0 0.5305 0.17433333333333334 0.029 0.042333333333333334 
0 0.45025 0.3973333333333333 0.016 0.04133333333333333 
0 0.6765 0.2936666666666667 0.031 0.030333333333333334 
0 0.2615 0.176 0.03075 0.035666666666666666 
0 0.17425 0.36233333333333334 0.02325 0.050333333333333334 
0 0.34375 0.2723333333333333 0.0225 0.05566666666666667 
0 0.4525 0.16233333333333333 0.01525 0.05366666666666667 
0 0.19775 0.4493333333333333 0.03325 0.029333333333333333 
0 0.566 0.448 0.021 0.04566666666666667 
0 0.3315 0.4673333333333333 0.02175 0.04533333333333334 
0 0.08625 0.5096666666666667 0.0255 0.026 
0 0.18625 0.405 0.01475 0.028333333333333332 
0 0.165 0.307 0.033 0.028666666666666667 
0 0.67125 0.396 0.02425 0.05366666666666667 
0 0.39325 0.37266666666666665 0.0185 0.05333333333333334 
0 0.662 0.5753333333333334 0.021 0.04133333333333333 
0 0.2555 0.5243333333333333 0.01825 0.039 
0 0.68925 0.5046666666666667 0.028 0.041 
0 0.45475 0.32466666666666666 0.03175 0.023333333333333334 
0 0.030082499999999998 0.3712166666666667 0.0276675 0.048783333333333304 
0 0.05925 0.4676666666666667 0.031 0.043 
0 0.28525 0.261 0.02925 0.028 
0 0.52 0.172 0.01775 0.046 
0 0.1885 0.279 0.02825 0.04133333333333333 
0 0.17175 0.167 0.0295 0.04 
0 0.57475 0.416 0.02375 0.039 
0 0.65875 0.4033333333333333 0.023 0.04566666666666667 
0 0.6795 0.285 0.02075 0.014666666666666666 
0 0.41075 0.215 0.02925 0.034333333333333334 
0 0.628 0.3416666666666667 0.02 0.04733333333333333 
0 0.71125 0.5923333333333334 0.025 0.03266666666666666 
0 0.71075 0.23 0.0315 0.02666666666666667 
0 0.75575 0.5696666666666667 0.02325 0.043333333333333335 
0 0.622 0.4563333333333333 0.021 0.04766666666666667 
0 0.658 0.559 0.02225 0.027666666666666666 
0 0.21325 0.2996666666666667 0.02225 0.035666666666666666 
0 0.23125 0.356 0.02375 0.03766666666666667 
0 0.148 0.378 0.03125 0.03233333333333333 
0 0.40375 0.37333333333333335 0.02675 0.059333333333333335 
0 0.264 0.23733333333333334 0.02825 0.02 
0 0.57875 0.352 0.022 0.05333333333333334 
0 0.602 0.17933333333333334 0.01625 0.05266666666666667 
0 0.67375 0.35 0.018 0.05 
0 0.1585 0.25733333333333336 0.024 0.043 
0 0.6925 0.3363333333333333 0.01425 0.04733333333333333 
0 0.26175 0.25366666666666665 0.029 0.017333333333333333 
0 0.705 0.3293333333333333 0.02625 0.025333333333333333 
0 0.70725 0.354 0.021 0.03833333333333333 
0 0.184 0.207 0.02475 0.037333333333333336 
0 0.52125 0.5143333333333333 0.018 0.03233333333333333 
0 0.08225 0.5803333333333334 0.0295 0.027333333333333334 
0 0.0615 0.2713333333333333 0.018 0.035333333333333335 
0 0.4175 0.24733333333333332 0.02025 0.042666666666666665 
0 0.4275 0.4876666666666667 0.01825 0.05733333333333333 
0 0.54375 0.2936666666666667 0.0205 0.05366666666666667 
0 0.0135 0.32566666666666666 0.01975 0.04466666666666667 
0 0.50575 0.5566666666666666 0.02875 0.018 
0 0.69375 0.452 0.015 0.062 
0 0.045 0.26566666666666666 0.017 0.043333333333333335 
0 0.29 0.243 0.018 0.02033333333333333 
0 0.50825 0.483 0.01925 0.04566666666666667 
0 0.57125 0.289 0.01375 0.024 
0 0.3135 0.228 0.03825 0.020666666666666667 
0 0.49675 0.19166666666666668 0.01625 0.033666666666666664 
0 0.561 0.30466666666666664 0.02175 0.029666666666666668 
0 0.475625 0.221 0.026875 0.05021666666666666 
0 0.25575 0.267 0.01725 0.04 
0 0.4585 0.534 0.01925 0.04666666666666667 
0 -0.0014175 0.22655999999999998 0.0115 0.03582333333333334 
0 8.25e-05 0.2598833333333333 0.02075 0.028326666666666674 
0 -0.0006675 0.21456333333333336 0.025 0.014329999999999964 
0 0.0210825 0.2213933333333333 0.020625000000000004 0.05248666666666668 
0 0.0304575 0.2213933333333333 0.039625 0.05215333333333334 
0 0.0340825 0.2243933333333333 0.03812499999999999 0.054320000000000014 
0 0.06920749999999999 0.20273333333333335 0.023 0.054316666666666645 
0 0.0743325 0.24572 0.034125 0.05548666666666668 
0 0.10183249999999999 0.2372233333333333 0.0225 0.05498666666666668 
0 0.0187075 0.27305999999999997 0.018250000000000002 0.060650000000000016 
0 -0.00041749999999999996 0.2767233333333333 0.021375 0.03199333333333334 
0 -0.0005425 0.30771666666666664 0.025 0.04215333333333331 
0 0.0312075 0.30921666666666664 0.028125000000000004 0.05181999999999998 
0 0.0359575 0.28805333333333333 0.025875 0.05098666666666668 
0 0.0560825 0.29272 0.023624999999999993 0.06531666666666665 
0 0.06895749999999999 0.30271666666666663 0.019 0.055653333333333305 
0 0.08670749999999999 0.31921333333333335 0.018125 0.05731666666666664 
0 0.0515825 0.33737333333333336 0.034249999999999996 0.05365333333333331 
0 -0.00041749999999999996 0.29872 0.0175 0.02849000000000001 
0 0.0272075 0.33404333333333336 0.024750000000000005 0.04498666666666664 
0 0.0479575 0.36072000000000004 0.03549999999999999 0.049819999999999934 
0 0.0054575 0.35522000000000004 0.036625 0.059486666666666604 
0 -0.0005425 0.37705000000000005 0.035875 0.0414866666666666 
0 0.0029575 0.41253999999999996 0.040125 0.021660000000000006 
0 8.25e-05 0.3495566666666667 0.010375 0.034323333333333345 
0 0.0932075 0.37738333333333335 0.0335 0.04831999999999994 
0 0.0914175 0.41803999999999997 0.0354975 0.05369000000000006 
0 0.1213325 0.3728866666666667 0.016500000000000015 0.05331999999999994 
0 0.09958249999999999 0.31140333333333337 0.019375 0.06848000000000001 
0 0.1119575 0.30857 0.016125000000000014 0.06498333333333335 
0 0.1248325 0.31756666666666666 0.018250000000000013 0.05765333333333335 
0 0.1385825 0.3224 0.019375 0.05548666666666668 
0 0.15045750000000002 0.31756666666666666 0.0175 0.06331666666666669 
0 0.1357075 0.37555333333333335 0.024875 0.052986666666666606 
0 0.1334575 0.40288 0.03475 0.0386566666666666 
0 0.1619575 0.31323666666666666 0.01925 0.07031333333333335 
0 0.1133325 0.24656333333333336 0.033125000000000016 0.04681999999999997 
0 0.1234575 0.2265666666666667 0.024875000000000015 0.05548666666666664 
0 0.13608250000000002 0.21357 0.021 0.06448333333333331 
0 0.14170750000000001 0.20657333333333333 0.025625 0.05248666666666664 
0 0.1724575 0.20924 0.0195 0.05631666666666665 
0 0.1520825 0.23923000000000003 0.024375 0.05048666666666664 
0 0.1238325 0.2798866666666667 0.032375000000000015 0.045986666666666676 
0 0.13008250000000002 0.29905 0.036875 0.02849000000000001 
0 0.1722075 0.24989333333333333 0.0245 0.06265000000000001 
0 0.159355 0.29369666666666666 0.0145 0.013413333333333336 
0 0.1904575 0.23624 0.0195 0.05131666666666664 
0 0.2078325 0.24973333333333333 0.01775 0.0289933333333333 
0 0.2040825 0.21574333333333334 0.03975 0.03316000000000001 
0 0.20670750000000002 0.30538666666666664 0.016125 0.061149999999999975 
0 0.1949575 0.31755 0.023875 0.06531666666666665 
0 0.22883250000000002 0.2723966666666667 0.0225 0.05981666666666664 
0 0.2408325 0.2713966666666667 0.023624999999999972 0.05631666666666665 
0 0.2174575 0.32205 0.026125 0.047653333333333305 
0 0.23570750000000001 0.32988 0.02187499999999997 0.05265333333333331 
0 0.22733250000000002 0.18708 0.033374999999999974 0.03832333333333334 
0 0.2333325 0.20807333333333333 0.01775 0.026993333333333338 
0 0.246105 0.21845333333333333 0.019875000000000028 0.022663333333333337 
0 0.211375 0.23428333333333334 0.0455625 0.027660000000000007 
0 0.2601875 0.19362333333333334 0.0355625 0.04357000000000001 
0 0.2581875 0.20853333333333335 0.031625 0.03399333333333334 
0 0.2511875 0.25619000000000003 0.0145625 0.0212433333333333 
0 0.263375 0.26404333333333335 0.0225 0.05898666666666668 
0 0.284375 0.16940333333333332 0.02175 0.04248666666666666 
0 0.291125 0.16074000000000002 0.03325 0.05131666666666664 
0 0.28625 0.20822333333333332 0.044875 0.023330000000000004 
0 0.328 0.18023333333333336 0.020875 0.05498333333333331 
0 0.346 0.17590000000000003 0.016875 0.049819999999999975 
0 0.351375 0.21105666666666664 0.019375 0.05548666666666668 
0 0.31575 0.2428833333333333 0.03725 0.027323333333333342 
0 0.29175 0.24554666666666666 0.036375 0.02799333333333334 
0 0.334375 0.26587666666666665 0.015375 0.05115333333333334 
0 0.29875 0.2715533333333333 0.02225 0.06948000000000001 
0 0.3175 0.2685533333333333 0.019 0.054320000000000014 
0 0.35575 0.2738833333333333 0.02575 0.06281666666666669 
0 0.342 0.24489333333333332 0.04425 0.03749000000000001 
0 0.36525 0.20790333333333336 0.017125 0.047653333333333305 
0 0.374625 0.18840666666666667 0.022 0.056819999999999975 
0 0.379875 0.18057666666666666 0.025125 0.045986666666666676 
0 0.390375 0.16508 0.024125 0.054820000000000015 
0 0.379 0.24372666666666665 0.0265 0.06948000000000001 
0 0.392125 0.2248966666666667 0.016375 0.061649999999999976 
0 0.40125 0.2199 0.020997500000000002 0.06681333333333331 
0 0.385 0.2743833333333333 0.03275 0.06748333333333331 
0 0.369125 0.2903966666666667 0.026625 0.06598333333333335 
0 0.387375 0.28673000000000004 0.040875 0.06398333333333335 
0 0.41275 0.30939 0.021 0.06464999999999997 
0 0.425625 0.28706333333333334 0.018875 0.06165000000000002 
0 0.439875 0.27973333333333333 0.018372500000000003 0.06048333333333331 
0 0.4295 0.33172 0.028247500000000002 0.05664999999999998 
0 0.365375 0.34788 0.031125 0.0494866666666666 
0 0.35425 0.3570466666666667 0.01825 0.04465333333333327 
0 0.1985 0.37888000000000005 0.025625 0.05531999999999994 
0 0.211625 0.37355000000000005 0.01875 0.05564999999999994 
0 0.22075 0.36555333333333334 0.03075 0.055983333333333274 
0 0.2245 0.39154333333333335 0.02675 0.05065333333333327 
0 0.2495 0.4118733333333333 0.0255 0.03699000000000001 
0 0.25 0.31156666666666666 0.01975 0.07064666666666669 
0 0.26525 0.30573333333333336 0.02525 0.06231666666666668 
0 0.2665 0.3412233333333333 0.023 0.052486666666666716 
0 0.284625 0.3293933333333333 0.018375 0.06281666666666672 
0 0.28075 0.47376 0.02 0.04965333333333335 
0 0.2915 0.49108999999999997 0.0165 0.046320000000000014 
0 0.307125 0.5190433333333334 0.022625 0.04715333333333327 
0 0.352875 0.45238333333333336 0.00775 0.02099666666666667 
0 0.358875 0.42589000000000005 0.016625 0.05248666666666668 
0 0.37125 0.44605333333333336 0.016 0.051819999999999936 
0 0.36175 0.4765433333333334 0.017625 0.0559866666666666 
0 0.3815 0.46138333333333337 0.027 0.04631999999999994 
0 0.386125 0.43672333333333335 0.023875 0.05831666666666661 
0 0.39325 0.42506000000000005 0.024625 0.05681666666666668 
0 0.415375 0.4162266666666667 0.021625 0.055820000000000015 
0 0.432875 0.4103966666666667 0.031375 0.05731666666666668 
0 0.4395 0.35874333333333336 0.021375 0.05465000000000002 
0 0.37275 0.4883766666666667 0.023 0.05298333333333327 
0 0.435875 0.45072 0.020125 0.0404866666666666 
0 0.466125 0.38357 0.015622500000000003 0.05115333333333334 
0 0.471875 0.34523000000000004 0.02375 0.061986666666666676 
0 0.486625 0.31640666666666667 0.03425 0.034323333333333345 
0 0.528625 0.3204033333333333 0.019875 0.06498333333333335 
0 0.519375 0.3878866666666667 0.023625 0.0494866666666666 
0 0.514625 0.4300433333333334 0.033875 0.02798999999999993 
0 0.4785 0.41921 0.02075 0.04832333333333327 
0 0.399 0.14049 0.02925 0.05131999999999998 
0 0.4125 0.17324333333333333 0.03325 0.04099000000000001 
0 0.42125 0.18224 0.03825 0.04032333333333334 
0 0.43775 0.19157000000000002 0.01775 0.03232666666666667 
0 0.43825 0.21423333333333336 0.039 0.04331999999999998 
0 0.4665 0.15891333333333332 0.02 0.05631666666666668 
0 0.485125 0.15158 0.019875 0.05098666666666668 
0 0.498875 0.1799066666666667 0.011125 0.016663333333333336 
0 0.457875 0.2298933333333333 0.02025 0.054320000000000014 
0 0.45725 0.28138 0.02375 0.04449000000000001 
0 0.492125 0.25788666666666665 0.017875 0.046653333333333345 
0 0.49975 0.26821666666666666 0.0245 0.05165333333333334 
0 0.5005 0.21589666666666668 0.01825 0.022329999999999964 
0 0.51025 0.20290000000000002 0.03375 0.042823333333333304 
0 0.572375 0.17374 0.018625 0.056653333333333306 
0 0.585625 0.17174333333333333 0.01825 0.04965333333333335 
0 0.58025 0.15474666666666667 0.03975 0.03049000000000001 
0 0.539625 0.22922666666666666 0.022625 0.03982333333333334 
0 0.543125 0.20390000000000003 0.02425 0.05381999999999997 
0 0.52225 0.24439 0.025625 0.06398333333333335 
0 0.51025 0.22672666666666666 0.026 0.04099000000000001 
0 0.5015 0.23072666666666666 0.025 0.04298666666666668 
0 0.5795 0.21756666666666669 0.020625 0.05181666666666664 
0 0.561625 0.24572333333333332 0.0225 0.05882000000000001 
0 0.6165 0.16641333333333333 0.019625 0.05598333333333335 
0 0.613875 0.19373666666666667 0.0325 0.07597999999999998 
0 0.622375 0.2109 0.02475 0.055153333333333304 
0 0.636375 0.2179 0.022 0.060816666666666644 
0 0.654125 0.20390333333333335 0.029375 0.040819999999999974 
0 0.651125 0.22173 0.029875 0.05648666666666664 
0 0.661875 0.22673000000000001 0.027625 0.05698333333333331 
0 0.63725 0.2783833333333333 0.038625 0.03499000000000001 
0 0.65375 0.27605 0.030875 0.03449000000000001 
0 0.6585 0.31154 0.036875 0.03898999999999997 
0 0.651125 0.31487333333333334 0.031875 0.04115666666666664 
0 0.564125 0.31421333333333334 0.019375 0.05215333333333331 
0 0.581125 0.2957166666666667 0.015625 0.06148666666666664 
0 0.592875 0.30704666666666663 0.017875 0.056653333333333306 
0 0.6085 0.31004666666666664 0.015125 0.05381999999999997 
0 0.6215 0.2987166666666667 0.0165 0.07098333333333331 
0 0.59975 0.3630466666666667 0.019875 0.06298333333333327 
0 0.612125 0.37221333333333334 0.021125 0.06897999999999994 
0 0.562875 0.38239 0.030125 0.04182000000000001 
0 0.58025 0.4027166666666667 0.021 0.026326666666666672 
0 0.59475 0.41238 0.02725 0.058819999999999935 
0 0.62925 0.39055333333333336 0.029 0.023326666666666673 
0 0.684375 0.20890666666666668 0.0235 0.05381999999999997 
0 0.69275 0.23373333333333335 0.020625 0.056319999999999974 
0 0.7105 0.25506333333333336 0.026875 0.048819999999999975 
0 0.687375 0.29839333333333334 0.04625 0.03682333333333334 
0 0.72575 0.30206 0.031 0.042486666666666714 
0 0.73075 0.30989 0.035625 0.04848666666666672 
0 0.743375 0.32988666666666666 0.030125 0.04331999999999998 
0 0.7155 0.3512133333333334 0.034375 0.0311566666666666 
0 0.687375 0.3683733333333333 0.0245 0.053986666666666676 
0 0.727625 0.37271333333333334 0.0215 0.044986666666666605 
0 0.714625 0.3903733333333333 0.02275 0.042656666666666676 
0 0.75375 0.37638000000000005 0.026625 0.05248333333333327 
0 0.640125 0.4308866666666667 0.02 0.06198333333333327 
0 0.61075 0.47154333333333337 0.010125 0.025993333333333264 
0 0.603125 0.4942033333333333 0.04175 0.025160000000000005 
0 0.70975 0.42877 0.021 0.05065333333333335 
0 0.7679975 0.48309 0.0205 0.04832000000000001 
0 0.706 0.51508 0.0205 0.047653333333333346 
0 0.694875 0.53904 0.025625 0.04215333333333335 
0 0.6695 0.53053 0.013 0.03232333333333334 
0 0.678875 0.5475266666666666 0.010625 0.04348666666666668 
0 0.687625 0.5446933333333334 0.01775 0.047153333333333346 
0 0.7001875 0.57311 0.0165 0.030656666666666676 
0 0.7164375 0.5624433333333333 0.0296875 0.04998666666666668 
0 0.635875 0.52607 0.0155 0.04832000000000001 
0 0.628875 0.4967433333333333 0.03275 0.03082333333333334 
0 0.599375 0.51607 0.025125 0.04099000000000001 
0 0.580875 0.5269 0.027375 0.05832000000000001 
0 0.601375 0.5357333333333334 0.02475 0.05165333333333334 
0 0.585625 0.55906 0.02175 0.03682333333333334 
0 0.5455 0.4849 0.019625 0.04865333333333335 
0 0.534125 0.49373 0.018875 0.05065333333333335 
0 0.48025 0.49623 0.023 0.04748666666666668 
0 0.48375 0.54255 0.02725 0.04498999999999993 
0 0.47025 0.5522166666666667 0.017 0.05281666666666661 
0 0.4865 0.5812066666666666 0.0315 0.03266000000000001 
0 0.48275 0.5897066666666666 0.01975 0.03165666666666667 
0 0.467875 0.4815666666666667 0.0155 0.04532000000000001 
0 0.453875 0.4799 0.01675 0.057983333333333345 
0 0.441625 0.4903966666666667 0.016875 0.05681666666666668 
0 0.41575 0.5132233333333334 0.019875 0.054320000000000014 
0 0.403125 0.5250533333333334 0.0215 0.04681999999999994 
0 0.384375 0.5170566666666667 0.02825 0.057483333333333275 
0 0.370375 0.5575466666666667 0.019875 0.042819999999999935 
0 0.35925 0.5325500000000001 0.02575 0.03432666666666667 
0 0.352625 0.5465466666666667 0.01375 0.028826666666666598 
0 0.341875 0.5465466666666667 0.013125 0.030993333333333265 
0 0.32025 0.5307200000000001 0.023125 0.04681999999999994 
0 0.292875 0.5350066666666666 0.020375 0.053486666666666675 
0 0.271875 0.5253433333333333 0.025125 0.05731666666666668 
0 0.27125 0.5729966666666667 0.028875 0.03915666666666667 
0 0.2615 0.5370066666666666 0.018 0.07231333333333335 
0 0.2965 0.5889933333333334 0.031 0.02899333333333334 
0 0.241625 0.54367 0.02275 0.05832000000000001 
0 0.23025 0.5268433333333333 0.0145 0.030656666666666676 
0 0.24925 0.49601666666666666 0.020125 0.04932000000000001 
0 0.226125 0.54867 0.032625 0.04532000000000001 
0 0.224875 0.59066 0.036 0.01999333333333334 
0 0.20675 0.5631666666666667 0.0165 0.034323333333333345 
0 0.211875 0.5206766666666667 0.017875 0.054820000000000015 
0 0.18025 0.5170133333333333 0.02375 0.04832000000000001 
0 0.174875 0.48867666666666665 0.019125 0.05115333333333334 
0 0.160375 0.48567666666666665 0.0185 0.05932000000000001 
0 0.146125 0.49501 0.022125 0.04932000000000001 
0 0.16875 0.5833200000000001 0.021125 0.030656666666666676 
0 0.148125 0.5803200000000001 0.02175 0.023826666666666673 
0 0.12125 0.5335 0.02025 0.04948666666666668 
0 0.22175 0.48684333333333335 0.019875 0.04682333333333334 
0 0.0955025 0.5456633333333334 0.0272475 0.05165333333333334 
0 0.0847525 0.5346633333333334 0.01875 0.019663333333333335 
0 0.046502499999999995 0.5047833333333333 0.028875 0.06131666666666668 
0 0.0430025 0.5231133333333333 0.02425 0.05331666666666668 
0 0.0022949999999999997 0.48145666666666664 0.0276225 0.05115333333333334 
0 -8e-05 0.51878 0.00575 0.03249000000000001 
0 0.047167499999999994 0.4841233333333333 0.036375000000000005 0.05182000000000001 
0 0.070085 0.6782033333333333 0.0245 0.033990000000000006 
0 0.0435875 0.7995266666666666 0.039830000000000004 0.023243333333333338 
0 -0.0002075 0.4414533333333333 0.00675 0.026326666666666672 
0 -0.0003325 0.46094999999999997 0.009625 0.024660000000000005 
0 0.5880850000000001 0.7149033333333333 0.0215 0.018993333333333338 
0 0.25949500000000003 0.8378533333333333 0.029 0.03532666666666667 
