0 0.5857090643274854 0.6367872807017544 0.021198830409356724 0.027412280701754384 
0 0.32763523391812865 0.5956688596491229 0.026896929824561416 0.03266721491228072 
0 0.7214912280701754 0.6170504385964912 0.02448830409356725 0.023848684210526317 
0 0.75 0.5013706140350878 0.017726608187134504 0.023026315789473683 
0 0.2412280701754386 0.4857456140350877 0.02138157894736842 0.0248876096491228 
0 0.42489035087719296 0.5575657894736842 0.019736842105263157 0.03974780701754386 
0 0.7139985380116959 0.44435307017543857 0.009868421052631578 0.02055921052631579 
0 0.6401681286549707 0.4583333333333333 0.02101608187134503 0.016721491228070175 
0 0.7898391812865497 0.4403481359649123 0.02076754385964918 0.02100054824561401 
0 0.7796052631578947 0.4251644736842105 0.01206140350877193 0.022203947368421052 
0 0.6434576023391813 0.5674342105263158 0.02412280701754386 0.0268640350877193 
0 0.4014985380116959 0.44243421052631576 0.011513157894736841 0.025219298245614034 
0 0.6200657894736842 0.5841557017543859 0.01644736842105263 0.0381030701754386 
0 0.6151315789473685 0.44243421052631576 0.010782163742690058 0.02275219298245614 
0 0.45266812865497075 0.5545504385964912 0.010416666666666666 0.023026315789473683 
0 0.7419590643274854 0.5189144736842105 0.014071637426900584 0.02987938596491228 
0 0.5317982456140351 0.6055372807017544 0.02540204678362573 0.02631578947368421 
0 0.7525584795321637 0.5296052631578947 0.015899122807017545 0.029331140350877194 
0 0.5975877192982456 0.5646929824561403 0.01663011695906433 0.02631578947368421 
0 0.30665204678362573 0.4199561403508772 0.020650584795321638 0.01617324561403509 
0 0.6136695906432749 0.4270833333333333 0.011695906432748537 0.01617324561403509 
0 0.5855263157894737 0.45230263157894735 0.010964912280701754 0.025219298245614034 
0 0.7256944444444444 0.4876644736842105 0.015899122807017545 0.023300438596491228 
0 0.29002192982456143 0.4951041666666667 0.019013157894736836 0.030937499999999972 
0 0.26553362573099415 0.5463267543859649 0.012975146198830409 0.03125 
0 0.7447002923976608 0.5677083333333334 0.014619883040935672 0.023848684210526317 
0 0.766264619883041 0.5773026315789473 0.011695906432748537 0.024671052631578948 
0 0.23410087719298245 0.5531798245614035 0.017909356725146198 0.04029605263157895 
0 0.23812134502923976 0.4753289473684211 0.01516812865497076 0.01781798245614035 
0 0.54203216374269 0.43667763157894735 0.012975146198830409 0.017543859649122806 
0 0.6204312865497076 0.5604577850877193 0.015716374269005847 0.026165021929824575 
0 0.7165570175438597 0.46573464912280704 0.026158625730994128 0.022168311403508743 
0 0.6103801169590644 0.4654605263157895 0.022478070175438597 0.01343201754385965 
0 0.3826754385964912 0.5849780701754386 0.02320906432748538 0.015625 
0 0.36570723684210527 0.45915570175438597 0.023117690058479533 0.016321271929824552 
0 0.7785087719298246 0.4452631578947368 0.016915204678362647 0.017730263157894756 
0 0.6027046783625731 0.4361293859649123 0.011695906432748537 0.015899122807017545 
0 0.1118421052631579 0.5386513157894737 0.03070175438596491 0.02055921052631579 
0 0.756578947368421 0.5762061403508771 0.011513157894736841 0.023848684210526317 
0 0.5836988304093568 0.5032894736842105 0.012244152046783625 0.022478070175438597 
0 0.20443347953216376 0.5436979166666667 0.03202668128654971 0.015690789473684214 
0 0.6924342105263158 0.5759320175438597 0.026133040935672515 0.02055921052631579 
0 0.6927997076023392 0.44243421052631576 0.015899122807017545 0.01699561403508772 
0 0.7540204678362573 0.4133771929824561 0.012426900584795321 0.015350877192982455 
0 0.3059210526315789 0.4786184210526316 0.01425438596491228 0.02055921052631579 
0 0.6710526315789473 0.596765350877193 0.02046783625730994 0.029605263157894735 
0 0.6038011695906432 0.4506578947368421 0.012609649122807017 0.01918859649122807 
0 0.2713815789473684 0.48163377192982454 0.01114766081871345 0.022478070175438597 
0 0.6293859649122807 0.4380482456140351 0.01023391812865497 0.018914473684210526 
0 0.29740679824561406 0.5466968201754385 0.01947916666666665 0.03279879385964915 
0 0.4904970760233918 0.5120614035087719 0.011513157894736841 0.027412280701754384 
0 0.31505847953216376 0.4331140350877193 0.01882309941520468 0.015625 
0 0.7682693713450293 0.4206003289473684 0.011153143274853755 0.013336074561403533 
0 0.75 0.4492872807017544 0.009137426900584795 0.02768640350877193 
0 0.05829678362573099 0.5592105263157895 0.023940058479532164 0.03892543859649123 
0 0.4596125730994152 0.46573464912280704 0.024671052631578948 0.018914473684210526 
0 0.4513888888888889 0.5770285087719298 0.012975146198830409 0.02768640350877193 
0 0.5131578947368421 0.5611293859649122 0.023940058479532164 0.023300438596491228 
0 0.778874269005848 0.46271929824561403 0.012609649122807017 0.022478070175438597 
0 0.4296418128654971 0.4492872807017544 0.011878654970760233 0.021929824561403508 
0 0.6061769005847953 0.596828399122807 0.015533625730994151 0.020222039473684207 
0 0.49122807017543857 0.5729166666666666 0.030884502923976608 0.01617324561403509 
0 0.5469663742690059 0.46984649122807015 0.018092105263157895 0.020285087719298246 
0 0.4954312865497076 0.6049890350877193 0.020650584795321638 0.029331140350877194 
0 0.6708698830409356 0.46600877192982454 0.012426900584795321 0.023848684210526317 
0 0.3567251461988304 0.7066885964912281 0.014802631578947368 0.019462719298245616 
0 0.6567982456140351 0.6033442982456141 0.015899122807017545 0.03536184210526316 
0 0.6383406432748538 0.5953947368421053 0.016264619883040937 0.03453947368421053 
0 0.6895102339181286 0.537828947368421 0.0133406432748538 0.019462719298245616 
0 0.7883771929824561 0.4610745614035088 0.01206140350877193 0.021107456140350877 
0 0.762609649122807 0.46381578947368424 0.013640350877193043 0.023574561403508772 
0 0.36970029239766083 0.4342105263157895 0.01882309941520468 0.018092105263157895 
0 0.5584795321637427 0.5512609649122807 0.013706140350877192 0.02768640350877193 
0 0.714546783625731 0.6175986842105263 0.014802631578947368 0.025767543859649123 
0 0.6867690058479532 0.600328947368421 0.01644736842105263 0.025767543859649123 
0 0.3368055555555556 0.4909539473684211 0.011513157894736841 0.02412280701754386 
0 0.5480628654970761 0.5008223684210527 0.013888888888888888 0.0268640350877193 
0 0.6423611111111112 0.5531798245614035 0.017361111111111112 0.01836622807017544 
0 0.4100877192982456 0.5553728070175439 0.014437134502923976 0.02631578947368421 
0 0.7333698830409356 0.569078947368421 0.015533625730994151 0.017543859649122806 
0 0.6862207602339181 0.5712719298245614 0.010782163742690058 0.016721491228070175 
0 0.05116959064327485 0.5899122807017544 0.025219298245614034 0.02850877192982456 
0 0.6957236842105263 0.45531798245614036 0.015716374269005847 0.01699561403508772 
0 0.4382309941520468 0.42489035087719296 0.011878654970760233 0.020833333333333332 
0 0.5469663742690059 0.4298245614035088 0.02320906432748538 0.018092105263157895 
0 0.6233552631578947 0.44051535087719296 0.012244152046783625 0.02055921052631579 
0 0.4610745614035088 0.6025219298245614 0.01827485380116959 0.03919956140350877 
0 0.5299707602339181 0.5460526315789473 0.014619883040935672 0.023300438596491228 
0 0.5433114035087719 0.4520093201754386 0.029239766081871343 0.013840460526315792 
0 0.4552266081871345 0.4290021929824561 0.013523391812865496 0.016721491228070175 
0 0.8362573099415205 0.5808662280701754 0.016812865497076022 0.018914473684210526 
0 0.4826388888888889 0.4380482456140351 0.021564327485380116 0.013706140350877192 
0 0.5942982456140351 0.5271381578947368 0.0222953216374269 0.01425438596491228 
0 0.660453216374269 0.4487390350877193 0.014802631578947368 0.020833333333333332 
0 0.20029239766081872 0.6099232456140351 0.017361111111111112 0.03234649122807018 
0 0.2764985380116959 0.4994517543859649 0.016812865497076022 0.02275219298245614 
0 0.4413377192982456 0.5413925438596491 0.021198830409356724 0.015350877192982455 
0 0.3252923976608187 0.4849671052631579 0.012244152046783625 0.025997807017543836 
0 0.722953216374269 0.5789473684210527 0.02010233918128655 0.01864035087719298 
0 0.581140350877193 0.4185855263157895 0.017726608187134504 0.014802631578947368 
0 0.3262061403508772 0.5104166666666666 0.021747076023391813 0.010142543859649123 
0 0.2274141081871345 0.5430372807017544 0.027885599415204663 0.020833333333333332 
0 0.7293494152046783 0.5309758771929824 0.021198830409356724 0.026041666666666668 
0 0.6988304093567251 0.5317982456140351 0.009685672514619883 0.01781798245614035 
0 0.33497807017543857 0.4232456140350877 0.0133406432748538 0.017269736842105265 
0 0.4064327485380117 0.5855263157894737 0.018457602339181287 0.03262061403508772 
0 0.2567616959064328 0.5921052631578947 0.017909356725146198 0.03179824561403509 
0 0.30701754385964913 0.43530701754385964 0.015350877192982455 0.02275219298245614 
0 0.18110380116959066 0.5668859649122807 0.01827485380116959 0.027138157894736843 
0 0.6796418128654971 0.4947916666666667 0.018457602339181287 0.01918859649122807 
0 0.3470394736842105 0.43832236842105265 0.023026315789473683 0.011513157894736841 
0 0.39053362573099415 0.4076206140350877 0.01917214912280699 0.01425438596491228 
0 0.9815423976608187 0.7576754385964912 0.017726608187134504 0.01425438596491228 
0 0.13450292397660818 0.5984100877192983 0.027046783625730993 0.023026315789473683 
0 0.2496345029239766 0.5443174342105264 0.015380116959064343 0.03791940789473682 
0 0.6988304093567251 0.43393640350877194 0.01699561403508772 0.01206140350877193 
0 0.16831140350877194 0.5422149122807017 0.0360014619883041 0.01644736842105263 
0 0.21162280701754385 0.5899122807017544 0.0133406432748538 0.03700657894736842 
0 0.7191154970760234 0.4141995614035088 0.012244152046783625 0.02138157894736842 
0 0.6741593567251462 0.44216008771929827 0.02412280701754386 0.01343201754385965 
0 0.5219298245614035 0.4166666666666667 0.014802631578947368 0.014528508771929825 
0 0.025767543859649123 0.59375 0.03307748538011696 0.019736842105263157 
0 0.37627923976608185 0.5668859649122807 0.019371345029239765 0.029331140350877194 
0 0.33132309941520466 0.5638706140350878 0.03435672514619883 0.01699561403508772 
0 0.727156432748538 0.5553728070175439 0.019554093567251463 0.015899122807017545 
0 0.26882309941520466 0.5934758771929824 0.021747076023391813 0.020285087719298246 
0 0.2233187134502924 0.5932017543859649 0.015533625730994151 0.029605263157894735 
0 0.38651315789473684 0.40021929824561403 0.018092105263157895 0.009868421052631578 
0 0.13617872807017542 0.5328974780701754 0.01644736842105263 0.026307565789473693 
0 0.14878837719298244 0.5215241228070175 0.021562500000000002 0.03274945175438597 
0 0.1498848684210526 0.5281003289473685 0.0066703216374269 0.008495065789473687 
0 0.16139802631578948 0.5165899122807017 0.018273026315789476 0.03041940789473685 
0 0.17802631578947367 0.5228947368421053 0.01836622807017546 0.014797149122807022 
0 0.18678362573099416 0.5076151315789473 0.013020833333333313 0.015139802631578953 
0 0.16576754385964912 0.5350877192982456 0.027320906432748517 0.015827850877192986 
0 0.18340277777777778 0.5252905701754386 0.02494517543859647 0.013771929824561406 
0 0.1997277046783626 0.50546875 0.012244152046783625 0.019183114035087726 
0 0.18963084795321639 0.5174588815789474 0.024716739766081873 0.013220942982456145 
0 0.18858004385964913 0.5308854166666667 0.023300438596491228 0.01760964912280702 
0 0.20475328947368424 0.5389035087719298 0.007264254385964912 0.010756578947368424 
0 0.20854532163742692 0.5239665570175439 0.026041666666666668 0.008700657894736844 
0 0.2100529970760234 0.5155400219298246 0.026955409356725146 0.013566337719298249 
0 0.2106030701754386 0.5284923245614035 0.027501827485380118 0.01534539473684211 
0 0.2102375730994152 0.5365076754385965 0.027775950292397662 0.011578947368421055 
0 0.2336732456140351 0.5247231359649123 0.01768092105263158 0.02130756578947369 
0 0.20743421052631578 0.4887088815789474 0.015579312865497076 0.018018092105263162 
0 0.2110891812865497 0.5037828947368421 0.030930190058479533 0.02007401315789474 
0 0.22050073099415204 0.5010416666666666 0.008223684210526315 0.01013980263157895 
0 0.22223684210526315 0.4933004385964912 0.017269736842105265 0.021581688596491233 
0 0.24294773391812868 0.5177576754385965 0.02987938596491228 0.015142543859649126 
0 0.2578417397660819 0.48816063596491227 0.014665570175438597 0.03549067982456141 
0 0.24381578947368424 0.5319188596491228 0.01987390350877193 0.01280975877192983 
0 0.26122258771929824 0.5282182017543859 0.024671052631578948 0.010413925438596493 
0 0.2549177631578948 0.5330811403508772 0.017406798245614034 0.01671875 
0 0.264968932748538 0.5342461622807018 0.01864035087719298 0.01973135964912281 
0 0.2593951023391813 0.5484978070175439 0.011421783625730994 0.023843201754385968 
0 0.2699652777777778 0.5207510964912281 0.026679459064327487 0.008495065789473687 
0 0.27147295321637427 0.5265049342105264 0.02878106725146199 0.010756578947368424 
0 0.2969188596491228 0.5108854166666666 0.016904239766081873 0.02445723684210527 
0 0.2765442251461988 0.5339035087719298 0.022887426900584797 0.019391447368421057 
0 0.2941776315789474 0.537124451754386 0.020604897660818713 0.015622258771929827 
0 0.27750365497076024 0.5383580043859649 0.017679093567251464 0.029459978070175447 
0 0.3037262426900585 0.5182154605263158 0.01608187134502924 0.02007401315789474 
0 0.3127722953216374 0.5223930921052632 0.01667580409356725 0.02541940789473685 
0 0.27920869883040933 0.48441611842105264 0.008817616959064328 0.015413925438596496 
0 0.28756944444444443 0.47276864035087723 0.01471125730994152 0.027266995614035096 
0 0.29369152046783625 0.4822231359649123 0.01402595029239766 0.021376096491228076 
0 0.31237755847953214 0.4949698464912281 0.014848318713450293 0.025416666666666612 
0 0.314250730994152 0.4751699561403509 0.01864035087719298 0.024731359649122816 
0 0.33147478070175435 0.47592379385964917 0.012609649122807017 0.016099232456140356 
0 0.3421655701754386 0.47421052631578947 0.01091922514619883 0.022609649122807024 
0 0.3465807748538012 0.49476425438596494 0.015213815789473685 0.023294956140350882 
0 0.319656432748538 0.5132839912280702 0.026224415204678362 0.017883771929824564 
0 0.32066154970760236 0.526233552631579 0.03170687134502924 0.01671875 
0 0.3471144005847953 0.5241776315789474 0.015899122807017545 0.01644462719298246 
0 0.30677266081871346 0.5460800438596491 0.013660453216374269 0.02569078947368428 
0 0.2842945906432749 0.5513541666666666 0.015579312865497076 0.020553728070175505 
0 0.31591008771929824 0.5473821271929824 0.013569078947368422 0.024936951754386035 
0 0.31458516081871346 0.5424479166666667 0.0188687865497076 0.021239035087719304 
0 0.3257182017543859 0.5380400219298246 0.02645285087719298 0.010208333333333337 
0 0.3318859649122807 0.5394106359649122 0.014482821637426901 0.02624177631578948 
0 0.3414802631578947 0.5400959429824561 0.010553728070175438 0.026855811403508716 
0 0.3572423245614035 0.5391365131578947 0.014300073099415205 0.014662828947368424 
0 0.3460489766081871 0.5396162280701754 0.01964546783625731 0.026787280701754332 
0 0.3629989035087719 0.5361211622807017 0.013843201754385965 0.014525767543859652 
0 0.3718622076023392 0.5322176535087719 0.01941703216374269 0.019388706140350882 
0 0.3616739766081871 0.5462609649122807 0.019005847953216373 0.01760964912280702 
0 0.3631359649122807 0.5502357456140351 0.025173611111111112 0.0219243421052631 
0 0.38081688596491226 0.5321491228070175 0.012838084795321638 0.015619517543859655 
0 0.38913194444444443 0.5320120614035088 0.012107090643274854 0.018634868421052636 
0 0.38424342105263154 0.5490707236842105 0.012609649122807017 0.013223684210526318 
0 0.3646436403508772 0.49679550438596487 0.01987390350877193 0.028020833333333342 
0 0.36711074561403506 0.504468201754386 0.019782529239766082 0.024665570175438602 
0 0.3880354532163743 0.5240652412280702 0.022339181286549752 0.01383771929824562 
0 0.3881268274853801 0.49302631578947365 0.013386330409356726 0.026858552631578953 
0 0.14894005847953215 0.5915213815789473 0.02722953216374269 0.026444627192982528 
0 0.17881944444444445 0.5901507675438596 0.01864035087719298 0.03233826754385972 
0 0.1927997076023392 0.5861759868421053 0.019186769005847953 0.02754385964912281 
0 0.20732821637426901 0.5682264254385965 0.029055190058479535 0.02014254385964913 
0 0.24795869883040933 0.5787335526315789 0.027046783625730993 0.018634868421052636 
0 0.2717160087719298 0.5666748903508771 0.017816154970760237 0.027678179824561347 
0 0.28496345029239767 0.5672231359649123 0.024945175438596492 0.022061403508771935 
0 0.3110051169590643 0.5718804824561403 0.013706140350877192 0.018497807017543864 
0 0.27811038011695904 0.6003810307017544 0.014802631578947368 0.022746710526315793 
0 0.2884356725146199 0.5925712719298245 0.019462719298245616 0.02959703947368428 
0 0.2968421052631579 0.5855838815789474 0.018731725146198832 0.030693530701754332 
0 0.3075328947368421 0.5872286184210527 0.019371345029239765 0.03699561403508773 
0 0.3223355263157895 0.5811979166666666 0.012609649122807017 0.026310307017543864 
0 0.33768640350877194 0.5777275219298246 0.03709795321637431 0.017949561403508778 
0 0.3471893274853801 0.590608552631579 0.01864035087719298 0.027678179824561472 
0 0.3673830409356725 0.47468475877192984 0.018366228070175482 0.02315789473684211 
0 0.40055190058479534 0.46988760964912285 0.016264619883040937 0.019320175438596498 
0 0.40950657894736847 0.4850986842105263 0.013157894736842105 0.01836074561403503 
0 0.4114254385964913 0.48989309210526316 0.01653874269005848 0.01959703947368415 
0 0.40128289473684214 0.4967461622807018 0.015899122807017545 0.03274945175438591 
0 0.4189181286549708 0.49551260964912286 0.01663011695906433 0.028226425438596436 
0 0.4282383040935673 0.49935032894736847 0.01343201754385965 0.01890899122807012 
0 0.43481725146198835 0.4914007675438597 0.01425438596491228 0.01973135964912275 
0 0.4120650584795322 0.5203125 0.01699561403508772 0.016170504385964915 
0 0.4241264619883041 0.5086677631578947 0.027777777777777776 0.02260690789473685 
0 0.42869517543859653 0.5146957236842105 0.02448830409356725 0.019457236842105267 
0 0.39707967836257313 0.5363459429824561 0.012609649122807017 0.01808662280701755 
0 0.3961659356725146 0.549501096491228 0.00804093567251462 0.017812500000000005 
0 0.40630847953216376 0.5322341008771929 0.017726608187134504 0.009591557017543863 
0 0.40859283625730997 0.5360718201754385 0.021198830409356724 0.013977521929824564 
0 0.4034758771929825 0.5451151315789473 0.02942251461988304 0.016170504385964915 
0 0.39388157894736847 0.5612856359649122 0.014894005847953216 0.02987116228070176 
0 0.3760635964912281 0.5579961622807017 0.021198830409356724 0.023294956140350945 
0 0.4515387426900585 0.4718530701754386 0.011695906432748537 0.021376096491228076 
0 0.4574780701754386 0.4808963815789474 0.015625 0.0202796052631579 
0 0.4659758771929825 0.48254111842105263 0.023207236842105225 0.022061403508771935 
0 0.4435891812865497 0.4919956140350877 0.024853801169590642 0.017127192982456144 
0 0.45108187134502925 0.507203947368421 0.011787280701754386 0.020416666666666673 
0 0.4359137426900585 0.52515625 0.018092105263157895 0.023292214912280708 
0 0.4282383040935673 0.5340625 0.011695906432748537 0.021239035087719304 
0 0.4227558479532164 0.5526973684210527 0.012335526315789474 0.02466557017543854 
0 0.43253289473684214 0.5524232456140351 0.01663011695906433 0.020827850877192924 
0 0.44438230994152045 0.5517735745614035 0.011421783625730994 0.015211074561403574 
0 0.4423720760233918 0.5323163377192983 0.02444261695906433 0.013634868421052633 
0 0.44520467836257305 0.5251918859649123 0.021564327485380116 0.013566337719298249 
0 0.46174342105263155 0.5273163377192983 0.015305190058479532 0.008906250000000003 
0 0.4663578216374269 0.5273163377192983 0.02284356725146199 0.014865679824561408 
0 0.4547076023391813 0.5401973684210527 0.02147295321637427 0.015413925438596434 
0 0.4612408625730994 0.5491721491228071 0.011010599415204679 0.02527960526315784 
0 0.45927631578947364 0.503061951754386 0.01206140350877193 0.025762061403508778 
0 0.46798611111111116 0.49721491228070175 0.01402595029239766 0.03124177631578948 
0 0.44870796783625727 0.5008470394736841 0.013384502923976652 0.010002741228070178 
0 0.47885964912280704 0.5007785087719298 0.015670687134502925 0.020348135964912285 
0 0.47977339181286555 0.5150301535087719 0.012609649122807017 0.02342927631578948 
0 0.47167214912280697 0.5337554824561404 0.019462719298245616 0.01986842105263152 
0 0.4724031432748538 0.5439638157894737 0.015305190058479532 0.01452576754385959 
0 0.48419042397660816 0.5380729166666667 0.01183296783625731 0.01993695175438591 
0 0.48154057017543855 0.552938596491228 0.015899122807017545 0.014662828947368485 
0 0.47048428362573097 0.5543092105263158 0.0268640350877193 0.020690789473684214 
0 0.4904806286549707 0.48935855263157896 0.01699561403508772 0.019665570175438598 
0 0.49564327485380116 0.5037472587719298 0.01836622807017544 0.02624177631578948 
0 0.5027704678362572 0.49278508771929824 0.019506578947368465 0.017469846491228076 
0 0.5010032894736842 0.5200548245614035 0.013157894736842105 0.01740131578947369 
0 0.49451571637426894 0.5370449561403509 0.031204312865497075 0.011373355263157896 
0 0.49236842105263157 0.543484100877193 0.026818347953216373 0.01212719298245608 
0 0.4928709795321637 0.5480071271929825 0.02526498538011696 0.0202796052631579 
0 0.49680007309941515 0.5528015350877192 0.023848684210526317 0.02110197368421053 
0 0.5171765350877192 0.5455400219298245 0.011421783625730994 0.01740131578947369 
0 0.44139619883040937 0.5843092105263158 0.01644736842105263 0.024254385964912285 
0 0.4780062134502924 0.5964583333333333 0.02722953216374269 0.023020833333333338 
0 0.5086165935672515 0.5890597587719298 0.028963815789473643 0.016853070175438602 
0 0.5174798976608187 0.6026260964912281 0.025308845029239725 0.01671600877192983 
0 0.5137189327485381 0.6056387061403509 0.02055921052631579 0.02481907894736841 
0 0.5087079678362574 0.4852905701754386 0.024945175438596492 0.016853070175438602 
0 0.525703581871345 0.4817269736842105 0.017635233918128657 0.02315789473684211 
0 0.5399579678362574 0.480219298245614 0.012792397660818713 0.027817982456140356 
0 0.5202211257309942 0.5021436403508772 0.01471125730994152 0.02247258771929825 
0 0.5150127923976608 0.5242050438596491 0.02275219298245614 0.022883771929824565 
0 0.5279879385964913 0.5236567982456141 0.012975146198830409 0.01589638157894737 
0 0.5383132309941521 0.5144764254385965 0.017361111111111112 0.014251644736842107 
0 0.5394097222222223 0.5225603070175439 0.014802631578947368 0.026310307017543864 
0 0.5259777046783626 0.5405126096491228 0.017543859649122806 0.02151315789473685 
0 0.5578673245614035 0.488031798245614 0.016445540935672475 0.03316063596491229 
0 0.5681012426900585 0.5066666666666666 0.01708516081871341 0.01973135964912281 
0 0.5543037280701755 0.5159841008771929 0.017816154970760195 0.021376096491228076 
0 0.5637152777777777 0.5228344298245614 0.02603983918128651 0.01644462719298246 
0 0.5489126461988304 0.534344846491228 0.016264619883040937 0.018363486842105266 
0 0.5617050438596491 0.5358525219298246 0.023024488304093527 0.012743969298245617 
0 0.574312865497076 0.5306469298245614 0.025584795321637425 0.01383771929824562 
0 0.574861111111111 0.5390049342105263 0.01827485380116959 0.02151315789473685 
0 0.5681012426900585 0.5480482456140351 0.012607821637426861 0.012606907894736844 
0 0.5367598684210526 0.5521600877192983 0.015533625730994151 0.028500548245614044 
0 0.5487298976608187 0.5535279605263158 0.017361111111111112 0.025076754385964916 
0 0.5490040204678363 0.5491447368421053 0.015350877192982455 0.02096491228070182 
0 0.5715716374269005 0.5636677631578948 0.02503654970760234 0.02274671052631567 
0 0.5704769736842106 0.5587362938596491 0.028963815789473643 0.02247258771929825 
0 0.5850036549707602 0.5387308114035088 0.014894005847953216 0.026581688596491296 
0 0.5484247076023392 0.5924451754385964 0.01882309941520468 0.02740405701754393 
0 0.5702631578947368 0.5839501096491229 0.019005847953216373 0.027266995614035033 
0 0.5783040935672514 0.6054605263157894 0.014619883040935672 0.025076754385964916 
0 0.5924671052631579 0.5881962719298245 0.013157894736842105 0.02658442982456141 
0 0.5981323099415204 0.5981990131578947 0.012244152046783625 0.021924342105263162 
0 0.568344298245614 0.4828234649122807 0.019919590643274854 0.029322916666666674 
0 0.5928326023391813 0.4891282894736842 0.020741959064327485 0.02699287280701755 
0 0.5937463450292397 0.5047478070175438 0.014528508771929825 0.02521381578947369 
0 0.6097368421052631 0.49721217105263155 0.014345760233918129 0.02096491228070176 
0 0.5988633040935673 0.5346189692982456 0.012426900584795321 0.013840460526315792 
0 0.5964747807017544 0.5163075657894737 0.022384868421052674 0.014936951754385967 
0 0.6203216374269006 0.5073327850877193 0.01471125730994152 0.023020833333333338 
0 0.6148391812865497 0.5283196271929824 0.025082236842105265 0.016650219298245617 
0 0.6069809941520468 0.5383223684210526 0.014619883040935672 0.01760964912280702 
0 0.621281067251462 0.5355153508771929 0.026818347953216373 0.015139802631578953 
0 0.6153417397660819 0.547985197368421 0.017772295321637425 0.0195942982456141 
0 0.5981652046783625 0.5449013157894737 0.01749634502923981 0.01822368421052638 
0 0.5993073830409357 0.5583305921052631 0.024349415204678405 0.025348135964912352 
0 0.6274031432748538 0.5423684210526316 0.016036184210526317 0.024391447368421058 
0 0.6340277777777777 0.5120175438596491 0.014163011695906433 0.026927083333333338 
0 0.6300986842105263 0.5560032894736842 0.01781798245614035 0.015825109649122874 
0 0.641109283625731 0.5366145833333333 0.015305190058479532 0.020690789473684214 
0 0.6178855994152047 0.48680646929824556 0.018411915204678362 0.0247998903508772 
0 0.6304038742690059 0.4911896929824561 0.022021198830409358 0.028297697368421058 
0 0.6386275584795322 0.4916694078947368 0.017726608187134504 0.026104714912280707 
0 0.6467598684210527 0.515375548245614 0.016355994152046784 0.02281524122807018 
0 0.6422368421052632 0.4718009868421053 0.01653874269005848 0.020690789473684152 
0 0.6439272660818713 0.4878344298245614 0.025767543859649123 0.026718750000000006 
0 0.6579075292397661 0.49351973684210526 0.024762426900584795 0.025556469298245617 
0 0.6636184210526316 0.4771463815789474 0.013477704678362573 0.020142543859649066 
0 0.6541154970760235 0.47043037280701755 0.014482821637426901 0.02445997807017538 
0 0.6814820906432749 0.4697450657894737 0.01183296783625731 0.02329495614035082 
0 0.6871472953216374 0.4737198464912281 0.01425438596491228 0.02274671052631573 
0 0.6667836257309941 0.5156825657894737 0.012975146198830409 0.02534813596491229 
0 0.67765716374269 0.5111595394736842 0.015807748538011698 0.0282264254385965 
0 0.6868859649122807 0.5119819078947369 0.010508040935672515 0.024936951754385973 
0 0.698125 0.5064994517543859 0.015807748538011698 0.029873903508771935 
0 0.7145723684210527 0.5096518640350878 0.019279970760233918 0.02315789473684211 
0 0.7052521929824561 0.5345915570175439 0.008954678362573099 0.00726151315789474 
0 0.7129276315789473 0.5308908991228071 0.01653874269005848 0.013018092105263161 
0 0.7017799707602339 0.5371929824561403 0.022203947368421052 0.019871162280701758 
0 0.6542982456140352 0.5304550438596491 0.016584429824561403 0.022061403508771935 
0 0.6682785087719298 0.5374451754385965 0.014894005847953216 0.015208333333333338 
0 0.6749945175438596 0.5459429824561404 0.02540204678362573 0.018840460526315793 
0 0.6828527046783626 0.5370367324561404 0.01000548245614035 0.01383771929824562 
0 0.6618366228070176 0.5509429824561404 0.026498538011695907 0.018843201754385967 
0 0.6834923245614035 0.5580016447368421 0.01882309941520468 0.01623629385964919 
0 0.6576334064327486 0.5571820175438597 0.0190515350877193 0.024254385964912285 
0 0.6701973684210527 0.5631414473684211 0.01617324561403509 0.03144736842105258 
0 0.6540241228070176 0.5521792763157894 0.012472587719298246 0.02980537280701755 
0 0.6320614035087719 0.5711814692982456 0.022021198830409358 0.018634868421052636 
0 0.6323355263157895 0.5840624999999999 0.01644736842105263 0.03562774122807025 
0 0.6454934210526315 0.6092845394736842 0.017178362573099414 0.03357182017543854 
0 0.6695248538011696 0.6196984649122806 0.024396929824561403 0.017264254385964916 
0 0.7067141812865497 0.6120257675438596 0.013523391812865496 0.026855811403508716 
0 0.697485380116959 0.5557044956140351 0.018914473684210526 0.020690789473684214 
0 0.7083589181286549 0.5607730263157895 0.02010233918128655 0.012469846491228072 
0 0.7136586257309941 0.5511814692982456 0.027412280701754384 0.011647478070175379 
0 0.7214254385964912 0.5362472587719298 0.012701023391812866 0.01671600877192983 
0 0.7392434210526315 0.5521408991228071 0.01937134502923985 0.01603344298245608 
0 0.7130190058479532 0.5733799342105264 0.012244152046783625 0.020553728070175442 
0 0.702328216374269 0.5703673245614035 0.017909356725146198 0.013974780701754392 
0 0.7197222222222223 0.566844846491228 0.014528508771929825 0.015142543859649188 
0 0.7325127923976608 0.5005756578947368 0.01425438596491228 0.027132675438596498 
0 0.7575475146198831 0.5235964912280702 0.01864035087719298 0.02836348684210527 
0 0.7702485380116959 0.5209923245614035 0.014802631578947368 0.024665570175438602 
0 0.7688779239766083 0.5445614035087719 0.027320906432748537 0.014525767543859652 
0 0.758187134502924 0.5536047149122807 0.013523391812865496 0.026310307017543926 
0 0.7680555555555556 0.5574424342105263 0.012244152046783625 0.022609649122807086 
0 0.7743603801169591 0.5758031798245614 0.03499634502923977 0.023432017543859655 
0 0.777375730994152 0.5838870614035088 0.029970760233918127 0.025625000000000005 
0 0.7772843567251463 0.5515487938596491 0.02275219298245614 0.011510416666666669 
0 0.7778326023391813 0.55703125 0.02238669590643275 0.014797149122807085 
0 0.7982090643274854 0.5675822368421053 0.02640716374269006 0.02398026315789474 
0 0.8007675438596492 0.5637445175438597 0.03125 0.02658442982456141 
0 0.8079861111111112 0.560594846491228 0.02403143274853801 0.02082785087719305 
0 0.8269919590643275 0.5659375 0.015990497076023392 0.0237061403508772 
0 0.791264619883041 0.5703234649122807 0.029788011695906433 0.03110471491228077 
0 0.779203216374269 0.5660745614035088 0.019736842105263157 0.015896381578947433 
0 0.7627558479532164 0.6095257675438597 0.021929824561403508 0.03754660087719293 
0 0.8335398391812866 0.6139583333333333 0.017543859649122806 0.03398026315789475 
0 0.6223720760233918 0.6851370614035088 0.025950292397660817 0.021924342105263162 
0 0.6934612573099415 0.7073355263157896 0.019371345029239765 0.023294956140350882 
0 0.7539491959064327 0.7270668859649123 0.021747076023391813 0.023569078947368427 
0 0.8050584795321637 0.7816036184210526 0.03252923976608187 0.0158936403508772 
0 0.829546783625731 0.6884265350877193 0.017543859649122806 0.02795230263157889 
0 0.4500420321637427 0.65234375 0.015899122807017545 0.02493695175438591 
0 0.41166483918128655 0.677828947368421 0.01882309941520468 0.01425164473684217 
0 0.389186769005848 0.6852302631578947 0.01663011695906433 0.0202796052631579 
0 0.38666301169590644 0.6806085526315789 0.013795687134502884 0.01452576754385959 
0 0.13547149122807017 0.6891584429824562 0.03271198830409357 0.017541118421052573 
0 0.33135051169590646 0.4301206140350877 0.019736842105263157 0.029051535087719304 
0 0.34587902046783625 0.42052905701754384 0.014071637426900584 0.019046052631578953 
0 0.3527320906432749 0.42189967105263154 0.01653874269005848 0.01753837719298246 
0 0.3644279970760234 0.4312171052631579 0.008223684210526315 0.012469846491228072 
0 0.37118969298245613 0.42573739035087715 0.012609649122807017 0.01616776315789474 
0 0.3786823830409357 0.4057319078947368 0.01425438596491228 0.014934210526315795 
0 0.38032711988304096 0.4177905701754386 0.013888888888888888 0.01383771929824562 
0 0.3537372076023392 0.4479358552631579 0.015076754385964912 0.01877192982456141 
0 0.4092489035087719 0.3993914473684211 0.011513157894736841 0.012469846491228072 
0 0.3998373538011696 0.41069627192982455 0.025219298245614034 0.009385964912280704 
0 0.3926644736842105 0.41884868421052635 0.02398574561403509 0.008563596491228072 
0 0.3830244883040935 0.4240542763157895 0.023072002923976608 0.011716008771929827 
0 0.3878673245614035 0.4274808114035088 0.021107456140350877 0.013566337719298249 
0 0.40230445906432744 0.41624451754385966 0.02147295321637427 0.00726151315789474 
0 0.41925438596491227 0.40288377192982455 0.01402595029239766 0.011373355263157896 
0 0.39787280701754385 0.42905701754385966 0.0133406432748538 0.01788103070175439 
0 0.38462353801169585 0.439265350877193 0.014665570175438597 0.019114583333333338 
0 0.4065533625730994 0.4224808114035088 0.015990497076023392 0.02315515350877194 
0 0.4208991228070175 0.42069901315789476 0.012838084795321638 0.011784539473684214 
0 0.39254203216374267 0.4450657894736842 0.012107090643274854 0.012469846491228072 
0 0.3878362573099415 0.4566447368421052 0.011056286549707603 0.014454495614035093 
0 0.3762774122807017 0.44533991228070174 0.010873538011695907 0.014936951754385967 
0 0.4233205409356725 0.3966282894736842 0.025082236842105265 0.009728618421052633 
0 0.4250109649122807 0.4061513157894737 0.023254751461988302 0.01479714912280696 
0 0.4129038742690058 0.42684210526315786 0.01663011695906433 0.022404057017543864 
0 0.42802631578947364 0.4193722587719298 0.011650219298245614 0.014662828947368424 
0 0.42724963450292397 0.3887253289473684 0.01836622807017544 0.01267543859649123 
0 0.4401334064327485 0.3910553728070175 0.019963450292397704 0.009180372807017546 
0 0.44282894736842104 0.39591831140350875 0.015760233918128697 0.009728618421052633 
0 0.4569444444444445 0.3932922149122807 0.012609649122807017 0.017815241228070176 
0 0.4630208333333333 0.39987116228070174 0.010827850877192983 0.015619517543859655 
0 0.47037646198830413 0.39699287280701756 0.012609649122807017 0.022609649122807024 
0 0.48125 0.39945997807017547 0.008634868421052632 0.020005482456140356 
0 0.48737207602339183 0.401515899122807 0.010279605263157895 0.015139802631578953 
0 0.49504751461988306 0.3976781798245614 0.010142543859649123 0.018497807017543864 
0 0.5019005847953216 0.38938870614035087 0.014528508771929825 0.01431743421052632 
0 0.4453417397660818 0.4024725877192983 0.012013888888888932 0.005756578947368421 
0 0.44744334795321633 0.40733826754385966 0.017313596491228114 0.008974780701754389 
0 0.4606451023391813 0.41501096491228073 0.01228983918128655 0.015279605263157896 
0 0.4322752192982456 0.4109703947368421 0.023389985380117002 0.009043311403508775 
0 0.4454331140350877 0.4134347587719298 0.02037463450292402 0.012606907894736844 
0 0.4346052631578947 0.41878015350877196 0.017770467836257353 0.012469846491228072 
0 0.4688687865497076 0.4174780701754386 0.011650219298245614 0.014731359649122809 
0 0.47997076023391816 0.41487390350877196 0.018686038011695907 0.009591557017543863 
0 0.5049470029239767 0.39637609649122807 0.01941703216374269 0.013497807017543863 
0 0.5088760964912281 0.4017872807017544 0.019234283625730993 0.01048245614035088 
0 0.5136275584795322 0.4057620614035088 0.014208698830409356 0.012606907894736844 
0 0.4489656432748538 0.4236430921052632 0.01251827485380117 0.017198464912280706 
0 0.4278728070175439 0.4327576754385965 0.011467470760233918 0.017127192982456144 
0 0.413389985380117 0.4434429824561404 0.01608187134502924 0.022061403508771935 
0 0.4197861842105263 0.4482401315789474 0.01516812865497076 0.02350054824561404 
0 0.4414418859649123 0.43947094298245615 0.01539656432748538 0.016647478070175442 
0 0.4430409356725146 0.4479660087719298 0.014208698830409356 0.014662828947368424 
0 0.45583333333333337 0.44248629385964916 0.01274671052631579 0.01178179824561404 
0 0.46839729532163743 0.4239857456140351 0.01585343567251462 0.014936951754385967 
0 0.4673008040935673 0.4359758771929825 0.013157894736842105 0.015005482456140353 
0 0.43944809941520463 0.4545668859649123 0.010369152046783668 0.018155153508771935 
0 0.44246345029239764 0.4544983552631579 0.021334064327485424 0.026033442982456148 
0 0.45575657894736843 0.43997258771929826 0.0222953216374269 0.024117324561403513 
0 0.5009868421052631 0.4083196271929824 0.016036184210526317 0.014114583333333337 
0 0.49851973684210527 0.4159237938596491 0.019828216374269007 0.009662828947368422 
0 0.4817525584795322 0.4173629385964912 0.023346125730994153 0.01199013157894737 
0 0.5169773391812865 0.4096217105263158 0.015213815789473685 0.017198464912280706 
0 0.49851973684210527 0.42305098684210524 0.02860014619883041 0.014251644736842107 
0 0.4930372807017544 0.4278481359649123 0.024305555555555556 0.0124671052631579 
0 0.4748081140350877 0.4264775219298246 0.016493055555555556 0.017332785087719304 
0 0.48111293859649124 0.42907894736842106 0.019508406432748537 0.017472587719298247 
0 0.4983826754385965 0.4374396929824561 0.014574195906432748 0.020553728070175442 
0 0.5141904239766082 0.4334649122807017 0.018229166666666668 0.017949561403508778 
0 0.5114948830409357 0.43880756578947366 0.017406798245614034 0.016101973684210527 
0 0.5240588450292398 0.43579495614035085 0.014802631578947368 0.013563596491228075 
0 0.5268457602339182 0.42496984649122804 0.014619883040935672 0.01836074561403509 
0 0.5198099415204679 0.4482648026315789 0.017269736842105265 0.01431743421052632 
0 0.5273940058479533 0.40242872807017543 0.012701023391812866 0.014251644736842107 
0 0.5349323830409357 0.41414473684210523 0.011650219298245614 0.024936951754385973 
0 0.5070175438596491 0.45114035087719295 0.019325657894736843 0.025625000000000005 
0 0.49125548245614037 0.4533333333333333 0.019371345029239765 0.016304824561403513 
0 0.48463084795321637 0.4499753289473684 0.014163011695906433 0.018843201754385967 
0 0.5356176900584796 0.4104440789473684 0.019005847953216373 0.01726699561403509 
0 0.5402320906432748 0.4027713815789474 0.013157894736842105 0.01534539473684211 
0 0.5523994883040936 0.40155975877192984 0.009639985380116959 0.02055372807017538 
0 0.5559173976608187 0.4080701754385965 0.013066520467836257 0.020142543859649066 
0 0.5448611111111111 0.4236896929824561 0.020650584795321638 0.00945449561403509 
0 0.47768640350877195 0.4647532894736842 0.01918859649122807 0.02706140350877194 
0 0.49696637426900586 0.4690679824561404 0.017726608187134504 0.023089364035087726 
0 0.5108552631578948 0.4670120614035088 0.012244152046783625 0.02404879385964913 
0 0.5340040204678362 0.44152686403508773 0.009594298245614035 0.022129934210526322 
0 0.551608187134503 0.4430098684210526 0.02284356725146199 0.013018092105263161 
0 0.5566337719298246 0.4602302631578948 0.014071637426900584 0.026515899122807024 
0 0.5674616228070175 0.458311403508772 0.01402595029239766 0.024254385964912285 
0 0.5792945906432748 0.4653700657894737 0.01137609649122807 0.024046052631578954 
0 0.5580043859649123 0.3913212719298246 0.01023391812865497 0.016376096491228072 
0 0.5651315789473684 0.40379111842105264 0.010508040935672515 0.017812500000000005 
0 0.5737207602339182 0.4039281798245614 0.008771929824561403 0.017675438596491233 
0 0.5750913742690059 0.3950219298245614 0.009731359649122808 0.012332785087719301 
0 0.5797514619883041 0.40166666666666667 0.012929459064327485 0.017949561403508778 
0 0.5670047514619884 0.41995888157894734 0.011741593567251463 0.01336074561403509 
0 0.5789290935672515 0.4093393640350877 0.019279970760233918 0.015759320175438598 
0 0.5874269005847953 0.39673519736842106 0.019919590643274854 0.012398574561403513 
0 0.5967013888888889 0.39871984649122805 0.021747076023391813 0.010208333333333337 
0 0.5959703947368421 0.404750548245614 0.014300073099415205 0.01466008771929825 
0 0.5717105263157894 0.42448190789473683 0.01160453216374269 0.015413925438596496 
0 0.5627649853801169 0.4315734649122807 0.012266081871345093 0.017949561403508715 
0 0.5796600877192982 0.4279769736842105 0.008954678362573099 0.013634868421052633 
0 0.5980263157894737 0.4079714912280702 0.012015716374269006 0.016030701754385968 
0 0.5727156432748538 0.4358799342105263 0.015533625730994151 0.02514254385964913 
0 0.6143055555555555 0.4054577850877193 0.00941154970760234 0.017198464912280706 
0 0.6057620614035087 0.4055263157894737 0.008771929824561403 0.019457236842105267 
0 0.6077722953216375 0.416625548245614 0.009228801169590644 0.01842927631578948 
0 0.5975840643274853 0.4229303728070175 0.013569078947368422 0.01808662280701755 
0 0.5909594298245614 0.42779331140350874 0.013888888888888888 0.02398026315789474 
0 0.5872130847953216 0.43279605263157894 0.013112207602339181 0.021033442982456144 
0 0.5933059210526316 0.44681743421052633 0.013934576023391813 0.022883771929824565 
0 0.5952540204678363 0.4683525219298246 0.01183296783625731 0.026652960526315793 
0 0.605579312865497 0.4681469298245614 0.01539656432748538 0.02637883771929825 
0 0.6258954678362574 0.47116228070175437 0.014071637426900584 0.02350054824561404 
0 0.6208845029239766 0.40616776315789477 0.010051169590643274 0.012398574561403513 
0 0.6156304824561404 0.4168530701754386 0.012244152046783625 0.012332785087719301 
0 0.6301133040935673 0.4020559210526316 0.01402595029239766 0.010276864035087721 
0 0.6274634502923977 0.40883771929824564 0.015076754385964912 0.014320175438596493 
0 0.6420833333333333 0.4054824561403509 0.017406798245614034 0.011987390350877198 
0 0.6424031432748538 0.4099342105263158 0.018731725146198832 0.01438870614035088 
0 0.6333570906432748 0.41219572368421054 0.012975146198830409 0.01671600877192983 
0 0.6252704678362573 0.42233552631578947 0.008771929824561403 0.01719572368421053 
0 0.6534137426900585 0.39986293859649125 0.012107090643274854 0.012812500000000003 
0 0.6585763888888889 0.4100027412280702 0.01000548245614035 0.013223684210526318 
0 0.6455555555555555 0.4174013157894737 0.013523391812865496 0.01644462719298246 
0 0.6328088450292397 0.422609649122807 0.01804641812865497 0.01336074561403509 
0 0.6360983187134504 0.42939144736842105 0.02503654970760234 0.024665570175438602 
0 0.6590332602339182 0.4208963815789474 0.021107456140350877 0.014731359649122809 
0 0.6569316520467836 0.42802083333333335 0.019279970760233918 0.01644462719298246 
0 0.6515405701754386 0.42808936403508774 0.02046783625730994 0.021376096491228076 
0 0.6505811403508772 0.43124177631578947 0.01667580409356725 0.01808662280701755 
0 0.6424031432748538 0.42993969298245616 0.01918859649122807 0.019457236842105267 
0 0.6384137426900585 0.4444873903508772 0.02252375730994152 0.015211074561403512 
0 0.6287280701754386 0.4519544956140351 0.019097222222222224 0.019391447368421057 
0 0.6746893274853801 0.41886513157894734 0.016080043859649083 0.011987390350877198 
0 0.6643640350877194 0.4040652412280702 0.013569078947368422 0.014936951754385967 
0 0.6682931286549708 0.41105263157894734 0.015851608187134464 0.013634868421052633 
0 0.675968567251462 0.4005016447368421 0.012607821637426861 0.016855811403508773 
0 0.6871600877192983 0.40523026315789473 0.009548611111111112 0.013292214912280704 
0 0.6894901315789473 0.4142050438596491 0.012929459064327485 0.013018092105263161 
0 0.6852412280701754 0.4214665570175439 0.013066520467836257 0.01726699561403509 
0 0.6917744883040935 0.40310581140350876 0.011787280701754386 0.012606907894736844 
0 0.6961604532163742 0.4196189692982456 0.010142543859649123 0.018292214912280707 
0 0.6997697368421052 0.41475328947368423 0.00872624269005848 0.007330043859649125 
0 0.6798062865497077 0.4284566885964912 0.016902412280701714 0.01616776315789474 
0 0.6758771929824562 0.43146929824561403 0.016811038011695867 0.015759320175438598 
0 0.6722825292397661 0.45035635964912285 0.016812865497076022 0.02110197368421053 
0 0.6828819444444445 0.4502192982456141 0.01663011695906433 0.021718750000000005 
0 0.7040953947368421 0.40799342105263153 0.011970029239766082 0.01336074561403509 
0 0.7079331140350877 0.41039199561403505 0.015487938596491228 0.011441885964912283 
0 0.7091209795321637 0.4197779605263158 0.01617324561403509 0.01582510964912281 
0 0.7040953947368421 0.4201891447368421 0.017498172514619884 0.013771929824561406 
0 0.7038212719298246 0.4362883771929824 0.018914473684210526 0.01199013157894737 
0 0.725751096491228 0.43580866228070175 0.022478070175438597 0.013292214912280704 
0 0.7199488304093568 0.4351233552631579 0.026133040935672515 0.018363486842105266 
0 0.7236038011695907 0.450265899122807 0.011467470760233918 0.017469846491228076 
0 0.7034100877192982 0.4457428728070175 0.01114766081871345 0.018706140350877195 
0 0.7326041666666666 0.40449835526315786 0.01731542397660827 0.010756578947368424 
0 0.7392598684210526 0.4253262061403509 0.022293494152046827 0.0118530701754386 
0 0.7367013888888889 0.43211074561403506 0.026313961988304137 0.008152412280701756 
0 0.7411787280701755 0.43717927631578946 0.02037463450292402 0.009728618421052633 
0 0.7292543859649123 0.42073739035087715 0.012701023391812866 0.015962171052631584 
0 0.7591319444444445 0.4111458333333333 0.01320358187134503 0.016647478070175442 
0 0.7657108918128656 0.4363569078947368 0.017863669590643276 0.019183114035087726 
0 0.7579440789473685 0.42758771929824557 0.021701388888888888 0.013977521929824564 
0 0.7735233918128656 0.41539199561403506 0.009685672514619883 0.01815789473684211 
0 0.7824488304093568 0.41868146929824557 0.009685672514619883 0.01116776315789474 
0 0.788936403508772 0.4142955043859649 0.014894005847953216 0.01644462719298246 
0 0.7960179093567252 0.4138843201754386 0.01320358187134503 0.015964912280701758 
0 0.7896673976608188 0.42484649122807017 0.020330774853801168 0.017061403508771934 
0 0.7904897660818714 0.43224780701754384 0.01471125730994152 0.015071271929824567 
0 0.7591483918128655 0.44177083333333333 0.019325657894736843 0.01719572368421053 
0 0.7212737573099415 0.41183114035087715 0.02106176900584795 0.014591557017543865 
0 0.7244261695906432 0.41100877192982455 0.017863669590643276 0.009865679824561406 
0 0.7481524122807017 0.44535635964912285 0.02033077485380125 0.01452302631578948 
0 0.7351772660818713 0.4485745614035088 0.015625000000000083 0.010619517543859652 
0 0.7276845760233918 0.45186403508771933 0.01964546783625731 0.020348135964912285 
0 0.7394261695906432 0.4580317982456141 0.012838084795321721 0.02062225877192983 
0 0.7364108187134503 0.47049890350877194 0.013157894736842188 0.021718749999999943 
0 0.7457766812865497 0.48077576754385964 0.012792397660818796 0.021581688596491233 
0 0.7573812134502924 0.4589884868421053 0.008680555555555556 0.021513157894736786 
0 0.7671582602339182 0.45371436403508775 0.014528508771929825 0.018497807017543864 
0 0.7734630847953217 0.47097861842105265 0.02069627192982456 0.025419407894736786 
0 0.7514565058479533 0.4857785087719298 0.01987390350877193 0.027129934210526323 
0 0.7097752192982456 0.46438048245614033 0.011695906432748537 0.02062225877192983 
0 0.704703947368421 0.4843174342105263 0.020285087719298246 0.015482456140350882 
0 0.6964802631578947 0.4976069078947368 0.029605263157894735 0.011921600877192984 
0 0.695109649122807 0.4671189692982456 0.017863669590643276 0.023226425438596498 
0 0.7000895467836257 0.48013706140350876 0.010325292397660819 0.01877192982456141 
0 0.8024287280701755 0.4229468201754386 0.015990497076023392 0.017469846491228076 
0 0.816500365497076 0.43157894736842106 0.013751827485380117 0.01507401315789474 
0 0.8283790204678363 0.43075657894736846 0.018914473684210526 0.015759320175438598 
0 0.8069060672514621 0.44007401315789474 0.021929824561403508 0.017472587719298247 
0 0.8060836988304094 0.45254385964912286 0.017041301169590642 0.021787280701754327 
0 0.7962152777777778 0.45459978070175444 0.015670687134502925 0.015756578947368365 
0 0.7965807748538012 0.4667269736842105 0.027138157894736843 0.01431743421052632 
0 0.7971290204678363 0.4730975877192982 0.030062134502923978 0.019046052631578953 
0 0.7910526315789475 0.4764555921052631 0.027869152046783627 0.022680921052631583 
0 0.7874744152046784 0.4880811403508772 0.023300438596491228 0.012538377192982458 
0 0.7868347953216375 0.4978125 0.03134137426900585 0.013974780701754392 
0 0.7451480263157895 0.5649616228070176 0.011878654970760233 0.008083881578947308 
0 0.9061805555555555 0.7410827850877193 0.036547880116959024 0.03507949561403516 
0 0.30238486842105267 0.7827384868421052 0.034354897660818715 0.03507949561403516 
0 0.645217470760234 0.9362061403508772 0.04312865497076023 0.04165570175438585 
