0 0.3645 0.6483333333333333 0.01825 0.04566666666666667 
0 0.7825 0.6843333333333333 0.02375 0.02 
0 0.5035 0.66 0.02025 0.035666666666666666 
0 0.42675 0.6896666666666667 0.0275 0.017666666666666667 
0 0.3955 0.36733333333333335 0.0195 0.028 
0 0.30825 0.6526666666666666 0.03 0.03 
0 0.7445 0.6486666666666666 0.02975 0.025666666666666667 
0 0.461 0.38466666666666666 0.012 0.036 
0 0.33725 0.47 0.016 0.038 
0 0.4945 0.3903333333333333 0.01875 0.033 
0 0.66925 0.5236666666666666 0.022 0.029333333333333333 
0 0.63925 0.39966666666666667 0.01225 0.031 
0 0.47175 0.5646666666666667 0.013 0.037 
0 0.2035 0.621 0.0205 0.043 
0 0.42675 0.5073333333333333 0.01525 0.03166666666666667 
0 0.67025 0.4266666666666667 0.02075 0.03266666666666666 
0 0.55825 0.40066666666666667 0.0285 0.018 
0 0.72225 0.557 0.01775 0.022333333333333334 
0 0.9425 0.6263333333333333 0.0225 0.019666666666666666 
0 0.886 0.5746666666666667 0.01925 0.02666666666666667 
0 0.30275 0.6363333333333333 0.02175 0.03333333333333333 
0 0.84475 0.633 0.02525 0.02033333333333333 
0 0.09975 0.5343333333333333 0.02225 0.03 
0 0.39 0.46266666666666667 0.01725 0.03166666666666667 
0 0.7895 0.5066666666666667 0.023 0.03133333333333333 
0 0.518 0.466 0.0205 0.03233333333333333 
0 0.1465 0.66 0.02875 0.018666666666666668 
0 0.3755 0.424 0.02725 0.027 
0 0.76075 0.6786666666666666 0.02 0.041 
0 0.29625 0.5113333333333333 0.013 0.03833333333333333 
0 0.71275 0.595 0.018 0.035666666666666666 
0 0.68825 0.6496666666666666 0.01125 0.03666666666666667 
0 0.39975 0.5006666666666667 0.0155 0.03933333333333333 
0 0.6695 0.3473333333333333 0.0225 0.013333333333333334 
0 0.85425 0.647 0.0175 0.03266666666666666 
0 0.604 0.444 0.02675 0.026333333333333334 
0 0.48275 0.343 0.0225 0.036333333333333336 
0 0.214 0.594 0.02825 0.025666666666666667 
0 0.37775 0.4573333333333333 0.01575 0.034333333333333334 
0 0.94825 0.5816666666666667 0.01675 0.035 
0 0.87425 0.5523333333333333 0.01225 0.028 
0 0.5505 0.515 0.026 0.030333333333333334 
0 0.42125 0.6443333333333333 0.0165 0.03666666666666667 
0 0.29375 0.6243333333333333 0.01575 0.034666666666666665 
0 0.36075 0.4676666666666667 0.01325 0.034666666666666665 
0 0.78725 0.638 0.02025 0.03166666666666667 
0 0.265 0.6083333333333333 0.0285 0.022 
0 0.64425 0.4156666666666667 0.02325 0.029333333333333333 
0 0.6695 0.35633333333333334 0.0165 0.04033333333333333 
0 0.892 0.6113333333333333 0.02 0.03 
0 0.2605 0.5003333333333333 0.024 0.018 
0 0.7575 0.4846666666666667 0.01475 0.03666666666666667 
0 0.781 0.586 0.019 0.031 
0 0.553 0.367 0.02875 0.02033333333333333 
0 0.71625 0.3933333333333333 0.02675 0.021666666666666667 
0 0.69825 0.3303333333333333 0.024 0.027666666666666666 
0 0.58725 0.37966666666666665 0.0185 0.036333333333333336 
0 0.4385 0.399 0.02425 0.019666666666666666 
0 0.673 0.6493333333333333 0.018 0.03833333333333333 
0 0.49625 0.6536666666666666 0.02325 0.023 
0 0.61875 0.6286666666666667 0.02175 0.03 
0 0.441 0.493 0.0155 0.035333333333333335 
0 0.47775 0.537 0.02375 0.028666666666666667 
0 0.621 0.35533333333333333 0.013 0.036333333333333336 
0 0.5315 0.547 0.0275 0.024333333333333332 
0 0.57075 0.649 0.01675 0.044 
0 0.82775 0.662 0.034 0.021666666666666667 
0 0.38475 0.36566666666666664 0.02175 0.025 
0 0.56325 0.28733333333333333 0.01675 0.022333333333333334 
0 0.49375 0.521 0.01375 0.038 
0 0.52225 0.38333333333333336 0.02375 0.03133333333333333 
0 0.68775 0.483 0.01375 0.03333333333333333 
0 0.2745 0.5476666666666666 0.0205 0.026 
0 0.49425 0.5633333333333334 0.02775 0.021333333333333333 
0 0.74725 0.557 0.0125 0.034 
0 0.561 0.384 0.035 0.020666666666666667 
0 0.44025 0.33866666666666667 0.0195 0.022 
0 0.6065 0.395 0.01375 0.03833333333333333 
0 0.48075 0.5566666666666666 0.014 0.041 
0 0.457 0.5946666666666667 0.0185 0.027333333333333334 
0 0.78475 0.8063333333333333 0.01575 0.019666666666666666 
0 0.15 0.5383333333333333 0.02075 0.022 
0 0.8205 0.633 0.017 0.037333333333333336 
0 0.11525 0.5406666666666666 0.02475 0.025666666666666667 
0 0.43175 0.5703333333333334 0.01475 0.027333333333333334 
0 0.6345 0.4656666666666667 0.02525 0.022333333333333334 
0 0.60475 0.581 0.0295 0.021333333333333333 
0 0.421 0.477 0.01325 0.04 
0 0.796 0.5773333333333334 0.01275 0.04033333333333333 
0 0.357 0.571 0.01225 0.04533333333333334 
0 0.44025 0.636 0.01925 0.036333333333333336 
0 0.19025 0.49866666666666665 0.01425 0.036 
0 0.64825 0.639 0.01775 0.034333333333333334 
0 0.54325 0.2796666666666667 0.015 0.019 
0 0.28825 0.47433333333333333 0.015 0.038 
0 0.45675 0.541 0.013 0.037 
0 0.71875 0.5313333333333333 0.01075 0.027 
0 0.60025 0.369 0.01475 0.027666666666666666 
0 0.4905 0.426 0.018 0.03966666666666667 
0 0.2845 0.558 0.01075 0.027 
0 0.59875 0.5456666666666666 0.02425 0.023666666666666666 
0 0.446 0.5506666666666666 0.017 0.032 
0 0.515 0.49666666666666665 0.01575 0.03266666666666666 
0 0.8055 0.5813333333333334 0.02175 0.042333333333333334 
0 0.6185 0.28933333333333333 0.014 0.023666666666666666 
0 0.645 0.67 0.0255 0.028 
0 0.49375 0.6173333333333333 0.01625 0.04066666666666666 
0 0.72825 0.5106666666666667 0.01475 0.044333333333333336 
0 0.571 0.5343333333333333 0.01475 0.04 
0 0.233 0.49333333333333335 0.017 0.033 
0 0.58475 0.2996666666666667 0.00975 0.035 
0 0.18875 0.5633333333333334 0.02125 0.027 
0 0.878 0.5666666666666667 0.02125 0.029333333333333333 
0 0.484 0.498 0.01275 0.03233333333333333 
0 0.47975 0.625 0.02225 0.037 
0 0.2425 0.487 0.01775 0.032 
0 0.84375 0.549 0.02475 0.021333333333333333 
0 0.43275 0.6586666666666666 0.02825 0.032 
0 0.42 0.677 0.024 0.013333333333333334 
0 0.3415 0.517 0.0195 0.03833333333333333 
0 0.244 0.629 0.02175 0.031 
0 0.55175 0.31833333333333336 0.0205 0.030333333333333334 
0 0.35875 0.582 0.0215 0.035333333333333335 
0 0.64275 0.37833333333333335 0.01775 0.037333333333333336 
0 0.27025 0.6336666666666667 0.0195 0.035666666666666666 
0 0.574 0.6246666666666667 0.02875 0.026333333333333334 
0 0.43125 0.377 0.02125 0.027666666666666666 
0 0.64875 0.366 0.02175 0.015666666666666666 
0 0.504 0.5196666666666667 0.015 0.03933333333333333 
0 0.76025 0.5366666666666666 0.0135 0.030333333333333334 
0 0.2925 0.548 0.01125 0.03133333333333333 
0 0.4335 0.524 0.02525 0.018 
0 0.6325 0.5373333333333333 0.01375 0.036333333333333336 
0 0.72275 0.5776666666666667 0.01625 0.027333333333333334 
0 0.2565 0.5406666666666666 0.02075 0.021 
0 0.71525 0.49433333333333335 0.015 0.036 
0 0.1465 0.5573333333333333 0.01375 0.047 
0 0.55925 0.56 0.023 0.03266666666666666 
0 0.459 0.351 0.0115 0.034 
0 0.70575 0.4776666666666667 0.01375 0.037333333333333336 
0 0.58075 0.649 0.019 0.041666666666666664 
0 0.204 0.5486666666666666 0.02175 0.026333333333333334 
0 0.33525 0.49633333333333335 0.01925 0.029 
0 0.55525 0.3403333333333333 0.02325 0.030666666666666665 
0 0.22475 0.534 0.012 0.033 
0 0.4795 0.388 0.024 0.023 
0 0.637 0.294 0.0105 0.03233333333333333 
0 0.16925 0.5196666666666667 0.021 0.017666666666666667 
0 0.667 0.5503333333333333 0.02325 0.013333333333333334 
0 0.757 0.5603333333333333 0.01725 0.037333333333333336 
0 0.3615 0.5143333333333333 0.01475 0.043 
0 0.5925 0.303 0.01275 0.030333333333333334 
0 0.44925 0.6043333333333333 0.01675 0.04733333333333333 
0 0.712 0.637 0.0245 0.027666666666666666 
0 0.22025 0.622 0.01325 0.029333333333333333 
0 0.724 0.6626666666666666 0.0165 0.041 
0 0.592 0.657 0.01675 0.029333333333333333 
0 0.70725 0.58 0.01675 0.034666666666666665 
0 0.498 0.4683333333333333 0.0265 0.029 
0 0.528 0.31733333333333336 0.01875 0.029 
0 0.47925 0.661 0.0165 0.037333333333333336 
0 0.22475 0.6266666666666667 0.01875 0.034 
0 0.353 0.5243333333333333 0.011 0.03766666666666667 
0 0.54475 0.30833333333333335 0.029 0.016666666666666666 
0 0.61975 0.3243333333333333 0.0155 0.035333333333333335 
0 0.67275 0.482 0.0145 0.044333333333333336 
0 0.6815 0.5433333333333333 0.01825 0.02 
0 0.3785 0.5793333333333334 0.01675 0.04066666666666666 
0 0.5745 0.6996666666666667 0.01975 0.04 
0 0.737 0.5256666666666666 0.01025 0.03133333333333333 
0 0.25025 0.562 0.01725 0.041666666666666664 
0 0.60775 0.5936666666666667 0.02175 0.034 
0 0.59125 0.3373333333333333 0.01525 0.03333333333333333 
0 0.6035 0.5353333333333333 0.02225 0.018333333333333333 
0 0.2045 0.5143333333333333 0.012 0.034 
0 0.62825 0.6726666666666666 0.02375 0.026 
0 0.45 0.5836666666666667 0.0215 0.014333333333333333 
0 0.2725 0.518 0.01525 0.03133333333333333 
0 0.69875 0.547 0.0235 0.013666666666666667 
0 0.659 0.3028733333333333 0.01675 0.027793333333333333 
0 0.2575 0.5136666666666667 0.01275 0.031 
0 0.38975 0.6543333333333333 0.01275 0.047 
0 0.696 0.603 0.016 0.037 
0 0.351 0.4826666666666667 0.01275 0.036 
0 0.60925 0.29033333333333333 0.018 0.03233333333333333 
0 0.38175 0.5916666666666667 0.027 0.03133333333333333 
0 0.30275 0.523 0.01175 0.04766666666666667 
0 0.60475 0.5073333333333333 0.02675 0.022333333333333334 
0 0.24175 0.5523333333333333 0.01775 0.03333333333333333 
0 0.32975 0.6506666666666666 0.01675 0.030666666666666665 
0 0.061197499999999995 0.5502133333333333 0.031000000000000007 0.02915999999999993 
0 0.06769750000000001 0.5580466666666667 0.02425 0.0336566666666666 
0 0.026697500000000002 0.6376933333333333 0.017249999999999998 0.033656666666666675 
0 0.0893225 0.5757066666666666 0.021 0.02499333333333334 
0 0.09969750000000001 0.5567133333333334 0.016375 0.032989999999999936 
0 0.1078225 0.5660433333333333 0.014625 0.03315999999999993 
0 0.11794750000000001 0.56221 0.016124999999999987 0.03665999999999993 
0 0.12694750000000002 0.5442166666666667 0.018749999999999985 0.040489999999999936 
0 0.1319475 0.56038 0.015 0.038323333333333265 
0 0.14319749999999998 0.54305 0.01175 0.044486666666666605 
0 0.1573225 0.5550466666666667 0.011125 0.04232333333333327 
0 0.16732249999999999 0.55288 0.012375 0.040489999999999936 
0 0.1659475 0.5303866666666667 0.02 0.025326666666666674 
0 0.1765725 0.5310533333333334 0.015125 0.030660000000000007 
0 0.17594749999999998 0.55438 0.013625 0.04681999999999994 
0 0.18394749999999999 0.5710433333333333 0.01425 0.044486666666666605 
0 0.1899475 0.5320533333333334 0.012625 0.032656666666666674 
0 0.1698225 0.6276933333333333 0.015875 0.04965333333333335 
0 0.1846975 0.6113666666666666 0.01625 0.039653333333333346 
0 0.19657249999999998 0.5240566666666667 0.011875 0.03715666666666668 
0 0.1996975 0.5600466666666667 0.02175 0.03398999999999993 
0 0.2176975 0.5683766666666668 0.014997500000000002 0.03332333333333327 
0 0.21144749999999998 0.5157233333333333 0.01575 0.03865666666666667 
0 0.21444749999999999 0.5060600000000001 0.0197475 0.033990000000000006 
0 0.2211975 0.49906 0.021247500000000002 0.030826666666666672 
0 0.23532 0.5227233333333333 0.015625 0.03832333333333334 
0 0.24531999999999998 0.5172233333333334 0.014 0.034823333333333345 
0 0.266445 0.5165566666666667 0.01625 0.03732333333333334 
0 0.23057 0.54938 0.022125 0.03615999999999993 
0 0.25982 0.55438 0.015625 0.03398999999999993 
0 0.26056999999999997 0.5752066666666666 0.016875 0.03466 
0 0.263945 0.4860666666666667 0.027125 0.01782666666666667 
0 0.279945 0.49456333333333335 0.0175 0.02899333333333334 
0 0.286445 0.5187233333333333 0.0125 0.02932666666666667 
0 0.30232 0.48956333333333335 0.010875 0.031160000000000007 
0 0.30782 0.4775666666666667 0.013125 0.02982666666666667 
0 0.317195 0.47473333333333334 0.00975 0.03815666666666668 
0 0.326195 0.4774 0.0105 0.035323333333333345 
0 0.31032 0.5050600000000001 0.013125 0.03182333333333334 
0 0.311945 0.53372 0.01375 0.027660000000000007 
0 0.289695 0.5597133333333334 0.02675 0.0306566666666666 
0 0.312945 0.5567133333333334 0.01675 0.03498999999999993 
0 0.320445 0.5577133333333334 0.0185 0.0416566666666666 
0 0.332695 0.5393833333333333 0.02125 0.0366566666666666 
0 0.321945 0.5093933333333334 0.015875 0.033656666666666675 
0 0.320035 0.5262766666666666 0.013125 0.03391 
0 0.33228500000000005 0.5092833333333333 0.0145 0.033240000000000006 
0 0.27707 0.5682666666666667 0.01325 0.041323333333333344 
0 0.2373225 0.5929266666666667 0.016747500000000002 0.035156666666666676 
0 0.2473225 0.6145866666666666 0.020747500000000002 0.027160000000000007 
0 0.25157 0.60059 0.018625 0.030660000000000007 
0 0.260695 0.6399133333333333 0.015625 0.030326666666666672 
0 0.25756999999999997 0.65941 0.0125 0.0301566666666666 
0 0.24344749999999998 0.6422466666666666 0.015622500000000003 0.042656666666666676 
0 0.2336975 0.6645733333333333 0.013875 0.0313266666666666 
0 0.22682249999999998 0.6427466666666667 0.01775 0.03882333333333334 
0 0.28757 0.5802633333333334 0.016625 0.03699000000000001 
0 0.29857 0.5777633333333333 0.01525 0.041990000000000006 
0 0.30432 0.5955933333333333 0.0215 0.032656666666666674 
0 0.31107 0.58493 0.0205 0.03615666666666668 
0 0.32732 0.5852633333333334 0.013875 0.040320000000000016 
0 0.337445 0.5735966666666666 0.015 0.05098666666666668 
0 0.326445 0.61992 0.017875 0.032656666666666674 
0 0.321695 0.6225866666666666 0.010625 0.03565666666666668 
0 0.34332 0.5719333333333333 0.0165 0.04232000000000001 
0 0.366195 0.60059 0.015875 0.043323333333333346 
0 0.34657 0.6434133333333333 0.0185 0.041490000000000006 
0 0.3539875 0.62836 0.02075 0.04032333333333334 
0 0.3772375 0.6495233333333333 0.01525 0.04232000000000009 
0 0.37848750000000003 0.6163633333333333 0.021375 0.03382666666666667 
0 0.3974875 0.6087 0.017 0.03982333333333334 
0 0.4029875 0.5740433333333333 0.017125 0.04881999999999993 
0 0.3709875 0.5273866666666667 0.014125 0.041156666666666675 
0 0.37948750000000003 0.5137266666666667 0.01525 0.03749000000000001 
0 0.3852375 0.50256 0.02275 0.04082333333333334 
0 0.3881125 0.5378866666666667 0.016875 0.04065333333333327 
0 0.4028625 0.5393833333333333 0.02975 0.03049333333333334 
0 0.4131125 0.51356 0.016875 0.033323333333333344 
0 0.4198625 0.5383866666666667 0.0191225 0.03232333333333334 
0 0.43523500000000004 0.53872 0.0235 0.019493333333333338 
0 0.436985 0.55155 0.01575 0.0394866666666666 
0 0.3939875 0.5622133333333333 0.015625 0.036823333333333264 
0 0.4044875 0.5503833333333333 0.02825 0.030823333333333265 
0 0.4251125 0.5793733333333333 0.016622500000000002 0.03915666666666667 
0 0.4171125 0.5760433333333334 0.010875 0.0376566666666666 
0 0.41323750000000004 0.6077033333333333 0.015625 0.04282000000000001 
0 0.4232375 0.6110333333333333 0.017875 0.04632333333333334 
0 0.4383625 0.6002033333333333 0.013747500000000003 0.03699000000000001 
0 0.4083625 0.64286 0.01525 0.033990000000000006 
0 0.4007375 0.6481899999999999 0.014 0.03316000000000001 
0 0.4026125 0.6731833333333334 0.019125 0.03449333333333342 
0 0.47561000000000003 0.5947066666666666 0.019125 0.032156666666666674 
0 0.49811 0.5785433333333334 0.019875 0.040989999999999936 
0 0.506485 0.6133666666666666 0.014375 0.04449000000000001 
0 0.46561 0.6218666666666667 0.015875 0.03732333333333334 
0 0.455735 0.6356933333333333 0.01425 0.03782333333333334 
0 0.46936 0.6585233333333333 0.01475 0.035323333333333345 
0 0.47786 0.6775166666666667 0.02775 0.02782666666666675 
0 0.46861 0.5428866666666667 0.01375 0.033823333333333344 
0 0.45361 0.5258900000000001 0.025125 0.023326666666666673 
0 0.453235 0.4935666666666667 0.01225 0.034656666666666676 
0 0.46398500000000004 0.49656333333333336 0.015 0.03915666666666667 
0 0.47511000000000003 0.5078966666666667 0.018 0.034656666666666676 
0 0.49461 0.49473333333333336 0.01775 0.04048666666666668 
0 0.5291525 0.4869 0.010375 0.034656666666666676 
0 0.5356525000000001 0.50956 0.013875 0.043323333333333346 
0 0.5431525 0.5192266666666667 0.017375 0.03632333333333334 
0 0.5585275000000001 0.53622 0.0155 0.027826666666666673 
0 0.5814025 0.5440533333333334 0.01575 0.03815666666666668 
0 0.5480275 0.4869 0.027875 0.034656666666666676 
0 0.5655275000000001 0.4792366666666667 0.0255 0.03899000000000001 
0 0.5795275000000001 0.5032300000000001 0.01725 0.03749000000000001 
0 0.5909025 0.5255566666666667 0.0135 0.04982000000000001 
0 0.5940275 0.49173333333333336 0.012375 0.03932333333333334 
0 0.6021525 0.51906 0.03275 0.021326666666666674 
0 0.5181525 0.5347766666666667 0.019625 0.03232333333333334 
0 0.5154025 0.52194 0.02 0.03199000000000001 
0 0.5196525000000001 0.5540966666666667 0.01525 0.04549000000000001 
0 0.5295275 0.5787566666666667 0.021375 0.030826666666666672 
0 0.5316525000000001 0.5625966666666666 0.0205 0.03815666666666668 
0 0.5502775000000001 0.5772566666666666 0.011375 0.04515666666666668 
0 0.5471525 0.5659266666666667 0.0285 0.025660000000000006 
0 0.5601525 0.5855899999999999 0.014625 0.029656666666666675 
0 0.5359025000000001 0.6040833333333333 0.0155 0.03732333333333334 
0 0.5160275000000001 0.5995866666666667 0.013875 0.04165333333333335 
0 0.5297775 0.6079166666666667 0.016625 0.03999000000000001 
0 0.5585275000000001 0.6114166666666667 0.016125 0.03715666666666668 
0 0.5477775 0.6135833333333334 0.01375 0.04698666666666668 
0 0.5786525 0.5862566666666666 0.0155 0.03832333333333334 
0 0.5916525 0.5782566666666666 0.015375 0.04599000000000001 
0 0.6045275 0.60225 0.014125 0.04099000000000001 
0 0.5969025 0.6275766666666667 0.013375 0.03466 
0 0.52032 0.6437966666666667 0.01325 0.03999000000000001 
0 0.5328200000000001 0.6477966666666667 0.0165 0.03682333333333334 
0 0.54307 0.6572933333333334 0.016625 0.04265333333333335 
0 0.552945 0.6629566666666666 0.014372499999999946 0.03832333333333342 
0 0.5578200000000001 0.6469633333333333 0.014872499999999945 0.0469866666666666 
0 0.53107 0.6777866666666666 0.0145 0.03565666666666668 
0 0.52507 0.68212 0.011625 0.04315333333333342 
0 0.51157 0.6767866666666666 0.014875000000000057 0.03899000000000001 
0 0.49107 0.69445 0.016875 0.03282333333333342 
0 0.550695 0.6911166666666666 0.021997499999999944 0.025160000000000005 
0 0.5636925 0.71711 0.019375 0.04132333333333342 
0 0.5830675 0.6819533333333333 0.014 0.03299000000000001 
0 0.5956925 0.6682899999999999 0.017625 0.035990000000000084 
0 0.6070675 0.6462966666666667 0.01375 0.043819999999999935 
0 0.6138175 0.6311333333333333 0.013875 0.04515333333333327 
0 0.6245674999999999 0.6546266666666667 0.02825 0.02215999999999993 
0 0.6043175 0.7336066666666667 0.019125 0.03398999999999993 
0 0.6186525 0.5399333333333333 0.014375 0.03132666666666667 
0 0.6274025000000001 0.5506 0.013375 0.034823333333333345 
0 0.5994025000000001 0.5655933333333333 0.030375 0.01733 
0 0.6416525000000001 0.56426 0.012 0.04615666666666668 
0 0.6469025 0.5479333333333333 0.014372499999999946 0.03899000000000001 
0 0.6461525 0.58509 0.014747499999999945 0.03849000000000001 
0 0.6316525000000001 0.5849233333333334 0.013 0.040156666666666674 
0 0.6321525 0.6219133333333333 0.01475 0.02799333333333334 
0 0.6454025 0.6184133333333334 0.014497499999999946 0.03749000000000001 
0 0.65815 0.59792 0.01625 0.03032333333333334 
0 0.659775 0.56343 0.016875 0.04848666666666668 
0 0.6029025 0.4698966666666667 0.0175 0.04382333333333334 
0 0.6189025 0.4917266666666667 0.021125 0.040320000000000016 
0 0.6194025000000001 0.44707 0.01825 0.03615666666666668 
0 0.6514025 0.4547333333333333 0.017497499999999947 0.03732333333333334 
0 0.6531525 0.47023000000000004 0.025497499999999944 0.041823333333333344 
0 0.6376525000000001 0.4965566666666667 0.0165 0.041323333333333344 
0 0.6434025 0.5237166666666667 0.012747499999999945 0.037989999999999934 
0 0.6549025 0.5320466666666667 0.010622499999999946 0.03299333333333326 
0 0.6537775 0.5127200000000001 0.017622499999999944 0.043653333333333266 
0 0.66065 0.4857266666666667 0.01625 0.041156666666666675 
0 0.67765 0.5135533333333333 0.0225 0.01249666666666667 
0 0.66865 0.5618733333333333 0.02775 0.017163333333333336 
0 0.680775 0.5177166666666667 0.0265 0.028660000000000005 
0 0.694025 0.5147200000000001 0.019875 0.034323333333333345 
0 0.7054 0.5175500000000001 0.017 0.03149333333333334 
0 0.6734 0.5743699999999999 0.01725 0.04299000000000001 
0 0.6833875 0.56469 0.0130625 0.04315333333333334 
0 0.6894025 0.5603833333333333 0.016872499999999947 0.0436566666666666 
0 0.702275 0.56655 0.015875 0.039323333333333266 
0 0.7012775 0.5595533333333333 0.027247499999999945 0.018160000000000006 
0 0.734275 0.55372 0.015625 0.029660000000000006 
0 0.7460249999999999 0.5228933333333333 0.00975 0.03749000000000001 
0 0.752525 0.51723 0.011125 0.041156666666666675 
0 0.7589 0.5180633333333333 0.0225 0.033323333333333344 
0 0.7729 0.49473666666666666 0.015625 0.03899000000000001 
0 0.779775 0.5333933333333334 0.019 0.016326666666666673 
0 0.768525 0.5447233333333333 0.0235 0.02999000000000001 
0 0.780025 0.5442233333333334 0.0235 0.02949000000000001 
0 0.799775 0.54039 0.019625 0.04099000000000001 
0 0.73215 0.46656333333333333 0.020375 0.04832000000000001 
0 0.8124 0.49590333333333336 0.01425 0.03615666666666668 
0 0.8065249999999999 0.5313933333333334 0.015125 0.03949000000000001 
0 0.815275 0.5297266666666667 0.019125 0.041656666666666675 
0 0.8291499999999999 0.5357233333333333 0.013 0.03999000000000001 
0 0.83765 0.53489 0.01325 0.03849000000000001 
0 0.85165 0.5538866666666667 0.025125 0.028160000000000004 
0 0.8619 0.5672166666666667 0.01475 0.02149333333333334 
0 0.80865 0.5760466666666667 0.01375 0.03498999999999993 
0 0.7825275 0.56305 0.0135 0.028826666666666674 
0 0.7936525 0.55572 0.012497499999999946 0.032156666666666674 
0 0.7699025 0.56705 0.01625 0.043486666666666604 
0 0.7575275 0.5775466666666667 0.01775 0.04382333333333327 
0 0.7374025000000001 0.5818800000000001 0.026625 0.02115999999999993 
0 0.7351525 0.5965433333333333 0.027125 0.0326566666666666 
0 0.7337775000000001 0.6057066666666666 0.021375 0.033323333333333344 
0 0.7247775000000001 0.6053733333333333 0.01725 0.04532000000000001 
0 0.7569025 0.6195366666666666 0.0265 0.019160000000000007 
0 0.7816525000000001 0.6170366666666667 0.016875 0.04398666666666668 
0 0.7719025 0.6406966666666667 0.015125 0.042323333333333345 
0 0.8149 0.63603 0.011875 0.036993333333333336 
0 0.7916525 0.6398633333333333 0.027997499999999946 0.03649000000000001 
0 0.819025 0.5693833333333334 0.025625 0.02499333333333334 
0 0.8354 0.5730466666666667 0.035875 0.022330000000000003 
0 0.8553999999999999 0.5913766666666667 0.011625 0.04232333333333327 
0 0.8189 0.5897100000000001 0.01575 0.0406566666666666 
0 0.82565 0.59121 0.01825 0.039323333333333266 
0 0.834275 0.5920433333333334 0.019375 0.04148999999999994 
0 0.845025 0.5937100000000001 0.013375 0.04615333333333327 
0 0.86365 0.5978733333333333 0.013125 0.041823333333333344 
0 0.863775 0.5877100000000001 0.018875 0.0406566666666666 
0 0.871775 0.5790466666666667 0.019875 0.03432333333333327 
0 0.8889 0.5828800000000001 0.02575 0.0371566666666666 
0 0.9064 0.5853766666666667 0.0155 0.02765999999999993 
0 0.907775 0.6012066666666667 0.021875 0.04049000000000001 
0 0.8756499999999999 0.6058733333333333 0.016875 0.046653333333333345 
0 0.6634425 0.6242033333333333 0.01375 0.03849000000000001 
0 0.6741925 0.6058766666666667 0.013375 0.04215333333333327 
0 0.6855675 0.6053766666666667 0.01475 0.038489999999999934 
0 0.6954425 0.6413666666666666 0.019 0.03915666666666667 
0 0.7101925 0.6468633333333333 0.0165 0.041490000000000006 
0 0.6963175 0.66586 0.017 0.03332333333333342 
0 0.7364425 0.6525299999999999 0.0115 0.023660000000000007 
0 0.7351925 0.6716933333333334 0.012375 0.026490000000000086 
0 0.772485 0.68241 0.012625 0.02549333333333334 
0 0.802485 0.67158 0.016 0.03499000000000001 
0 0.816985 0.6734133333333333 0.01775 0.03282333333333334 
0 0.85065 0.6895766666666667 0.03 0.02199333333333334 
0 0.92115 0.5972666666666666 0.011625 0.03649000000000001 
0 0.929775 0.5976 0.01475 0.047320000000000015 
0 0.939775 0.5934333333333334 0.017125 0.03849000000000001 
0 0.41322000000000003 0.75473 0.01425 0.02099333333333334 
0 0.3354725 0.7787233333333333 0.013027499999999975 0.026089999999999995 
0 0.190445 0.7241366666666667 0.0195 0.036656666666666754 
0 0.37086 0.46724 0.014125 0.04448666666666668 
0 0.39411 0.40559 0.0195 0.03299000000000001 
0 0.41061000000000003 0.38909333333333335 0.018875 0.04315333333333334 
0 0.40186 0.37276333333333334 0.01975 0.04032333333333334 
0 0.41586 0.36543333333333333 0.018375 0.034156666666666675 
0 0.42611 0.39059333333333335 0.015875 0.04182000000000001 
0 0.40661 0.4510766666666667 0.01525 0.040156666666666674 
0 0.43236 0.4487433333333333 0.01825 0.047820000000000015 
0 0.42973500000000003 0.3451033333333333 0.0125 0.035160000000000004 
0 0.44886000000000004 0.41708666666666666 0.023125 0.03932333333333334 
0 0.46011 0.4412466666666667 0.024 0.032656666666666674 
0 0.46511 0.42525 0.0215 0.03899000000000001 
0 0.45736 0.46157333333333334 0.014625 0.033656666666666675 
0 0.440695 0.34705 0.011872500000000003 0.043986666666666605 
0 0.4493175 0.35988000000000003 0.012625 0.041819999999999934 
0 0.4684425 0.35538000000000003 0.012625 0.03698999999999993 
0 0.4774425 0.35188 0.01225 0.03582333333333327 
0 0.4893175 0.3683766666666667 0.01475 0.029326666666666598 
0 0.4928175 0.32322 0.014375 0.030660000000000045 
0 0.4979425 0.3495466666666667 0.02325 0.030993333333333265 
0 0.5026925 0.32872 0.016 0.038156666666666714 
0 0.5116925 0.3140366666666667 0.018 0.03798999999999997 
0 0.5180675 0.3343666666666667 0.018875 0.03165666666666664 
0 0.47127749999999996 0.3867966666666667 0.014125 0.03748999999999993 
0 0.4765275 0.4017933333333334 0.015875 0.04265333333333327 
0 0.47877749999999997 0.46260999999999997 0.020375 0.03949000000000001 
0 0.49440249999999997 0.44261666666666666 0.025625000000000057 0.035156666666666676 
0 0.5207775 0.34392 0.02325 0.03682333333333334 
0 0.5075275 0.37841 0.016875000000000057 0.04815333333333335 
0 0.5204025 0.36858 0.031625 0.018660000000000006 
0 0.5314025 0.34358666666666665 0.0205 0.02999000000000001 
0 0.5411525 0.31959333333333334 0.015875 0.035156666666666676 
0 0.5451525 0.35425 0.018625 0.020160000000000008 
0 0.5455275 0.3747433333333333 0.01425 0.041823333333333344 
0 0.5287775 0.3885733333333333 0.02025 0.04532333333333334 
0 0.5380275 0.4155666666666667 0.0165 0.04832000000000001 
0 0.5217775 0.42323333333333335 0.017 0.04332000000000001 
0 0.5169025 0.4180666666666667 0.012125 0.03999000000000001 
0 0.5345275 0.4377266666666667 0.0125 0.035160000000000004 
0 0.55436 0.43411666666666665 0.018875 0.041823333333333344 
0 0.571235 0.45027999999999996 0.024375 0.020160000000000008 
0 0.58536 0.46327666666666667 0.019125 0.03282333333333334 
0 0.5752775 0.28138 0.015622499999999945 0.03915666666666667 
0 0.5662775 0.30837333333333333 0.015747499999999946 0.03415666666666664 
0 0.5802775 0.31870333333333334 0.011247499999999945 0.036989999999999974 
0 0.5784025 0.34302999999999995 0.010372499999999946 0.03999000000000001 
0 0.5705275000000001 0.3337 0.00975 0.03248999999999997 
0 0.587025 0.34919666666666666 0.010625 0.03449000000000001 
0 0.6023999999999999 0.3337 0.01675 0.0343233333333333 
0 0.608275 0.3413633333333333 0.016875 0.03216000000000001 
0 0.599275 0.31820333333333334 0.02075 0.031993333333333304 
0 0.5939 0.28887666666666667 0.01625 0.035160000000000004 
0 0.6270249999999999 0.2960433333333333 0.01325 0.03449000000000001 
0 0.644775 0.30071 0.012375 0.03799000000000001 
0 0.6542749999999999 0.2975433333333333 0.011875 0.033323333333333344 
0 0.630775 0.32703333333333334 0.027375 0.029826666666666633 
0 0.6356499999999999 0.3273666666666667 0.025 0.024163333333333297 
0 0.6542749999999999 0.3225366666666667 0.027875 0.0204933333333333 
0 0.6582749999999999 0.33603333333333335 0.0325 0.015496666666666633 
0 0.678275 0.3127066666666667 0.018 0.03298999999999997 
0 0.6871499999999999 0.3367 0.0155 0.03315666666666664 
0 0.612775 0.36585666666666666 0.01225 0.03249333333333334 
0 0.629775 0.35335999999999995 0.02425 0.026660000000000007 
0 0.71515 0.37503333333333333 0.018875 0.033156666666666675 
0 0.708025 0.3673666666666666 0.01275 0.03732333333333334 
0 0.6987749999999999 0.35071 0.024 0.020496666666666594 
0 0.7009 0.3622066666666666 0.0125 0.03466 
0 0.6879 0.3610433333333334 0.015 0.04881999999999993 
0 0.6811499999999999 0.36003999999999997 0.013875 0.040153333333333346 
0 0.6634 0.3757 0.023875 0.04349000000000001 
0 0.6534 0.3795333333333333 0.019375 0.03882333333333334 
0 0.649525 0.35103999999999996 0.0195 0.021163333333333336 
0 0.633275 0.36336999999999997 0.016625 0.03565666666666668 
0 0.630525 0.39269666666666664 0.013625 0.046820000000000014 
0 0.6172775 0.38819666666666663 0.013747499999999946 0.04832000000000001 
0 0.5910275 0.40052666666666664 0.0155 0.041156666666666675 
0 0.5772775 0.40602666666666665 0.014625 0.04832000000000001 
0 0.5970275 0.41185666666666665 0.016375 0.04582333333333334 
0 0.5685275000000001 0.41569 0.012875 0.03649000000000001 
