0 0.4777046783625731 0.559484649122807 0.019005847953216373 0.026041666666666668 
0 0.9395102339181286 0.512609649122807 0.014071637426900584 0.021929824561403508 
0 0.8146929824561403 0.5052083333333334 0.019736842105263157 0.028782894736842105 
0 0.20193713450292397 0.48739035087719296 0.019005847953216373 0.023574561403508772 
0 0.6421783625730995 0.6266447368421053 0.02412280701754386 0.04276315789473684 
0 0.5670687134502924 0.25301535087719296 0.015716374269005847 0.01699561403508772 
0 0.71875 0.49314692982456143 0.019371345029239765 0.030975877192982455 
0 0.7876461988304093 0.6811951754385965 0.02448830409356725 0.039473684210526314 
0 0.46692251461988304 0.6118421052631579 0.01827485380116959 0.05482456140350877 
0 0.8472222222222222 0.6754385964912281 0.03326023391812866 0.02631578947368421 
0 0.5866228070175439 0.6203399122807017 0.02266081871345029 0.042214912280701754 
0 0.8583698830409356 0.6469298245614035 0.025767543859649123 0.03399122807017544 
0 0.2775950292397661 0.5394736842105263 0.02101608187134503 0.047149122807017545 
0 0.9586988304093568 0.5805921052631579 0.017361111111111112 0.035910087719298246 
0 0.40625 0.5753837719298246 0.023026315789473683 0.027412280701754384 
0 0.36403508771929827 0.43338815789473684 0.019554093567251463 0.031524122807017545 
0 0.6076388888888888 0.5180921052631579 0.03033625730994152 0.02549342105263158 
0 0.8432017543859649 0.6419956140350878 0.019919590643274854 0.03673245614035088 
0 0.49488304093567254 0.42872807017543857 0.012792397660818713 0.0356359649122807 
0 0.4411549707602339 0.5570175438596491 0.028691520467836257 0.02138157894736842 
0 0.8947368421052632 0.6428179824561403 0.029788011695906433 0.04139254385964912 
0 0.9099049707602339 0.6077302631578947 0.019919590643274854 0.04029605263157895 
0 0.17653508771929824 0.32401315789473684 0.022112573099415205 0.023300438596491228 
0 0.7315423976608187 0.4901315789473684 0.02010233918128655 0.033168859649122806 
0 0.40095029239766083 0.40460526315789475 0.021198830409356724 0.024945175438596492 
0 0.391812865497076 0.45285087719298245 0.024853801169590642 0.03042763157894737 
0 0.33132309941520466 0.4906798245614035 0.019371345029239765 0.035910087719298246 
0 0.8823099415204678 0.5863486842105263 0.017543859649122806 0.04194078947368421 
0 0.13980263157894737 0.5764802631578947 0.030884502923976608 0.034265350877192985 
0 0.9683845029239766 0.4909539473684211 0.019554093567251463 0.030153508771929825 
0 0.37280701754385964 0.4043311403508772 0.024853801169590642 0.014802631578947368 
0 0.626827485380117 0.602796052631579 0.020833333333333332 0.03974780701754386 
0 0.2134502923976608 0.40597587719298245 0.02503654970760234 0.025767543859649123 
0 0.5581140350877193 0.6274671052631579 0.029239766081871343 0.03399122807017544 
0 0.34868421052631576 0.40158991228070173 0.016264619883040937 0.03070175438596491 
0 0.42671783625730997 0.6186951754385965 0.02320906432748538 0.04331140350877193 
0 0.9033260233918129 0.5115131578947368 0.013888888888888888 0.02055921052631579 
0 0.19937865497076024 0.5139802631578947 0.0222953216374269 0.020833333333333332 
0 0.38084795321637427 0.5032894736842105 0.014437134502923976 0.0400219298245614 
0 0.4906798245614035 0.5833333333333334 0.02631578947368421 0.03125 
0 0.39108187134502925 0.5304276315789473 0.01663011695906433 0.024945175438596492 
0 0.5266812865497076 0.5649671052631579 0.012426900584795321 0.03892543859649123 
0 0.40625 0.5433114035087719 0.01918859649122807 0.03536184210526316 
0 0.7817982456140351 0.4819078947368421 0.03271198830409357 0.03453947368421053 
0 0.24287280701754385 0.31661184210526316 0.01918859649122807 0.01836622807017544 
0 0.8644005847953217 0.4780701754385965 0.017543859649122806 0.024945175438596492 
0 0.12810672514619884 0.5148026315789473 0.0268640350877193 0.03919956140350877 
0 0.4155701754385965 0.40515350877192985 0.016812865497076022 0.033168859649122806 
0 0.8918128654970761 0.5833333333333334 0.015899122807017545 0.026589912280701754 
0 0.7642543859649122 0.6896929824561403 0.02503654970760234 0.0400219298245614 
0 0.326937134502924 0.42351973684210525 0.01425438596491228 0.03536184210526316 
0 0.2982456140350877 0.42543859649122806 0.017726608187134504 0.03179824561403509 
0 0.9486476608187134 0.6633771929824561 0.018092105263157895 0.044407894736842105 
0 0.7251461988304093 0.690515350877193 0.027960526315789474 0.03919956140350877 
0 0.6807383040935673 0.46957236842105265 0.019919590643274854 0.023026315789473683 
0 0.5387426900584795 0.615953947368421 0.022112573099415205 0.039473684210526314 
0 0.51078216374269 0.5098684210526315 0.01516812865497076 0.03508771929824561 
0 0.42872807017543857 0.5287828947368421 0.022112573099415205 0.022478070175438597 
0 0.7083333333333334 0.46984649122807015 0.017909356725146198 0.036458333333333336 
0 0.1829312865497076 0.5800438596491229 0.02284356725146199 0.04276315789473684 
0 0.7225877192982456 0.5838815789473685 0.017361111111111112 0.030975877192982455 
0 0.514985380116959 0.44161184210526316 0.017909356725146198 0.033168859649122806 
0 0.3302266081871345 0.6107456140350878 0.01663011695906433 0.051535087719298246 
0 0.9484649122807017 0.5104166666666666 0.019371345029239765 0.02631578947368421 
0 0.19005847953216373 0.4961622807017544 0.023574561403508772 0.019462719298245616 
0 0.7748538011695907 0.6260964912280702 0.018457602339181287 0.038651315789473686 
0 0.21582602339181287 0.47834429824561403 0.008954678362573099 0.027138157894736843 
0 0.662828947368421 0.5268640350877193 0.018092105263157895 0.04194078947368421 
0 0.5677997076023392 0.42160087719298245 0.021747076023391813 0.02055921052631579 
0 0.5243055555555556 0.5112390350877193 0.019371345029239765 0.026589912280701754 
0 0.3784722222222222 0.5010964912280702 0.005847953216374269 0.006304824561403508 
0 0.8026315789473685 0.6014254385964912 0.013888888888888888 0.03892543859649123 
0 0.5109649122807017 0.6077302631578947 0.02540204678362573 0.048793859649122806 
0 0.9777046783625731 0.5323464912280702 0.02138157894736842 0.03481359649122807 
0 0.36860380116959063 0.5504385964912281 0.021747076023391813 0.025219298245614034 
0 0.3400950292397661 0.5671600877192983 0.027046783625730993 0.03042763157894737 
0 0.39592470760233917 0.7368421052631579 0.02987938596491228 0.04525219298245612 
0 0.9376827485380117 0.5487938596491229 0.019371345029239765 0.032072368421052634 
0 0.3704312865497076 0.42105263157894735 0.02412280701754386 0.020833333333333332 
0 0.11293859649122807 0.5435855263157895 0.01864035087719298 0.03618421052631579 
0 0.3675073099415205 0.5211074561403509 0.015533625730994151 0.03042763157894737 
0 0.19170321637426901 0.2552083333333333 0.019736842105263157 0.016721491228070175 
0 0.5240606725146199 0.6071820175438597 0.026195175438596518 0.058793859649122815 
0 0.3570906432748538 0.4446271929824561 0.014985380116959063 0.03262061403508772 
0 0.7673611111111112 0.5699013157894737 0.017361111111111112 0.04358552631578947 
0 0.420687134502924 0.4928728070175439 0.015899122807017545 0.03755482456140351 
0 0.20760233918128654 0.5890899122807017 0.034173976608187134 0.03453947368421053 
0 0.9342105263157895 0.6181469298245614 0.022112573099415205 0.043859649122807015 
0 0.48775584795321636 0.4180372807017544 0.010599415204678362 0.030975877192982455 
0 0.6103801169590644 0.5518092105263158 0.025584795321637425 0.03399122807017544 
0 0.652046783625731 0.5863486842105263 0.013706140350877192 0.036458333333333336 
0 0.8324195906432749 0.5400219298245614 0.015533625730994151 0.03289473684210526 
0 0.748172514619883 0.4928728070175439 0.017361111111111112 0.03179824561403509 
0 0.36293859649122806 0.5794956140350878 0.012792397660818713 0.03262061403508772 
0 0.4959795321637427 0.4753289473684211 0.014437134502923976 0.03892543859649123 
0 0.7885599415204678 0.5112390350877193 0.01425438596491228 0.03618421052631579 
0 0.39747807017543857 0.42214912280701755 0.014619883040935672 0.033168859649122806 
0 0.6237207602339181 0.4934210526315789 0.015899122807017545 0.024945175438596492 
0 0.647843567251462 0.46600877192982454 0.017543859649122806 0.03042763157894737 
0 0.8744517543859649 0.5361842105263158 0.019371345029239765 0.03728070175438596 
0 0.8468567251461988 0.5625 0.017726608187134504 0.04632675438596491 
0 0.5836988304093568 0.4300986842105263 0.017361111111111112 0.03892543859649123 
0 0.9532163742690059 0.6167763157894737 0.016812865497076022 0.030975877192982455 
0 0.8925438596491229 0.4936951754385965 0.017726608187134504 0.033717105263157895 
0 0.24305555555555555 0.4610745614035088 0.011330409356725146 0.042214912280701754 
0 0.19499269005847952 0.625 0.016264619883040937 0.04632675438596491 
0 0.5849780701754386 0.5287828947368421 0.022112573099415205 0.025767543859649123 
0 0.4826388888888889 0.4487390350877193 0.01206140350877193 0.03399122807017544 
0 0.3389985380116959 0.42077850877192985 0.010416666666666666 0.034265350877192985 
0 0.9385964912280702 0.6058114035087719 0.01882309941520468 0.02823464912280702 
0 0.9826388888888888 0.6088267543859649 0.01663011695906433 0.03782894736842105 
0 0.8382675438596491 0.4887609649122807 0.010416666666666666 0.02275219298245614 
0 0.4819078947368421 0.5778508771929824 0.023391812865497075 0.03262061403508772 
0 0.5539108187134503 0.5885416666666666 0.031067251461988302 0.029331140350877194 
0 0.6434576023391813 0.5148026315789473 0.01699561403508772 0.01918859649122807 
0 0.9802631578947368 0.6650219298245614 0.018092105263157895 0.0537280701754386 
0 0.8718932748538012 0.6271929824561403 0.014619883040935672 0.02138157894736842 
0 0.6836622807017544 0.4468201754385965 0.013888888888888888 0.026041666666666668 
0 0.2189327485380117 0.4388706140350877 0.014437134502923976 0.031524122807017545 
0 0.34100877192982454 0.4986293859649123 0.021929824561403508 0.026589912280701754 
0 0.44316520467836257 0.44051535087719296 0.021198830409356724 0.028782894736842105 
0 0.3364400584795322 0.537828947368421 0.014802631578947368 0.044928728070175464 
0 0.5862573099415205 0.4882127192982456 0.017543859649122806 0.021655701754385966 
0 0.8775584795321637 0.4761513157894737 0.017726608187134504 0.025767543859649123 
0 0.24031432748538012 0.5233004385964912 0.016812865497076022 0.044956140350877194 
0 0.2538377192982456 0.4882127192982456 0.023940058479532164 0.01781798245614035 
0 0.11732456140350878 0.3026315789473684 0.017178362573099414 0.0200109649122807 
0 0.40880847953216376 0.5836074561403509 0.027777777777777776 0.04057017543859649 
0 0.5964912280701754 0.4805372807017544 0.010599415204678362 0.03344298245614035 
0 0.2638888888888889 0.5501644736842105 0.021747076023391813 0.028782894736842105 
0 0.6927997076023392 0.5331688596491229 0.013888888888888888 0.036458333333333336 
0 0.27923976608187134 0.5074013157894737 0.019371345029239765 0.021107456140350877 
0 0.28252923976608185 0.4643640350877193 0.014619883040935672 0.030153508771929825 
0 0.8448464912280702 0.5372807017543859 0.01425438596491228 0.041666666666666664 
0 0.620796783625731 0.4701206140350877 0.02046783625730994 0.03125 
0 0.37719298245614036 0.43859649122807015 0.025584795321637425 0.01864035087719298 
0 0.4778874269005848 0.537828947368421 0.02503654970760234 0.020285087719298246 
0 0.2711988304093567 0.5466008771929824 0.007309941520467836 0.013980263157894737 
0 0.5221125730994152 0.42653508771929827 0.01516812865497076 0.033717105263157895 
0 0.4756944444444444 0.42598684210526316 0.012426900584795321 0.02823464912280702 
0 0.9066154970760234 0.528234649122807 0.015899122807017545 0.03536184210526316 
0 0.4471856725146199 0.40926535087719296 0.01516812865497076 0.033717105263157895 
0 0.8212719298245614 0.5548245614035088 0.019554093567251463 0.03262061403508772 
0 0.6460160818713451 0.5353618421052632 0.013523391812865496 0.027412280701754384 
0 0.2233187134502924 0.47944078947368424 0.019554093567251463 0.02768640350877193 
0 0.6345029239766082 0.5770285087719298 0.02850877192982456 0.024396929824561403 
0 0.8236476608187134 0.5180921052631579 0.01644736842105263 0.027960526315789474 
0 0.5111476608187134 0.4662828947368421 0.01827485380116959 0.03453947368421053 
0 0.7339181286549707 0.5408442982456141 0.03289473684210526 0.026589912280701754 
0 0.5104166666666666 0.5501644736842105 0.011513157894736841 0.030153508771929825 
0 0.5646929824561403 0.4128289473684211 0.01827485380116959 0.02768640350877193 
0 0.5542763157894737 0.45285087719298245 0.015533625730994151 0.027412280701754384 
0 0.3607456140350877 0.5046600877192983 0.010416666666666666 0.033717105263157895 
0 0.31140350877192985 0.4029605263157895 0.024671052631578948 0.02412280701754386 
0 0.2777777777777778 0.43283991228070173 0.015533625730994151 0.02850877192982456 
0 0.4373172514619883 0.4251644736842105 0.013523391812865496 0.03262061403508772 
0 0.19334795321637427 0.5910087719298246 0.021564327485380116 0.04084429824561404 
0 0.38633040935672514 0.5142543859649122 0.01516812865497076 0.033717105263157895 
0 0.6337719298245614 0.6154057017543859 0.0222953216374269 0.03070175438596491 
0 0.40460526315789475 0.5257675438596491 0.027046783625730993 0.027138157894736843 
0 0.5252192982456141 0.4956140350877193 0.011695906432748537 0.03125 
0 0.8629385964912281 0.5619517543859649 0.01827485380116959 0.02549342105263158 
0 0.9879385964912281 0.6488486842105263 0.011695906432748537 0.02850877192982456 
0 0.29385964912280704 0.5460526315789473 0.015350877192982455 0.04577850877192982 
0 0.3198099415204678 0.48026315789473684 0.010599415204678362 0.035910087719298246 
0 0.8441154970760234 0.49835526315789475 0.022478070175438597 0.021107456140350877 
0 0.7097953216374269 0.6260964912280702 0.018457602339181287 0.03344298245614035 
0 0.6050804093567251 0.4133771929824561 0.0268640350877193 0.018092105263157895 
0 0.5740131578947368 0.4564144736842105 0.02046783625730994 0.01864035087719298 
0 0.28746345029239767 0.45668859649122806 0.024305555555555556 0.01918859649122807 
0 0.4992690058479532 0.5200109649122807 0.01206140350877193 0.026589912280701754 
0 0.46326754385964913 0.4517543859649123 0.019736842105263157 0.026589912280701754 
0 0.4407894736842105 0.5970394736842105 0.035999634502923934 0.032275219298245554 
0 0.24817251461988304 0.49506578947368424 0.0266812865497076 0.024396929824561403 
0 0.9623538011695907 0.5490679824561403 0.01699561403508772 0.02768640350877193 
0 0.9407894736842105 0.5345394736842105 0.026133040935672515 0.024396929824561403 
0 0.7383040935672515 0.6587171052631579 0.01644736842105263 0.047149122807017545 
0 0.9179459064327485 0.59375 0.020285087719298246 0.03700657894736842 
0 0.3934576023391813 0.6899671052631579 0.034722222222222224 0.021929824561403508 
0 0.7158260233918129 0.549890350877193 0.017543859649122806 0.03782894736842105 
0 0.26589912280701755 0.5191885964912281 0.03289473684210526 0.023848684210526317 
0 0.8432017543859649 0.515625 0.013706140350877192 0.02055921052631579 
0 0.9296418128654971 0.518640350877193 0.015716374269005847 0.023026315789473683 
0 0.7083333333333334 0.5734649122807017 0.012975146198830409 0.039473684210526314 
0 0.6573464912280702 0.4791666666666667 0.015899122807017545 0.0356359649122807 
0 0.8254751461988304 0.5109649122807017 0.013706140350877192 0.02631578947368421 
0 0.13121345029239767 0.2642543859649123 0.014985380116959063 0.020833333333333332 
0 0.8373538011695907 0.5183662280701754 0.010599415204678362 0.02631578947368421 
0 0.7604166666666666 0.6203399122807017 0.013157894736842105 0.03070175438596491 
0 0.567249634502924 0.4596902412280702 0.018824926900584835 0.041406249999999985 
0 0.8925438596491229 0.5515350877192983 0.018457602339181287 0.035910087719298246 
0 0.9172149122807017 0.5605811403508771 0.02448830409356725 0.023026315789473683 
0 0.6006944444444444 0.5150767543859649 0.02448830409356725 0.014802631578947368 
0 0.13779239766081872 0.6080043859649122 0.029239766081871343 0.02412280701754386 
0 0.2891081871345029 0.4457236842105263 0.017361111111111112 0.012335526315789474 
0 0.9791666666666666 0.26452850877192985 0.019919590643274854 0.017543859649122806 
0 0.6489400584795322 0.6389802631578947 0.021564327485380116 0.04797149122807018 
0 0.9311038011695907 0.5808662280701754 0.013888888888888888 0.026041666666666668 
0 0.2336421783625731 0.44433114035087723 0.016175073099415203 0.02798245614035086 
0 0.28417397660818716 0.5381030701754386 0.005299707602339181 0.015899122807017545 
0 0.9369517543859649 0.5024671052631579 0.015716374269005847 0.014802631578947368 
0 0.9071637426900585 0.5638706140350878 0.011878654970760233 0.04550438596491228 
0 0.4906798245614035 0.4613486842105263 0.02412280701754386 0.02138157894736842 
0 0.9685672514619883 0.6576206140350878 0.014619883040935672 0.04797149122807018 
0 0.5177266081871345 0.5389254385964912 0.015716374269005847 0.0381030701754386 
0 0.4616228070175439 0.5556469298245614 0.015716374269005847 0.03728070175438596 
0 0.1059923245614035 0.5172203947368421 0.033625730994152045 0.03452850877192983 
0 0.13139437134502924 0.489813596491228 0.018457602339181287 0.032886513157894745 
0 0.14382127192982455 0.48049616228070174 0.026133040935672515 0.03836622807017545 
0 0.14875548245614034 0.47145285087719296 0.023574561403508772 0.038092105263157906 
0 0.17415752923976607 0.4783031798245614 0.01516812865497076 0.027132675438596498 
0 0.16282711988304094 0.5229742324561404 0.022478070175438597 0.03370888157894738 
0 0.163375365497076 0.5942269736842105 0.013157894736842105 0.038640350877192996 
0 0.17251279239766082 0.5901178728070176 0.019736842105263157 0.04384594298245609 
0 0.18841191520467837 0.4473355263157895 0.018457602339181287 0.04987664473684206 
0 0.20175255847953216 0.45665296052631577 0.016264619883040937 0.032338267543859656 
0 0.21527595029239766 0.5120120614035087 0.019919590643274854 0.045493421052631586 
0 0.22916483918128655 0.5183141447368421 0.013887061403508774 0.043300438596491235 
0 0.2514601608187135 0.5435279605263158 0.025948464912280703 0.02740405701754393 
0 0.2224031432748538 0.5015981359649122 0.024120979532163744 0.02110197368421053 
0 0.21107273391812867 0.4678892543859649 0.01425438596491228 0.023294956140350882 
0 0.20321454678362574 0.43171600877192984 0.017178362573099414 0.03452850877192977 
0 0.22660635964912282 0.4125328947368421 0.03855811403508772 0.027129934210526323 
0 0.227702850877193 0.4604906798245614 0.01900402046783626 0.0326123903508772 
0 0.2531030701754386 0.45555646929824556 0.014071637426900584 0.03425712719298246 
0 0.23300255847953216 0.4285745614035088 0.02942251461988304 0.03247532894736843 
0 0.2518256578947368 0.4245997807017544 0.015350877192982455 0.027680921052631584 
0 0.26480080409356727 0.42076480263157895 0.015899122807017545 0.03781798245614036 
0 0.2606889619883041 0.4511842105263158 0.011239035087719298 0.016441885964912285 
0 0.26388706140350876 0.4658442982456141 0.019736842105263157 0.03316063596491223 
0 0.2721107456140351 0.4595422149122807 0.01206140350877193 0.024802631578947375 
0 0.27887244152046786 0.43090460526315794 0.02403143274853801 0.03672149122807018 
0 0.27932931286549706 0.4095285087719298 0.013980263157894737 0.030008223684210533 
0 0.2641611842105263 0.3980180921052632 0.029513888888888888 0.026718750000000006 
0 0.2903855994152047 0.3993887061403509 0.014437134502923976 0.03151589912280703 
0 0.29495431286549706 0.40103344298245613 0.030610380116959063 0.028774671052631585 
0 0.2147295321637427 0.5018996710526316 0.010325292397660819 0.016992872807017546 
0 0.25621162280701754 0.5072450657894737 0.023483187134502925 0.033023574561403514 
0 0.2520084064327485 0.5347861842105264 0.02942251461988304 0.020005482456140356 
0 0.29742141812865497 0.5032702850877193 0.013157894736842105 0.04192982456140352 
0 0.30628472222222225 0.510671600877193 0.01745248538011696 0.054259868421052584 
0 0.3212701023391813 0.5113541666666667 0.01206140350877193 0.02452850877192983 
0 0.3127722953216374 0.5258908991228071 0.015625 0.04288925438596486 
0 0.3143256578947368 0.5342516447368422 0.02631578947368421 0.040833333333333284 
0 0.316061769005848 0.5668640350877193 0.027320906432748537 0.026718749999999944 
0 0.32483369883040936 0.5578179824561403 0.014894005847953216 0.010139802631578888 
0 0.3338797514619883 0.577686403508772 0.00932017543859649 0.020690789473684214 
0 0.34859100877192983 0.5300027412280702 0.01663011695906433 0.04782072368421054 
0 0.3552613304093567 0.5476781798245615 0.02887426900584791 0.025762061403508715 
0 0.33333150584795324 0.5191748903508772 0.02987938596491228 0.022469846491228077 
0 0.37307931286549706 0.5616529605263157 0.01681286549707598 0.05179550438596499 
0 0.3643073830409357 0.4960169956140351 0.02576754385964908 0.0237061403508772 
0 0.38678545321637425 0.5504166666666667 0.019919590643274854 0.05357456140350879 
0 0.27595029239766083 0.49052357456140355 0.029968932748538013 0.022743969298245622 
0 0.29568530701754386 0.47270833333333334 0.010782163742690058 0.020827850877192987 
0 0.3031779970760234 0.473530701754386 0.017178362573099414 0.046589912280701765 
0 0.3073812134502924 0.46421326754385966 0.014619883040935672 0.02904879385964913 
0 0.3108534356725146 0.4561293859649123 0.015533625730994151 0.02562225877192983 
0 0.32291483918128655 0.46380208333333334 0.01663011695906433 0.046726973684210533 
0 0.31980811403508774 0.4532510964912281 0.027320906432748537 0.024117324561403513 
0 0.3458497807017544 0.4287171052631579 0.014985380116959063 0.037409539473684215 
0 0.3344279970760234 0.45845394736842104 0.01471125730994152 0.0316529605263158 
0 0.34411366959064327 0.4731140350877193 0.020924707602339183 0.02014254385964913 
0 0.347311769005848 0.4598218201754386 0.014163011695906433 0.017815241228070176 
0 0.3656779970760234 0.4483141447368421 0.02448830409356721 0.03672149122807018 
0 0.34977887426900584 0.48517269736842106 0.02759502923976604 0.017127192982456144 
0 0.3735361842105263 0.4753070175438597 0.027777777777777735 0.023020833333333338 
0 0.3866940789473684 0.4529714912280702 0.02055921052631579 0.027129934210526323 
0 0.3940040204678362 0.4721546052631579 0.023391812865497075 0.028774671052631585 
0 0.3927247807017544 0.4861321271929825 0.028143274853801168 0.02247258771929825 
0 0.394735014619883 0.5020257675438596 0.011970029239766082 0.015485197368421055 
0 0.4005829678362573 0.4988760964912281 0.02448830409356725 0.03000822368421047 
0 0.3149671052631579 0.4206332236842105 0.016171418128654972 0.03850328947368422 
0 0.32693530701754386 0.405561951754386 0.019462719298245616 0.018497807017543864 
0 0.3228234649122807 0.39226973684210525 0.024671052631578948 0.013292214912280704 
0 0.35873355263157897 0.39350328947368424 0.03335160818713446 0.027266995614035096 
0 0.35644919590643276 0.4150164473684211 0.016264619883040937 0.02959703947368422 
0 0.3706122076023392 0.41707236842105266 0.02759502923976604 0.025074013157894745 
0 0.3943695175438596 0.5525630482456141 0.021198830409356724 0.0627576754385965 
0 0.40670504385964906 0.4235060307017544 0.02412280701754386 0.04247807017543861 
0 0.41575109649122804 0.45392543859649126 0.01343201754385965 0.03726973684210527 
0 0.4272642543859649 0.46283168859649126 0.012426900584795321 0.03795504385964907 
0 0.43713267543859646 0.46831140350877193 0.014985380116959063 0.03987664473684205 
0 0.42854349415204673 0.4384402412280702 0.01827485380116959 0.03247532894736843 
0 0.450016447368421 0.45337719298245616 0.01425438596491228 0.03151589912280703 
0 0.4256195175438596 0.39897752192982455 0.02046783625730994 0.045493421052631586 
0 0.46052448830409354 0.4043229166666667 0.013523391812865496 0.041107456140350884 
0 0.47112390350877187 0.4210389254385965 0.009685672514619883 0.021650219298245617 
0 0.45979349415204673 0.44063322368421054 0.015716374269005847 0.032338267543859656 
0 0.43941703216374267 0.47516447368421055 0.02448830409356725 0.036995614035087665 
0 0.5051151315789473 0.41006030701754387 0.015533625730994151 0.027132675438596498 
0 0.4932364766081871 0.39334429824561407 0.03234649122807018 0.01973135964912281 
0 0.43238304093567254 0.5049122807017544 0.01854714912280698 0.029459978070175447 
0 0.44645285087719294 0.5020339912280702 0.011513157894736841 0.038229166666666675 
0 0.4563212719298245 0.4910718201754386 0.01653874269005848 0.03946271929824562 
0 0.45924524853801163 0.46654605263157894 0.026041666666666668 0.027952302631578954 
0 0.46646381578947366 0.48572916666666666 0.012701023391812866 0.04384594298245615 
0 0.42023026315789475 0.548623903508772 0.030791301169590602 0.020827850877192987 
0 0.44928545321637425 0.5272478070175439 0.027138157894736843 0.023155153508771877 
0 0.47560124269005843 0.48230263157894737 0.02101608187134503 0.03946271929824562 
0 0.47386513157894733 0.50984375 0.014437134502923976 0.04357456140350872 
0 0.4863834064327485 0.481343201754386 0.018457602339181287 0.03946271929824562 
0 0.48099232456140345 0.5156003289473684 0.024945175438596492 0.02562225877192983 
0 0.4507474415204678 0.5391694078947369 0.023848684210526317 0.020142543859649066 
0 0.47633223684210524 0.5517735745614035 0.02860014619883041 0.029871162280701823 
0 0.49488121345029235 0.5446491228070176 0.02448830409356725 0.03055646929824556 
0 0.34466191520467837 0.6164336622807017 0.014985380116959063 0.043848684210526324 
0 0.35800255847953216 0.606842105263158 0.01864035087719294 0.04933114035087708 
0 0.434391447368421 0.6090350877192983 0.027595029239766082 0.03370888157894732 
0 0.4380464181286549 0.5827275219298246 0.027595029239766082 0.02164747807017551 
0 0.4650932017543859 0.5843695175438597 0.026498538011695907 0.02795504385964913 
0 0.4835508040935672 0.6112280701754387 0.021562500000000043 0.02795230263157889 
0 0.5043823099415204 0.5914967105263158 0.014619883040935672 0.04932839912280697 
0 0.5157127192982456 0.576422697368421 0.016812865497076022 0.054536732456140304 
0 0.4482803362573099 0.5712171052631579 0.02284356725146199 0.01836074561403509 
0 0.4266246345029239 0.5553508771929825 0.015076754385964912 0.05261787280701749 
0 0.5081304824561403 0.4754468201754386 0.013523391812865496 0.04576754385964913 
0 0.5247605994152046 0.4395476973684211 0.027595029239766082 0.04179276315789475 
0 0.5260398391812865 0.42241776315789475 0.015259502923976608 0.02535087719298246 
0 0.5277759502923977 0.41104440789473684 0.019919590643274854 0.03549067982456141 
0 0.5450456871345029 0.40940241228070173 0.023574561403508772 0.03192708333333334 
0 0.5490661549707602 0.4177604166666667 0.019462719298245616 0.03151589912280703 
0 0.5423044590643274 0.44050712719298246 0.018457602339181287 0.05316611842105264 
0 0.5313395467836257 0.47722861842105263 0.029513888888888888 0.041518640350877205 
0 0.49926717836257306 0.43666940789473685 0.01608187134502924 0.027129934210526323 
0 0.5614930555555555 0.47311677631578947 0.01699561403508772 0.03836896929824562 
0 0.5586604532163743 0.4398218201754386 0.029788011695906433 0.016853070175438602 
0 0.5349031432748538 0.520811403508772 0.022934941520467836 0.0335718201754386 
0 0.5310654239766082 0.5462993421052632 0.018092105263157895 0.038092105263157906 
0 0.5458680555555555 0.5501370614035088 0.027046783625730993 0.038092105263157906 
0 0.5394718567251462 0.5473958333333333 0.02503654970760234 0.02712993421052626 
0 0.5497057748538011 0.555342653508772 0.03536184210526316 0.0378179824561403 
0 0.5363651315789473 0.578374451754386 0.02320906432748538 0.03726973684210527 
0 0.559939692982456 0.6100246710526316 0.033444809941520506 0.050389254385964956 
0 0.5488834064327485 0.4769654605263158 0.020833333333333332 0.06262061403508773 
0 0.5643256578947368 0.5068366228070176 0.030610380116959063 0.027269736842105267 
0 0.5632291666666667 0.5223218201754386 0.03344298245614035 0.026581688596491234 
0 0.5437682748538012 0.518484100877193 0.022750365497075983 0.031790021929824566 
0 0.5705391081871345 0.5469873903508772 0.02540204678362573 0.04302357456140352 
0 0.5921948099415204 0.5402713815789474 0.024945175438596492 0.039736842105263105 
0 0.5937481725146199 0.5621957236842104 0.018183479532163743 0.033571820175438666 
0 0.6097386695906433 0.5321875 0.03188961988304093 0.03412006578947363 
0 0.5778490497076023 0.4979303728070176 0.02677266081871345 0.02672149122807018 
0 0.6059923245614035 0.4957373903508772 0.033717105263157895 0.030010964912280707 
0 0.6046217105263157 0.4718969298245614 0.0245796783625731 0.041655701754385974 
0 0.5849762426900584 0.4665515350877193 0.025127923976608187 0.02535087719298246 
0 0.569718567251462 0.5823574561403508 0.025857090643274815 0.036584429824561414 
0 0.5957584064327485 0.5904413377192982 0.019005847953216373 0.052617872807017615 
0 0.6051699561403509 0.5827686403508772 0.014163011695906433 0.051247258771929774 
0 0.6087335526315789 0.5841392543859649 0.027412280701754384 0.07152686403508768 
0 0.6175054824561403 0.5635855263157895 0.0266812865497076 0.025896381578947313 
0 0.6287445175438596 0.5434429824561403 0.02549342105263158 0.038777412280701765 
0 0.6498519736842104 0.5581030701754386 0.022934941520467836 0.016992872807017483 
0 0.5911293859649123 0.4259073464912281 0.014985380116959063 0.03836896929824562 
0 0.6035562865497076 0.43248629385964915 0.014985380116959063 0.03452850877192983 
0 0.6027649853801169 0.4269133771929825 0.041849415204678365 0.02712993421052626 
0 0.6103490497076023 0.44075109649122807 0.019005847953216373 0.04028508771929826 
0 0.627984283625731 0.4534950657894737 0.017361111111111112 0.0395997807017544 
0 0.6416904239766081 0.4611677631578947 0.01471125730994152 0.041655701754385974 
0 0.6321875 0.49405427631578946 0.02101608187134503 0.016855811403508773 
0 0.6362079678362573 0.5257072368421053 0.02238669590643275 0.02233552631578948 
0 0.6511933479532164 0.5014528508771929 0.0212883771929825 0.05042763157894738 
0 0.6678216374269006 0.48528508771929824 0.012426900584795321 0.05398848684210528 
0 0.6744919590643275 0.4804879385964912 0.01617324561403509 0.04247807017543861 
0 0.6434265350877193 0.4395175438596491 0.015625 0.027269736842105267 
0 0.6569499269005847 0.44212171052631577 0.016902412280701797 0.043163377192982466 
0 0.669375 0.446781798245614 0.01781798245614035 0.036036184210526324 
0 0.6513760964912281 0.5310526315789473 0.013795687134502967 0.0282264254385965 
0 0.6793347953216374 0.5235142543859649 0.017178362573099414 0.03247532894736843 
0 0.6853673245614035 0.4884429824561403 0.019097222222222224 0.04124451754385966 
0 0.697063230994152 0.4661074561403509 0.014071637426900584 0.04809484649122808 
0 0.692220394736842 0.45089912280701755 0.012426900584795321 0.02575932017543854 
0 0.7173483187134503 0.4795367324561403 0.02275219298245614 0.02959703947368422 
0 0.7116831140350877 0.5126973684210526 0.017543859649122806 0.038229166666666675 
0 0.7028198099415205 0.5228371710526316 0.026589912280701754 0.03685855263157896 
0 0.6943220029239766 0.501735197368421 0.019554093567251463 0.03480263157894738 
0 0.7245668859649123 0.519547697368421 0.014528508771929825 0.02233552631578948 
0 0.7370851608187134 0.5185882675438597 0.012792397660818713 0.026036184210526322 
0 0.7491465643274854 0.5152987938596492 0.01425438596491228 0.03480537280701755 
0 0.7519791666666666 0.528453947368421 0.01854714912280698 0.04083333333333341 
0 0.7676023391812865 0.5346217105263158 0.012883771929824562 0.037269736842105335 
0 0.7294097222222222 0.5483223684210526 0.02284356725146199 0.05083607456140352 
0 0.7405573830409357 0.5650411184210526 0.02421235380116955 0.040833333333333346 
0 0.6776918859649123 0.5542160087719298 0.01882309941520468 0.03206414473684211 
0 0.687468932748538 0.5528453947368421 0.01617324561403509 0.054125548245614045 
0 0.6987993421052632 0.5670942982456141 0.012701023391812866 0.05290296052631573 
0 0.6854586988304093 0.5862883771929825 0.017269736842105265 0.04658991228070164 
0 0.666970029239766 0.5676535087719299 0.0245796783625731 0.045493421052631586 
0 0.6629495614035087 0.5743667763157895 0.023574561403508772 0.04261513157894738 
0 0.6634064327485379 0.6010882675438597 0.02055921052631579 0.04987664473684206 
0 0.680219298245614 0.6158991228070176 0.009777046783625731 0.038640350877192996 
0 0.6637719298245613 0.6294654605263158 0.015350877192982455 0.052891995614035035 
0 0.6722697368421052 0.6548135964912282 0.03216374269005848 0.049194078947368304 
0 0.6846052631578947 0.6398793859649123 0.02585891812865497 0.05481085526315785 
0 0.6893567251461988 0.6271354166666666 0.023757309941520467 0.04809484649122802 
0 0.7014181286549708 0.613843201754386 0.02284356725146199 0.040970394736842115 
0 0.718048245614035 0.5963048245614035 0.02549342105263158 0.05042489035087714 
0 0.7375109649122806 0.5950712719298246 0.021290204678362575 0.04932839912280697 
0 0.7463742690058479 0.598497807017544 0.017726608187134504 0.03274945175438591 
0 0.7523135964912281 0.6361787280701755 0.021290204678362575 0.0342571271929824 
0 0.7360489766081871 0.6302878289473685 0.016721491228070175 0.05248081140350872 
0 0.7214290935672515 0.6322066885964912 0.01836622807017544 0.06248355263157896 
0 0.7100073099415204 0.6571436403508772 0.01516812865497076 0.04206688596491217 
0 0.7527704678362572 0.5665707236842105 0.015350877192982455 0.045904605263157906 
0 0.6645321637426901 0.6687445175438597 0.03490497076023392 0.05425986842105265 
0 0.7600804093567252 0.49502741228070174 0.019097222222222224 0.04247807017543861 
0 0.7715021929824561 0.4985910087719298 0.023757309941520467 0.038092105263157906 
0 0.7791776315789474 0.5201041666666666 0.025310672514619884 0.03905153508771931 
0 0.7757054093567252 0.5407949561403509 0.017178362573099414 0.03754385964912288 
0 0.7808223684210526 0.5627192982456141 0.013888888888888888 0.04823190789473679 
0 0.7976352339181286 0.513390899122807 0.012426900584795321 0.03507675438596492 
0 0.808234649122807 0.5135279605263158 0.013706140350877192 0.05344024122807025 
0 0.7996454678362572 0.5446326754385965 0.019005847953216373 0.052480811403508784 
0 0.7923355263157894 0.5558689692982456 0.01864035087719298 0.04494243421052639 
0 0.7899597953216374 0.576422697368421 0.013706140350877192 0.052891995614035035 
0 0.7508516081871345 0.6578399122807018 0.017635233918128657 0.04960252192982451 
0 0.7590752923976608 0.6655126096491228 0.019005847953216373 0.04754660087719293 
0 0.7752485380116959 0.6367379385964913 0.026041666666666668 0.0574122807017544 
0 0.7849342105263157 0.6674314692982456 0.022112573099415205 0.027266995614035158 
0 0.7982748538011696 0.6257757675438597 0.012701023391812866 0.04288925438596492 
0 0.8090570175438596 0.6381058114035087 0.009594298245614035 0.034805372807017614 
0 0.8170979532163742 0.6575657894736843 0.025584795321637425 0.04932839912280697 
0 0.8181030701754386 0.6435882675438597 0.03079312865497076 0.05439967105263165 
0 0.8113413742690058 0.6697587719298246 0.033717105263157895 0.052754934210526266 
0 0.7818274853801169 0.6019325657894736 0.01663011695906433 0.03672149122807018 
0 0.764923245614035 0.6034402412280702 0.019005847953216373 0.05111019736842113 
0 0.8106103801169591 0.6013843201754385 0.022203947368421052 0.04357456140350878 
0 0.8143567251461988 0.5930263157894737 0.03125 0.0457648026315789 
0 0.831626461988304 0.6387911184210526 0.01516812865497076 0.01795230263157901 
0 0.8389364035087719 0.6057702850877192 0.02147295321637427 0.05535635964912282 
0 0.8556871345029239 0.6090131578947368 0.023026315789473683 0.041107456140350884 
0 0.8173099415204678 0.5618749999999999 0.019371345029239765 0.04850603070175446 
0 0.8324780701754385 0.586266447368421 0.01699561403508772 0.026581688596491296 
0 0.8560526315789473 0.5851699561403508 0.01864035087719298 0.038914473684210533 
0 0.8770687134502924 0.6498464912280701 0.01699561403508772 0.04905427631578955 
0 0.8920540935672514 0.6572450657894737 0.023940058479532164 0.033983004385964855 
0 0.9101461988304093 0.6413514254385965 0.031430921052631705 0.043297697368421005 
0 0.8973538011695906 0.600515350877193 0.015350877192982455 0.04192982456140352 
0 0.8745102339181287 0.5911979166666667 0.014802631578947368 0.03535361842105258 
0 0.8202960526315789 0.5324424342105263 0.013614766081871345 0.023843201754385968 
0 0.8538304093567252 0.5138075657894736 0.02448830409356725 0.04919133771929832 
0 0.8679020467836257 0.5573821271929824 0.028782894736842105 0.02671875000000007 
0 0.8804203216374269 0.6228782894736843 0.0222953216374269 0.027406798245613914 
0 0.7938888888888889 0.48118146929824557 0.024945175438596492 0.023840460526315797 
0 0.8088742690058479 0.4751507675438596 0.019736842105263157 0.0395997807017544 
0 0.8171893274853801 0.479125548245614 0.03654970760233918 0.026444627192982465 
0 0.8562061403508772 0.49529331140350874 0.022112573099415205 0.033023574561403514 
0 0.8734758771929825 0.4965268640350877 0.024945175438596492 0.021650219298245617 
0 0.8666228070175438 0.5094078947368421 0.025584795321637425 0.019320175438596498 
0 0.8666228070175438 0.5243503289473684 0.026133040935672515 0.016855811403508773 
0 0.8861769005847953 0.5201041666666666 0.017909356725146198 0.019320175438596498 
0 0.886359649122807 0.5359978070175438 0.023757309941520467 0.0202796052631579 
0 0.9175182748538011 0.5287362938596492 0.027412280701754384 0.046589912280701765 
0 0.9185233918128655 0.576968201754386 0.010964912280701754 0.022198464912280707 
0 0.9086549707602339 0.4858470394736842 0.025950292397660817 0.026447368421052636 
0 0.9143201754385964 0.5081825657894736 0.02010233918128655 0.018634868421052636 
0 0.9188888888888889 0.5233936403508772 0.019371345029239765 0.02617050438596492 
0 0.9271125730994152 0.6307072368421053 0.02238669590643275 0.05206962719298241 
0 0.9572971491228071 0.6369051535087719 0.016355994152046784 0.04001096491228071 
0 0.946469298245614 0.5907154605263157 0.012701023391812866 0.02808936403508779 
0 0.9694042397660818 0.591469298245614 0.01827485380116959 0.0317872807017544 
0 0.9679568713450292 0.6190542763157895 0.022021198830409358 0.03781798245614036 
0 0.9704239766081871 0.5558854166666667 0.020833333333333332 0.03507675438596492 
0 0.9850438596491228 0.5699972587719297 0.015716374269005847 0.03946546052631586 
0 0.948859649122807 0.5565707236842105 0.019005847953216373 0.030693530701754457 
0 0.9477631578947369 0.5750685307017543 0.015442251461988304 0.021239035087719304 
0 0.984343932748538 0.4733168859649123 0.015442251461988304 0.02706140350877194 
0 0.9649415204678362 0.5221518640350877 0.017178362573099414 0.035350877192982466 
0 0.9844956140350877 0.5246162280701754 0.015990497076023392 0.03124177631578948 
0 0.796173245614035 0.3353453947368421 0.018092105263157895 0.03151589912280703 
0 0.9446856725146199 0.286655701754386 0.022112573099415205 0.023566337719298253 
0 0.1489985380116959 0.32552905701754387 0.021564327485380116 0.0326123903508772 
0 0.1932236842105263 0.3211458333333333 0.012426900584795321 0.02904879385964913 
0 0.3788377192982456 0.7067297149122808 0.038651315789473686 0.03206414473684205 
0 0.3963815789473684 0.7070038377192983 0.027412280701754384 0.04754934210526317 
0 0.4133771929824561 0.732217653508772 0.029605263157894735 0.054808114035087736 
0 0.20741959064327486 0.6150712719298246 0.024305555555555556 0.050699013157894685 
0 0.21673976608187134 0.6408333333333334 0.028141447368421054 0.03425438596491217 
