0 0.74225 0.6823333333333333 0.02225 0.043333333333333335 
0 0.55275 0.7116666666666667 0.02 0.049 
0 0.45525 0.465 0.0195 0.03266666666666666 
0 0.4575 0.7753333333333333 0.01925 0.041666666666666664 
0 0.482 0.5003333333333333 0.02625 0.036 
0 0.6205 0.529 0.0245 0.030333333333333334 
0 0.8395 0.7133333333333334 0.02525 0.039 
0 0.57975 0.6923333333333334 0.018 0.04133333333333333 
0 0.776 0.677 0.02925 0.037333333333333336 
0 0.616 0.7606666666666667 0.0295 0.038 
0 0.80925 0.7343333333333333 0.018 0.04666666666666667 
0 0.3445 0.59 0.03025 0.028666666666666667 
0 0.5405 0.365 0.02125 0.03 
0 0.31375 0.5236666666666666 0.0135 0.039 
0 0.54475 0.5386666666666666 0.02475 0.024333333333333332 
0 0.281 0.478 0.02175 0.025333333333333333 
0 0.3245 0.5213333333333333 0.01475 0.037 
0 0.355 0.636 0.02525 0.027 
0 0.4785 0.6133333333333333 0.0145 0.036333333333333336 
0 0.694 0.6893333333333334 0.02175 0.034666666666666665 
0 0.34075 0.7923333333333333 0.02625 0.042 
0 0.3085 0.446 0.027 0.02266666666666667 
0 0.19625 0.7636666666666667 0.01775 0.050333333333333334 
0 0.45975 0.6826666666666666 0.02975 0.033 
0 0.382 0.6263333333333333 0.0335 0.034666666666666665 
0 0.5145 0.4776666666666667 0.021 0.035 
0 0.468 0.4673333333333333 0.01575 0.034 
0 0.5605 0.36766666666666664 0.024 0.024 
0 0.65425 0.5586666666666666 0.0165 0.043666666666666666 
0 0.2635 0.507 0.0255 0.026333333333333334 
0 0.46675 0.36433333333333334 0.026 0.025 
0 0.2405 0.7506666666666667 0.02025 0.041666666666666664 
0 0.24975 0.5526666666666666 0.024 0.029 
0 0.75525 0.4821666666666667 0.0205 0.043833333333333335 
0 0.714 0.4226666666666667 0.021 0.024 
0 0.40625 0.43566666666666665 0.023 0.017666666666666667 
0 0.504 0.38666666666666666 0.01575 0.03333333333333333 
0 0.47625 0.797 0.0275 0.02 
0 0.284 0.7833333333333333 0.01225 0.008333333333333333 
0 0.7355 0.49333333333333335 0.022 0.035 
0 0.30625 0.7946666666666666 0.02125 0.033 
0 0.8115 0.6956666666666667 0.0255 0.04533333333333334 
0 0.3885 0.8116666666666666 0.0235 0.01633333333333333 
0 0.36925 0.6826666666666666 0.0265 0.034666666666666665 
0 0.69325 0.7473333333333333 0.026 0.043333333333333335 
0 0.412 0.5553333333333333 0.02125 0.022 
0 0.21075 0.763 0.01875 0.048 
0 0.322 0.7386666666666667 0.02425 0.03766666666666667 
0 0.04975 0.819 0.03875 0.026 
0 0.131 0.7906666666666666 0.02875 0.042666666666666665 
0 0.22475 0.7553333333333333 0.01975 0.042666666666666665 
0 0.778 0.6006666666666667 0.02225 0.03666666666666667 
0 0.4975 0.7123333333333334 0.0235 0.048 
0 0.543 0.7413333333333333 0.0185 0.05 
0 0.81175 0.5583333333333333 0.0155 0.039 
0 0.5525 0.7576666666666667 0.018 0.04533333333333334 
0 0.53175 0.5843333333333334 0.02 0.03766666666666667 
0 0.04575 0.8373333333333334 0.04175 0.02666666666666667 
0 0.4925 0.3903333333333333 0.0155 0.03233333333333333 
0 0.5695 0.7573333333333333 0.015 0.048666666666666664 
0 0.65275 0.5236666666666666 0.01975 0.036333333333333336 
0 0.6275 0.47933333333333333 0.01525 0.034333333333333334 
0 0.29 0.5026666666666667 0.0245 0.017666666666666667 
0 0.50675 0.6283333333333333 0.0165 0.034 
0 0.50725 0.41833333333333333 0.01325 0.034666666666666665 
0 0.46475 0.4026666666666667 0.02225 0.027 
0 0.545 0.677 0.02075 0.044 
0 0.53475 0.4836666666666667 0.0215 0.033666666666666664 
0 0.74875 0.456 0.0205 0.034 
0 0.35425 0.536 0.01725 0.019 
0 0.329 0.441 0.0185 0.03133333333333333 
0 0.46225 0.7706666666666667 0.0285 0.03133333333333333 
0 0.59 0.4756666666666667 0.018 0.03 
0 0.56175 0.3496666666666667 0.02925 0.02033333333333333 
0 0.81925 0.6493333333333333 0.026 0.042333333333333334 
0 0.37875 0.42966666666666664 0.01575 0.028333333333333332 
0 0.3935 0.739 0.02125 0.045 
0 0.79675 0.7246666666666667 0.0185 0.044333333333333336 
0 0.7515 0.583 0.01475 0.03 
0 0.4455 0.403 0.01875 0.03266666666666666 
0 0.7 0.5656666666666667 0.02925 0.018666666666666668 
0 0.55525 0.504 0.015 0.034333333333333334 
0 0.6065 0.4026666666666667 0.0225 0.03166666666666667 
0 0.65425 0.4643333333333333 0.01875 0.036333333333333336 
0 0.68275 0.37733333333333335 0.02025 0.02033333333333333 
0 0.684 0.446 0.011 0.027 
0 0.68575 0.34833333333333333 0.01625 0.027 
0 0.621 0.592 0.02025 0.037 
0 0.5 0.5246666666666666 0.02 0.035666666666666666 
0 0.52575 0.588 0.0135 0.04466666666666667 
0 0.882 0.5836666666666667 0.02525 0.03666666666666667 
0 0.43075 0.427 0.0145 0.034 
0 0.49075 0.606 0.0165 0.046 
0 0.276 0.524 0.01575 0.028666666666666667 
0 0.542 0.429 0.0195 0.027666666666666666 
0 0.253 0.7516666666666667 0.021 0.04533333333333334 
0 0.56225 0.641 0.01925 0.03866666666666667 
0 0.73325 0.5593333333333333 0.0185 0.03666666666666667 
0 0.6995 0.375 0.023 0.016666666666666666 
0 0.22825 0.5576666666666666 0.0365 0.024666666666666667 
0 0.7835 0.5456666666666666 0.0225 0.043666666666666666 
0 0.6895 0.554 0.01375 0.026 
0 0.44575 0.5536666666666666 0.01225 0.041 
0 0.57675 0.759 0.02525 0.03666666666666667 
0 0.4825 0.65 0.0265 0.023333333333333334 
0 0.594 0.6913333333333334 0.0265 0.03333333333333333 
0 0.59525 0.571 0.02575 0.029333333333333333 
0 0.75575 0.6226666666666667 0.02 0.04 
0 0.39075 0.43166666666666664 0.019 0.028 
0 0.599 0.4266666666666667 0.01225 0.039 
0 0.56225 0.39866666666666667 0.0175 0.021666666666666667 
0 0.30325 0.528 0.0145 0.034333333333333334 
0 0.6475 0.39966666666666667 0.01525 0.029 
0 0.32625 0.504 0.024 0.022333333333333334 
0 0.36225 0.45066666666666666 0.01275 0.025666666666666667 
0 0.75225 0.42633333333333334 0.018 0.016666666666666666 
0 0.4635 0.6623333333333333 0.02975 0.021 
0 0.6815 0.483 0.018 0.024333333333333332 
0 0.5235 0.7063333333333334 0.01675 0.04733333333333333 
0 0.37575 0.4876666666666667 0.0165 0.024333333333333332 
0 0.596 0.6093333333333333 0.01825 0.025666666666666667 
0 0.62975 0.6556666666666666 0.018 0.03 
0 0.648 0.6896666666666667 0.02375 0.029 
0 0.342 0.47333333333333333 0.02375 0.020666666666666667 
0 0.15875 0.7676666666666667 0.01925 0.05266666666666667 
0 0.4235 0.5206666666666667 0.01675 0.034 
0 0.474 0.8065933333333334 0.031287500000000024 0.0314066666666666 
0 0.711 0.6416666666666667 0.0205 0.04033333333333333 
0 0.45475 0.488 0.0295 0.029333333333333333 
0 0.53025 0.38533333333333336 0.02 0.03133333333333333 
0 0.442 0.505 0.01925 0.043 
0 0.74375 0.627 0.023 0.04466666666666667 
0 0.26625 0.49533333333333335 0.02625 0.02 
0 0.45275 0.544 0.01375 0.03233333333333333 
0 0.4495 0.43933333333333335 0.02825 0.015 
0 0.772 0.435 0.015 0.026 
0 0.5095 0.5886666666666667 0.01675 0.041 
0 0.8745 0.6043333333333333 0.0155 0.043333333333333335 
0 0.311 0.4766666666666667 0.022 0.019666666666666666 
0 0.74025 0.727 0.03025 0.025 
0 0.542 0.6013733333333333 0.026282500000000028 0.026960000000000036 
0 0.46325 0.425 0.02275 0.022333333333333334 
0 0.66225 0.37033333333333335 0.01675 0.027666666666666666 
0 0.73925 0.41533333333333333 0.02725 0.019333333333333334 
0 0.26675 0.777 0.032 0.030666666666666665 
0 0.25425 0.93 0.01825 0.034333333333333334 
0 0.30825 0.46066666666666667 0.0305 0.018333333333333333 
0 0.71475 0.6783333333333333 0.01675 0.053 
0 0.6535 0.379 0.01575 0.034333333333333334 
0 0.553 0.5573333333333333 0.029 0.02666666666666667 
0 0.6935 0.707 0.0225 0.037333333333333336 
0 0.59675 0.4866666666666667 0.01675 0.024666666666666667 
0 0.726 0.4026666666666667 0.0145 0.033 
0 0.39525 0.507 0.02525 0.018333333333333333 
0 0.5685 0.6803333333333333 0.01675 0.04466666666666667 
0 0.53825 0.558 0.0125 0.03866666666666667 
0 0.513 0.6733333333333333 0.02125 0.036333333333333336 
0 0.33825 0.5223333333333333 0.0285 0.029666666666666668 
0 0.69425 0.38866666666666666 0.02175 0.027 
0 0.5805 0.37566666666666665 0.014 0.03 
0 0.56875 0.5923333333333334 0.01825 0.025333333333333333 
0 0.67775 0.7026666666666667 0.02075 0.04 
0 0.4655 0.7336666666666667 0.02075 0.042666666666666665 
0 0.5035 0.5606666666666666 0.0215 0.031 
0 0.516 0.375 0.02025 0.03 
0 0.361 0.496 0.012 0.03166666666666667 
0 0.715 0.394 0.015 0.029333333333333333 
0 0.4145 0.44733333333333336 0.0195 0.02266666666666667 
0 0.3705 0.45266666666666666 0.01875 0.017333333333333333 
0 0.631 0.39166666666666666 0.022 0.025666666666666667 
0 0.621 0.5016666666666667 0.01825 0.03266666666666666 
0 0.45075 0.67 0.021 0.039 
0 0.728 0.7493333333333333 0.021 0.03333333333333333 
0 0.6635 0.5096666666666667 0.017 0.04566666666666667 
0 0.532 0.7543333333333333 0.01675 0.052 
0 0.51175 0.38766666666666666 0.01875 0.028 
0 0.598 0.543 0.013 0.03233333333333333 
0 0.67525 0.4593333333333333 0.0185 0.024666666666666667 
0 0.65475 0.6603333333333333 0.0155 0.022333333333333334 
0 0.842 0.6286666666666667 0.02075 0.02033333333333333 
0 0.527 0.549 0.01175 0.03933333333333333 
0 0.57925 0.446 0.01925 0.032 
0 0.43175 0.553 0.01675 0.034666666666666665 
0 0.40525 0.5596666666666666 0.01575 0.044 
0 0.44425 0.47 0.0115 0.03166666666666667 
0 0.4985 0.773 0.0215 0.030333333333333334 
0 0.67625 0.5783333333333334 0.01525 0.03866666666666667 
0 0.3735 0.4593333333333333 0.02325 0.018666666666666668 
0 0.598 0.669 0.02 0.036 
0 0.713 0.7316666666666667 0.016 0.048 
0 0.59525 0.3953333333333333 0.01125 0.03 
0 0.703 0.718 0.01975 0.04533333333333334 
0 0.63475 0.42633333333333334 0.01 0.035666666666666666 
0 0.541 0.6453333333333333 0.01425 0.04466666666666667 
0 0.65325 0.42933333333333334 0.02 0.011666666666666667 
0 0.8255 0.7453333333333333 0.015 0.04733333333333333 
0 0.5945 0.4683333333333333 0.00825 0.013333333333333334 
0 0.35775 0.4266666666666667 0.01625 0.029333333333333333 
0 0.16974 0.7686666666666667 0.022117499999999977 0.0505 
0 0.18561000000000002 0.7751666666666667 0.012497499999999974 0.043166666666666666 
0 0.25998000000000004 0.763 0.03511500000000001 0.035833333333333335 
0 0.296985 0.7433333333333333 0.016245000000000006 0.04733333333333333 
0 0.30910750000000004 0.7403333333333333 0.014120000000000004 0.052333333333333336 
0 0.331975 0.75 0.01786749999999995 0.050666666666666665 
0 0.3204775 0.767 0.016120000000000006 0.036333333333333336 
0 0.343845 0.75 0.01824499999999995 0.05483333333333333 
0 0.35748 0.7608333333333334 0.017620000000000004 0.0515 
0 0.36222750000000004 0.7416666666666667 0.019370000000000005 0.05383333333333333 
0 0.3757225 0.745 0.019369999999999946 0.0615 
0 0.38697000000000004 0.7563333333333333 0.02099249999999995 0.03766666666666667 
0 0.409105 0.7305 0.016120000000000006 0.0515 
0 0.42097500000000004 0.7388333333333333 0.017120000000000003 0.05366666666666667 
0 0.4348475 0.7431666666666666 0.016119999999999947 0.04933333333333333 
0 0.44748000000000004 0.762 0.014870000000000005 0.052 
0 0.45247750000000003 0.7178333333333333 0.013745000000000004 0.051333333333333335 
0 0.4643475 0.7175 0.012372500000000002 0.041 
0 0.4819675 0.7285 0.020867500000000008 0.05266666666666667 
0 0.49436 0.7326666666666667 0.017492500000000008 0.0525 
0 0.51073 0.7491666666666666 0.014995000000000005 0.034166666666666665 
0 0.521225 0.7441666666666666 0.013372499999999945 0.041833333333333333 
0 0.5178524999999999 0.7706666666666667 0.013870000000000004 0.035833333333333335 
0 0.5688624999999999 0.7363333333333333 0.027617500000000062 0.0275 
0 0.5848574999999999 0.7155 0.03524000000000001 0.027833333333333335 
0 0.6127250000000001 0.7141666666666666 0.01899249999999995 0.04766666666666667 
0 0.594855 0.7563333333333333 0.019370000000000005 0.042166666666666665 
0 0.5904824999999999 0.7413333333333333 0.02861500000000001 0.0375 
0 0.6021025 0.73 0.017995000000000004 0.03166666666666667 
0 0.630845 0.7366666666666667 0.01699249999999995 0.0455 
0 0.6260950000000001 0.7016666666666667 0.018745000000000005 0.044333333333333336 
0 0.639715 0.7435 0.022245000000000004 0.044833333333333336 
0 0.6371074999999999 0.723 0.026117500000000064 0.04133333333333333 
0 0.6543525 0.7121666666666666 0.022117500000000064 0.057166666666666664 
0 0.664725 0.7195 0.01786749999999995 0.046 
0 0.678095 0.7318333333333333 0.017370000000000003 0.037333333333333336 
0 0.6161074999999999 0.6715 0.016870000000000003 0.0495 
0 0.624605 0.6656666666666666 0.015745000000000006 0.041166666666666664 
0 0.6401 0.6861666666666667 0.015370000000000005 0.0435 
0 0.6697225 0.6776666666666666 0.014120000000000004 0.0505 
0 0.65635 0.6795 0.014372499999999946 0.028666666666666667 
0 0.729095 0.7106666666666667 0.018995000000000005 0.04766666666666667 
0 0.7283525 0.6891666666666667 0.021617500000000064 0.03916666666666667 
0 0.3134925 0.5683333333333334 0.015745000000000006 0.041666666666666664 
0 0.3248625 0.5493333333333333 0.03923750000000001 0.020166666666666666 
0 0.320865 0.5655 0.03174000000000001 0.01633333333333333 
0 0.32074 0.5771666666666667 0.018867500000000006 0.0385 
0 0.33361 0.5881666666666666 0.017120000000000003 0.04833333333333333 
0 0.352105 0.5435 0.022867500000000006 0.034833333333333334 
0 0.3287375 0.5735 0.03448750000000001 0.019666666666666666 
0 0.36197500000000005 0.5641666666666667 0.013997500000000003 0.042666666666666665 
0 0.346235 0.5998333333333333 0.025367500000000008 0.03666666666666667 
0 0.36822750000000004 0.6111666666666666 0.017870000000000004 0.0485 
0 0.29174 0.5225 0.015370000000000005 0.04133333333333333 
0 0.2971825 0.5175833333333333 0.015432500000000005 0.013166666666666667 
0 0.28886 0.463 0.022367500000000005 0.030333333333333334 
0 0.30298 0.4841666666666667 0.018870000000000005 0.023 
0 0.3141025 0.4955 0.014870000000000005 0.0345 
0 0.3081775 0.5115 0.008872500000000002 0.014916666666666667 
0 0.3257425 0.47675 0.015432500000000005 0.03383333333333333 
0 0.33955 0.48133333333333334 0.012060000000000003 0.03133333333333333 
0 0.34879750000000004 0.49091666666666667 0.013682500000000004 0.026333333333333334 
0 0.3444275 0.5118333333333334 0.015995000000000006 0.020583333333333332 
0 0.3531 0.44333333333333336 0.011247500000000002 0.0365 
0 0.342605 0.41833333333333333 0.02186750000000001 0.0265 
0 0.34173000000000003 0.43133333333333335 0.013870000000000004 0.042166666666666665 
0 0.36847 0.42283333333333334 0.013622499999999945 0.03266666666666666 
0 0.3678 0.4755 0.013245000000000005 0.04041666666666666 
0 0.36186 0.4696666666666667 0.013370000000000005 0.0145 
0 0.38935000000000003 0.401 0.018120000000000004 0.038 
0 0.4035975 0.4115 0.01674249999999995 0.028833333333333332 
0 0.4144675 0.403 0.016870000000000003 0.0355 
0 0.3819825 0.474 0.015370000000000005 0.031166666666666665 
0 0.39148 0.46066666666666667 0.015120000000000005 0.0315 
0 0.40135000000000004 0.4545 0.014372500000000002 0.03266666666666666 
0 0.4124725 0.4711666666666667 0.012994999999999948 0.044833333333333336 
0 0.421845 0.47983333333333333 0.012119999999999949 0.036166666666666666 
0 0.3938525 0.48383333333333334 0.019245000000000005 0.026333333333333334 
0 0.432965 0.4701666666666667 0.013497500000000003 0.0365 
0 0.419345 0.5085 0.015744999999999947 0.03183333333333333 
0 0.4307175 0.49066666666666664 0.012245000000000004 0.03183333333333333 
0 0.3736025 0.5195 0.014620000000000005 0.0445 
0 0.3857225 0.5115 0.013619999999999948 0.04416666666666667 
0 0.39609500000000003 0.5231666666666667 0.014744999999999947 0.03716666666666667 
0 0.40571749999999995 0.5253333333333333 0.018492500000000005 0.0325 
0 0.37885 0.538 0.016745000000000003 0.0445 
0 0.396345 0.5585 0.010619999999999947 0.04 
0 0.37335250000000003 0.5696666666666667 0.012495000000000004 0.04133333333333333 
0 0.38297250000000005 0.5706666666666667 0.015994999999999947 0.041166666666666664 
0 0.392095 0.5931666666666666 0.019119999999999946 0.041666666666666664 
0 0.40834 0.5913333333333334 0.016870000000000003 0.0445 
0 0.4195875 0.5775 0.013495000000000005 0.04416666666666667 
0 0.4298525 0.5885 0.018120000000000004 0.057833333333333334 
0 0.439475 0.59 0.01786749999999995 0.0495 
0 0.45384500000000005 0.5751666666666667 0.017619999999999948 0.04683333333333333 
0 0.45034500000000005 0.6193333333333333 0.02211749999999995 0.045 
0 0.46546499999999996 0.5866666666666667 0.014247500000000001 0.04516666666666667 
0 0.46958999999999995 0.627 0.015620000000000005 0.035333333333333335 
0 0.378985 0.6788333333333333 0.02974000000000001 0.029833333333333333 
0 0.37511 0.662 0.03011500000000001 0.024333333333333332 
0 0.42235 0.6601666666666667 0.02561749999999995 0.036166666666666666 
0 0.42984750000000005 0.679 0.02124249999999995 0.03916666666666667 
0 0.44296749999999996 0.6548333333333334 0.011247500000000002 0.034166666666666665 
0 0.453715 0.6601666666666667 0.020742500000000007 0.03133333333333333 
0 0.4316125 0.3868333333333333 0.021995000000000004 0.04083333333333333 
0 0.4388625 0.413 0.018992500000000006 0.028 
0 0.43798750000000003 0.43066666666666664 0.014870000000000005 0.029166666666666667 
0 0.4789725 0.38916666666666666 0.016119999999999947 0.024666666666666667 
0 0.48534750000000004 0.4136666666666667 0.024489999999999953 0.03166666666666667 
0 0.4800975 0.42183333333333334 0.02636749999999995 0.028166666666666666 
0 0.42061750000000003 0.45558333333333334 0.024805000000000008 0.019916666666666666 
0 0.4383625 0.45891666666666664 0.016992500000000008 0.020583333333333332 
0 0.5529925 0.4345 0.016245000000000006 0.03866666666666667 
0 0.5657375 0.43616666666666665 0.014995000000000005 0.041833333333333333 
0 0.587105 0.41483333333333333 0.012372499999999946 0.041166666666666664 
0 0.6099724999999999 0.43083333333333335 0.012372500000000059 0.030666666666666665 
0 0.6046 0.41383333333333333 0.012745000000000005 0.019833333333333335 
0 0.61922 0.4305 0.019745000000000006 0.03133333333333333 
0 0.6071 0.4553333333333333 0.01899249999999995 0.029833333333333333 
0 0.58773 0.4708333333333333 0.010997499999999945 0.028 
0 0.56724 0.47641666666666665 0.016432500000000006 0.02575 
0 0.562855 0.49633333333333335 0.018870000000000005 0.03983333333333333 
0 0.58035 0.5041666666666667 0.014495000000000004 0.029333333333333333 
0 0.573955 0.50032 0.011517499999999927 0.0285 
0 0.5346150000000001 0.5013333333333333 0.01699249999999995 0.03883333333333333 
0 0.5409875 0.523 0.019242500000000065 0.033666666666666664 
0 0.59297 0.5008333333333334 0.02324249999999995 0.03233333333333333 
0 0.6132124999999999 0.482 0.014497500000000059 0.03233333333333333 
0 0.5667274999999999 0.5355 0.027117500000000065 0.0235 
0 0.6085900000000001 0.5118333333333334 0.015495000000000005 0.03 
0 0.57985 0.5263333333333333 0.017245000000000003 0.03133333333333333 
0 0.59272 0.5225 0.02036749999999995 0.03183333333333333 
0 0.516205 0.5021533333333333 0.025532499999999913 0.039013333333333323 
0 0.51362 0.5161666666666667 0.02786749999999995 0.035833333333333335 
0 0.5542324999999999 0.471 0.013995000000000004 0.03383333333333333 
0 0.50325 0.4861666666666667 0.014870000000000005 0.03783333333333333 
0 0.57835 0.4661666666666667 0.009622499999999945 0.03166666666666667 
0 0.60709 0.5365 0.02986500000000001 0.028333333333333332 
0 0.51373 0.5426666666666666 0.014745000000000005 0.044 
0 0.466955 0.5166666666666667 0.014745000000000005 0.04033333333333333 
0 0.4734525 0.5306666666666666 0.015745000000000006 0.046 
0 0.48595 0.521 0.015245000000000005 0.04633333333333333 
0 0.4876975 0.5623333333333334 0.015245000000000005 0.03966666666666667 
0 0.45895749999999996 0.5136666666666667 0.011997500000000003 0.030666666666666665 
0 0.4732325 0.5716666666666667 0.014245000000000004 0.0435 
0 0.4396175 0.537 0.009247500000000002 0.018 
0 0.46511 0.5533333333333333 0.008372500000000001 0.0265 
0 0.49835 0.5753333333333334 0.01719749999999999 0.051916666666666667 
0 0.4859325 0.5851666666666666 0.011495000000000005 0.0335 
0 0.511985 0.58475 0.013122499999999945 0.024083333333333335 
0 0.46899250000000003 0.45016666666666666 0.02961500000000001 0.0155 
0 0.48936 0.44733333333333336 0.02649249999999995 0.016 
0 0.51635 0.41983333333333334 0.015122499999999945 0.026 
0 0.5113525 0.44466666666666665 0.021367500000000008 0.034833333333333334 
0 0.5244725 0.4523333333333333 0.016370000000000006 0.035333333333333335 
0 0.5309725 0.4201666666666667 0.018867500000000065 0.035333333333333335 
0 0.4794875 0.468 0.017245000000000003 0.034833333333333334 
0 0.4786125 0.4583333333333333 0.023367500000000006 0.035666666666666666 
0 0.4964825 0.46316666666666667 0.017119999999999948 0.033666666666666664 
0 0.5389700000000001 0.4535 0.01636749999999995 0.03883333333333333 
0 0.4906175 0.3545 0.014620000000000005 0.035833333333333335 
0 0.5051125 0.3556666666666667 0.014619999999999947 0.029333333333333333 
0 0.5426 0.3943333333333333 0.012745000000000005 0.034833333333333334 
0 0.5201075 0.411 0.012120000000000004 0.013833333333333333 
0 0.52798 0.413 0.013995000000000004 0.019833333333333335 
0 0.5498474999999999 0.3893333333333333 0.019620000000000005 0.0215 
0 0.57084 0.37883333333333336 0.014747499999999945 0.03166666666666667 
0 0.5546074999999999 0.4131666666666667 0.020117500000000062 0.0285 
0 0.57435 0.41233333333333333 0.013620000000000005 0.03383333333333333 
0 0.5837224999999999 0.39466666666666667 0.016120000000000006 0.03 
0 0.5909800000000001 0.367 0.01661749999999995 0.025166666666666667 
0 0.5873550000000001 0.35433333333333333 0.02236749999999995 0.024666666666666667 
0 0.6073500000000001 0.3545 0.013620000000000005 0.026833333333333334 
0 0.618345 0.3621666666666667 0.018745000000000005 0.028666666666666667 
0 0.6143474999999999 0.375 0.020617500000000063 0.026333333333333334 
0 0.63359 0.3581666666666667 0.017245000000000003 0.030333333333333334 
0 0.60535 0.38266666666666665 0.02611500000000001 0.0285 
0 0.63459 0.36283333333333334 0.018995000000000005 0.03183333333333333 
0 0.6746 0.35233333333333333 0.015870000000000006 0.03166666666666667 
0 0.6494825 0.3466666666666667 0.019492500000000065 0.03216666666666667 
0 0.6783475 0.3873333333333333 0.022617500000000065 0.017666666666666667 
0 0.706215 0.395 0.01761749999999995 0.026833333333333334 
0 0.71796 0.3895 0.009497499999999945 0.008833333333333334 
0 0.668725 0.3943333333333333 0.02249249999999995 0.020666666666666667 
0 0.6664800000000001 0.4065 0.02161749999999995 0.017166666666666667 
0 0.6898475 0.411 0.013370000000000005 0.016 
0 0.66398 0.413 0.02361749999999995 0.027 
0 0.6868474999999999 0.41933333333333334 0.015995000000000006 0.017666666666666667 
0 0.707215 0.423 0.016495000000000006 0.017 
0 0.6678525 0.43933333333333335 0.021120000000000003 0.014333333333333333 
0 0.650985 0.4115 0.01649249999999995 0.021666666666666667 
0 0.6427375 0.42583333333333334 0.013495000000000005 0.03783333333333333 
0 0.69097 0.4445 0.014497499999999946 0.027166666666666665 
0 0.6935950000000001 0.4698333333333333 0.012370000000000004 0.019833333333333335 
0 0.7009675 0.428 0.014620000000000005 0.02266666666666667 
0 0.64811 0.441 0.02586749999999995 0.0305 
0 0.6204925 0.4595 0.03111500000000001 0.019833333333333335 
0 0.612995 0.4698333333333333 0.02386749999999995 0.018 
0 0.6376124999999999 0.4771666666666667 0.019495000000000005 0.037333333333333336 
0 0.660605 0.45766666666666667 0.015495000000000005 0.017333333333333333 
0 0.70559 0.4465 0.015495000000000005 0.030166666666666668 
0 0.7162125 0.45 0.014495000000000004 0.035333333333333335 
0 0.6982174999999999 0.47383333333333333 0.024867500000000063 0.019333333333333334 
0 0.6674775 0.4728333333333333 0.017745000000000004 0.02666666666666667 
0 0.63697 0.5136666666666667 0.011747499999999945 0.036 
0 0.6449675 0.5303333333333333 0.019995000000000006 0.035 
0 0.60773 0.5553333333333333 0.01974249999999995 0.038 
0 0.656215 0.49466666666666664 0.040237499999999954 0.023666666666666666 
0 0.6957025 0.5053333333333333 0.040485000000000014 0.02 
0 0.67296 0.5226666666666666 0.02699000000000001 0.03966666666666667 
0 0.7032 0.528 0.01899249999999995 0.03166666666666667 
0 0.7096975 0.5243333333333333 0.03274000000000001 0.03166666666666667 
0 0.6779575 0.519 0.026742500000000065 0.028 
0 0.686705 0.579 0.02524249999999995 0.03233333333333333 
0 0.6964525 0.5486666666666666 0.019992500000000062 0.019666666666666666 
0 0.619475 0.559 0.03549000000000001 0.025 
0 0.7258475 0.44733333333333336 0.014120000000000004 0.048 
0 0.76646 0.4765 0.016620000000000003 0.042166666666666665 
0 0.78308 0.45516666666666666 0.03074000000000001 0.019 
0 0.7450924999999999 0.522 0.02999000000000001 0.019 
0 0.750715 0.547 0.015870000000000006 0.035833333333333335 
0 0.73122 0.5793333333333334 0.016620000000000003 0.04766666666666667 
0 0.7033550000000001 0.5815 0.03074000000000001 0.02033333333333333 
0 0.639625 0.6303333333333333 0.014870000000000005 0.043833333333333335 
0 0.4927375 0.6578333333333334 0.019494999999999946 0.029666666666666668 
0 0.504735 0.6608333333333334 0.017870000000000004 0.04466666666666667 
0 0.5181849999999999 0.6315833333333334 0.03517500000000007 0.019833333333333335 
0 0.5519225 0.6233333333333333 0.02699249999999995 0.023166666666666665 
0 0.5178075 0.6504166666666666 0.023932500000000006 0.025 
0 0.5538624999999999 0.6481666666666667 0.020557500000000003 0.03775 
0 0.5484450000000001 0.5620833333333334 0.014995000000000005 0.044333333333333336 
0 0.5553899999999999 0.5813333333333334 0.02924000000000001 0.028 
0 0.57101 0.6116666666666667 0.014120000000000004 0.029333333333333333 
0 0.5777575 0.595 0.018370000000000004 0.04516666666666667 
0 0.5933775 0.5838333333333333 0.013619999999999891 0.043333333333333335 
0 0.5747625000000001 0.633 0.03286500000000001 0.0245 
0 0.5778875 0.6478333333333334 0.02861500000000001 0.03866666666666667 
0 0.6058775000000001 0.6216666666666667 0.014747499999999945 0.036333333333333336 
0 0.585385 0.6561666666666667 0.02886500000000001 0.037333333333333336 
0 0.61425 0.6271666666666667 0.019370000000000005 0.048666666666666664 
0 0.51214 0.7013333333333334 0.019745000000000006 0.035666666666666666 
0 0.53251 0.6708333333333333 0.015870000000000006 0.0485 
0 0.5355700000000001 0.72025 0.019182500000000005 0.03575 
0 0.6276325 0.6131666666666666 0.015307500000000005 0.04275 
0 0.6406925 0.6220833333333333 0.03105250000000001 0.029166666666666667 
0 0.65163 0.6469166666666667 0.010747500000000059 0.022 
0 0.662065 0.6495 0.01786749999999995 0.028666666666666667 
0 0.688505 0.6549166666666667 0.02242999999999995 0.03925 
0 0.6773224999999999 0.6588333333333334 0.016307500000000006 0.03908333333333333 
0 0.6072000000000001 0.6006666666666667 0.008559999999999946 0.01525 
0 0.6151975 0.58875 0.016307500000000006 0.03125 
0 0.6372599999999999 0.58175 0.016370000000000006 0.04566666666666667 
0 0.643695 0.5790833333333333 0.020182500000000006 0.043 
0 0.6601275000000001 0.5795 0.01799499999999989 0.036333333333333336 
0 0.6636375 0.5931666666666666 0.017120000000000003 0.043166666666666666 
0 0.6793825 0.6101666666666666 0.015870000000000006 0.049666666666666665 
0 0.666635 0.6261666666666666 0.017745000000000004 0.03816666666666667 
0 0.689255 0.5988333333333333 0.01661749999999995 0.033666666666666664 
0 0.699875 0.6246666666666667 0.017495000000000004 0.04633333333333333 
0 0.6917525000000001 0.633 0.01586999999999989 0.0355 
0 0.704875 0.6001666666666666 0.01649249999999995 0.0445 
0 0.71537 0.606 0.02199249999999995 0.03983333333333333 
0 0.712385 0.5941666666666666 0.023055000000000065 0.0385 
0 0.7288875 0.6093333333333333 0.014620000000000005 0.042333333333333334 
0 0.739885 0.6336666666666667 0.011870000000000004 0.033 
0 0.73726 0.6646666666666666 0.03011500000000001 0.023333333333333334 
0 0.76625 0.6523333333333333 0.016495000000000006 0.04 
0 0.72289 0.6493333333333333 0.017995000000000004 0.04133333333333333 
0 0.7455075000000001 0.5948333333333333 0.01817999999999995 0.03825 
0 0.7613150000000001 0.6099166666666667 0.02368249999999989 0.04425 
0 0.7781875 0.61475 0.01992999999999995 0.05225 
0 0.7603175 0.57675 0.02055499999999995 0.0435 
0 0.7667625 0.5623333333333334 0.01774249999999995 0.03916666666666667 
0 0.7827575 0.5723333333333334 0.01974249999999995 0.04416666666666667 
0 0.7920025 0.5818333333333333 0.01574499999999989 0.029166666666666667 
0 0.800875 0.6046666666666667 0.02224249999999995 0.036166666666666666 
0 0.802625 0.5641666666666667 0.014120000000000004 0.042333333333333334 
0 0.822245 0.5541666666666667 0.01599249999999995 0.03883333333333333 
0 0.8246175 0.5866666666666667 0.019995000000000006 0.04716666666666667 
0 0.8124975 0.5908333333333333 0.019992500000000062 0.0415 
0 0.8084975 0.604 0.016370000000000006 0.03266666666666666 
0 0.7958875000000001 0.6221666666666666 0.017620000000000004 0.057166666666666664 
0 0.8087575 0.632 0.017370000000000003 0.04583333333333333 
0 0.8227525000000001 0.6235 0.02674249999999995 0.04766666666666667 
0 0.8342625 0.5675 0.01686749999999995 0.04616666666666667 
0 0.8430075 0.554 0.019620000000000005 0.0425 
0 0.854255 0.583 0.015620000000000005 0.028666666666666667 
0 0.8618775000000001 0.5736666666666667 0.02299249999999995 0.04016666666666667 
0 0.85763 0.5953333333333334 0.02024249999999995 0.043833333333333335 
0 0.8435075000000001 0.598 0.018745000000000005 0.03266666666666666 
0 0.883265 0.5991666666666666 0.023117500000000065 0.048 
0 0.88252 0.8093333333333333 0.019742500000000062 0.039 
0 0.736505 0.4515 0.014495000000000004 0.04633333333333333 
0 0.7426275000000001 0.44183333333333336 0.017119999999999892 0.036166666666666666 
0 0.7542475 0.4315 0.023367500000000065 0.029833333333333333 
0 0.732255 0.43183333333333335 0.012247500000000059 0.021666666666666667 
0 0.768495 0.4565 0.01686749999999995 0.034 
0 0.778365 0.4653333333333333 0.02261749999999995 0.03283333333333333 
0 0.7883625 0.4663333333333333 0.018995000000000005 0.025166666666666667 
0 0.78124 0.43883333333333335 0.014370000000000004 0.0245 
0 0.795485 0.4425 0.02711749999999995 0.022833333333333334 
0 0.74378 0.43304 0.014902500000000032 0.014876666666666703 
0 0.7361275 0.39916666666666667 0.012122499999999946 0.026083333333333333 
0 0.6915125000000001 0.43466666666666665 0.016745000000000003 0.024833333333333332 
0 0.6981925 0.4866666666666667 0.02849000000000001 0.018416666666666668 
0 0.71125 0.49816666666666665 0.02692750000000001 0.01675 
0 0.1755125 0.9646666666666667 0.019242500000000006 0.028 
0 0.65388 0.484 0.013997500000000059 0.042166666666666665 
0 0.58358 0.5553066666666667 0.0135 0.03382666666666667 
0 0.564705 0.55081 0.02075 0.02399333333333334 
0 0.1313975 0.8118966666666667 0.0325 0.039989999999999935 
0 0.69041 0.35956000000000005 0.0228125 0.023330000000000004 
0 0.6359525 0.39833 0.0169375 0.02924000000000001 
0 0.6263275 0.41088 0.011 0.034159999999999933 
