0 0.4208698830409357 0.7086074561403509 0.02540204678362573 0.04084429824561404 
0 0.38742690058479534 0.7044956140350878 0.023391812865497075 0.03042763157894737 
0 0.5365497076023392 0.6107456140350878 0.020650584795321638 0.0424890350877193 
0 0.3123172514619883 0.6488486842105263 0.01425438596491228 0.02823464912280702 
0 0.5155336257309941 0.6573464912280702 0.024671052631578948 0.044407894736842105 
0 0.2273391812865497 0.7691885964912281 0.020833333333333332 0.052083333333333336 
0 0.27832602339181284 0.6200657894736842 0.012609649122807017 0.03481359649122807 
0 0.43603801169590645 0.6143092105263158 0.02905701754385965 0.03262061403508772 
0 0.6366959064327485 0.5819627192982456 0.02942251461988304 0.03782894736842105 
0 0.17086988304093567 0.6137609649122807 0.021198830409356724 0.03453947368421053 
0 0.46600877192982454 0.7574013157894737 0.021747076023391813 0.03974780701754386 
0 0.2880116959064328 0.5608552631578947 0.018092105263157895 0.04057017543859649 
0 0.5467836257309941 0.700109649122807 0.019005847953216373 0.04797149122807018 
0 0.6253654970760234 0.6107456140350878 0.021929824561403508 0.044407894736842105 
0 0.5681652046783626 0.559484649122807 0.016812865497076022 0.04577850877192982 
0 0.2949561403508772 0.6088267543859649 0.013706140350877192 0.042214912280701754 
0 0.5880847953216374 0.5479714912280702 0.01827485380116959 0.04084429824561404 
0 0.3570906432748538 0.5372807017543859 0.02010233918128655 0.03837719298245614 
0 0.24232456140350878 0.549890350877193 0.01608187134502924 0.038651315789473686 
0 0.33260233918128657 0.5531798245614035 0.01663011695906433 0.030153508771929825 
0 0.23062865497076024 0.5449561403508771 0.018092105263157895 0.019736842105263157 
0 0.3357090643274854 0.6326754385964912 0.019736842105263157 0.04057017543859649 
0 0.12152777777777778 0.8031798245614035 0.022112573099415205 0.04057017543859649 
0 0.6050804093567251 0.6052631578947368 0.0266812865497076 0.038651315789473686 
0 0.27631578947368424 0.8100328947368421 0.04519919590643273 0.03952028508771932 
0 0.47989766081871343 0.5762061403508771 0.024671052631578948 0.0400219298245614 
0 0.3877923976608187 0.5625 0.020650584795321638 0.029605263157894735 
0 0.5098684210526315 0.6066337719298246 0.020833333333333332 0.0424890350877193 
0 0.4142909356725146 0.5433114035087719 0.020833333333333332 0.047697368421052634 
0 0.2816154970760234 0.6866776315789473 0.021929824561403508 0.04057017543859649 
0 0.2567616959064328 0.7335526315789473 0.023026315789473683 0.02905701754385965 
0 0.027777777777777776 0.5553728070175439 0.018457602339181287 0.027960526315789474 
0 0.5888157894736842 0.6603618421052632 0.02320906432748538 0.049890350877192985 
0 0.04824561403508772 0.7203947368421053 0.024305555555555556 0.04742324561403509 
0 0.021929824561403508 0.5553728070175439 0.014071637426900584 0.02823464912280702 
0 0.2629751461988304 0.6403508771929824 0.014071637426900584 0.03728070175438596 
0 0.4093567251461988 0.6795504385964912 0.017726608187134504 0.03453947368421053 
0 0.2534722222222222 0.5583881578947368 0.017909356725146198 0.035910087719298246 
0 0.725328947368421 0.5252192982456141 0.027777777777777776 0.02275219298245614 
0 0.3678728070175439 0.6469298245614035 0.01864035087719298 0.03481359649122807 
0 0.19919590643274854 0.5964912280701754 0.028691520467836257 0.022478070175438597 
0 0.07894736842105263 0.5868969298245614 0.016264619883040937 0.01699561403508772 
0 0.3815789473684211 0.3418311403508772 0.018457602339181287 0.01699561403508772 
0 0.6125730994152047 0.6762609649122807 0.03271198830409357 0.027412280701754384 
0 0.35891812865497075 0.7691885964912281 0.02101608187134503 0.05043859649122807 
0 0.28234649122807015 0.553453947368421 0.016264619883040937 0.02275219298245614 
0 0.41136695906432746 0.7198464912280702 0.02046783625730994 0.04194078947368421 
0 0.07346491228070176 0.6888706140350878 0.01516812865497076 0.04029605263157895 
0 0.39437134502923976 0.6641995614035088 0.014437134502923976 0.023848684210526317 
0 0.22569444444444445 0.7250548245614035 0.015716374269005847 0.029605263157894735 
0 0.35014619883040937 0.7066885964912281 0.013157894736842105 0.03070175438596491 
0 0.06341374269005848 0.6625548245614035 0.020650584795321638 0.02956414473684208 
0 0.39528508771929827 0.6121162280701754 0.027960526315789474 0.031524122807017545 
0 0.16264619883040934 0.7508223684210527 0.021014254385964912 0.05893640350877193 
0 0.5805921052631579 0.6118421052631579 0.023391812865497075 0.03892543859649123 
0 0.3346125730994152 0.6924342105263158 0.015716374269005847 0.029331140350877194 
0 0.3885233918128655 0.5792214912280702 0.026133040935672515 0.03344298245614035 
0 0.21107456140350878 0.7711074561403509 0.017178362573099414 0.02823464912280702 
0 0.7088815789473685 0.5213815789473685 0.020833333333333332 0.038651315789473686 
0 0.5963084795321637 0.6154057017543859 0.022112573099415205 0.042214912280701754 
0 0.004203216374269006 0.7283442982456141 0.0360014619883041 0.032072368421052634 
0 0.24305555555555555 0.6148574561403509 0.01699561403508772 0.03700657894736842 
0 0.5272295321637427 0.3599232456140351 0.014619883040935672 0.024396929824561403 
0 0.3300438596491228 0.7225877192982456 0.02010233918128655 0.044407894736842105 
0 0.3782894736842105 0.6792763157894737 0.014437134502923976 0.03508771929824561 
0 0.322733918128655 0.653234649122807 0.017361111111111112 0.03837719298245614 
0 0.42123538011695905 0.6493969298245614 0.015533625730994151 0.036458333333333336 
0 0.0 0.6400575657894736 0.012333698830409356 0.04853892543859654 
0 0.24744152046783627 0.7450657894736842 0.013706140350877192 0.033168859649122806 
0 0.10526315789473684 0.7009320175438597 0.027777777777777776 0.03861019736842103 
0 0.3044590643274854 0.6924342105263158 0.013523391812865496 0.036458333333333336 
0 0.3740862573099415 0.5575657894736842 0.022478070175438597 0.04194078947368421 
0 0.0668859649122807 0.5789473684210527 0.01644736842105263 0.026041666666666668 
0 0.27997076023391815 0.7072368421052632 0.023940058479532164 0.03399122807017544 
0 0.23410087719298245 0.6356907894736842 0.015350877192982455 0.027138157894736843 
0 0.12554824561403508 0.5630482456140351 0.016812865497076022 0.027138157894736843 
0 0.0491593567251462 0.6414473684210527 0.0133406432748538 0.028782894736842105 
0 0.04331140350877193 0.5545504385964912 0.014071637426900584 0.026589912280701754 
0 0.14071637426900585 0.5890899122807017 0.0133406432748538 0.023300438596491228 
0 0.23135964912280702 0.7379385964912281 0.02010233918128655 0.03673245614035088 
0 0.12774122807017543 0.6293859649122807 0.008771929824561403 0.02905701754385965 
0 0.07894736842105263 0.6274671052631579 0.021564327485380116 0.03782894736842105 
0 0.3797514619883041 0.6998355263157895 0.01882309941520468 0.03289473684210526 
0 0.1840277777777778 0.6836622807017544 0.023026315789473683 0.05313870614035085 
0 0.14948830409356725 0.5833333333333334 0.019919590643274854 0.03618421052631579 
0 0.2359283625730994 0.6896929824561403 0.01206140350877193 0.02055921052631579 
0 0.2679093567251462 0.6069078947368421 0.011878654970760233 0.036458333333333336 
0 0.29349415204678364 0.7258771929824561 0.017178362573099414 0.044407894736842105 
0 0.15186403508771928 0.6836622807017544 0.01699561403508772 0.026041666666666668 
0 0.4769736842105263 0.6611842105263158 0.021564327485380116 0.03125 
0 0.1613669590643275 0.7256030701754386 0.029788011695906433 0.025723684210526357 
0 0.20760233918128654 0.5512609649122807 0.0222953216374269 0.019736842105263157 
0 0.10160818713450293 0.6069078947368421 0.014437134502923976 0.03755482456140351 
0 0.06524122807017543 0.7242324561403509 0.022112573099415205 0.042214912280701754 
0 0.026862207602339185 0.6636513157894737 0.02704861111111111 0.04135690789473681 
0 0.3059210526315789 0.7620614035087719 0.015533625730994151 0.05701754385964912 
0 0.0626827485380117 0.6833881578947368 0.01882309941520468 0.04139254385964912 
0 0.02448830409356725 0.7346491228070176 0.019919590643274854 0.04797149122807018 
0 0.49780701754385964 0.6614583333333334 0.01663011695906433 0.04139254385964912 
0 0.036915204678362575 0.5970394736842105 0.012792397660818713 0.02549342105263158 
0 0.5180921052631579 0.7124451754385965 0.030884502923976608 0.023026315789473683 
0 0.24579678362573099 0.7236842105263158 0.02284356725146199 0.015625 
0 0.08296783625730994 0.7114638157894737 0.015533625730994151 0.05580592105263156 
0 0.3963815789473684 0.7467105263157895 0.01516812865497076 0.05674342105263158 
0 0.3128654970760234 0.5638706140350878 0.014437134502923976 0.033717105263157895 
0 0.5762061403508771 0.31167763157894735 0.013523391812865496 0.024945175438596492 
0 0.04824561403508772 0.5724890350877193 0.030334429824561405 0.02016447368421051 
0 0.4307383040935672 0.7489035087719298 0.027777777777777776 0.02823464912280702 
0 0.1302997076023392 0.7631578947368421 0.019735014619883043 0.05217927631578945 
0 0.34904970760233917 0.7357456140350878 0.013706140350877192 0.044407894736842105 
0 0.13760964912280702 0.7266995614035088 0.014619883040935672 0.02138157894736842 
0 0.3031798245614035 0.5896381578947368 0.025950292397660817 0.027412280701754384 
0 0.14491959064327486 0.7283442982456141 0.01663011695906433 0.04358552631578947 
0 0.3470394736842105 0.6647478070175439 0.020833333333333332 0.023300438596491228 
0 0.2814327485380117 0.7428728070175439 0.014071637426900584 0.05235745614035088 
0 0.5087719298245614 0.5052083333333334 0.024305555555555556 0.0356359649122807 
0 0.0491593567251462 0.5633223684210527 0.023391812865497075 0.021107456140350877 
0 0.3389985380116959 0.6737938596491229 0.01827485380116959 0.03618421052631579 
0 0.11970029239766082 0.6016995614035088 0.013523391812865496 0.01836622807017544 
0 0.08753654970760234 0.6836622807017544 0.01882309941520468 0.029331140350877194 
0 0.2578581871345029 0.7976973684210527 0.01699561403508772 0.046600877192982455 
0 0.11312134502923976 0.6165021929824561 0.01699561403508772 0.03892543859649123 
0 0.2721125730994152 0.7420504385964912 0.014437134502923976 0.03481359649122807 
0 0.06652046783625731 0.6033442982456141 0.021747076023391813 0.015076754385964912 
0 0.1783625730994152 0.7417763157894737 0.017178362573099414 0.05838815789473684 
0 0.1301169590643275 0.703125 0.01425438596491228 0.029605263157894735 
0 0.13523391812865498 0.6345942982456141 0.014437134502923976 0.03289473684210526 
0 0.5593932748538012 0.700109649122807 0.024305555555555556 0.029605263157894735 
0 0.26589912280701755 0.5860745614035088 0.02503654970760234 0.029605263157894735 
0 0.0805921052631579 0.6143092105263158 0.019371345029239765 0.018092105263157895 
0 0.3717105263157895 0.7480811403508771 0.014437134502923976 0.020285087719298246 
0 0.0001827485380116959 0.7593201754385965 0.02412280701754386 0.02275219298245614 
0 0.42507309941520466 0.7891995614035088 0.03326023391812866 0.027412280701754384 
0 0.04623538011695907 0.5904605263157895 0.015533625730994151 0.02138157894736842 
0 0.13450292397660818 0.6759868421052632 0.02320906432748538 0.031524122807017545 
0 0.07054093567251463 0.6167763157894737 0.015716374269005847 0.03453947368421053 
0 0.014619883040935672 0.5858004385964912 0.02540204678362573 0.0268640350877193 
0 0.09100877192982457 0.5964912280701754 0.01206140350877193 0.021929824561403508 
0 0.36970029239766083 0.7231359649122807 0.018457602339181287 0.03179824561403509 
0 0.1032529239766082 0.5861924342105262 0.024486476608187136 0.02537554824561408 
0 0.23300438596491227 0.7149122807017544 0.014802631578947368 0.01836622807017544 
0 0.7041301169590644 0.5520833333333334 0.033625730994152045 0.029331140350877194 
0 0.10252010233918128 0.6360690789473684 0.018276681286549707 0.029501096491228042 
0 0.0014619883040935672 0.5575575657894737 0.025767543859649123 0.04179276315789469 
0 0.0006396198830409356 0.5907182017543859 0.01800073099415205 0.03562774122807012 
0 9.137426900584795e-05 0.5892132675438596 0.008132309941520468 0.030008223684210595 
0 0.0001827485380116959 0.5722231359649123 0.00932017543859649 0.018634868421052636 
0 0.013980263157894737 0.5849643640350877 0.030699926900584797 0.04617872807017545 
0 0.003289473684210526 0.6090816885964911 0.015259502923976608 0.03946271929824562 
0 0.05400036549707603 0.5890762061403508 0.02046783625730994 0.05179550438596499 
0 0.03060855263157895 0.6118229166666667 0.02403143274853801 0.043848684210526324 
0 0.02138157894736842 0.6338843201754386 0.03828399122807018 0.057686403508771945 
0 0.005847953216374269 0.6675904605263158 0.016812865497076022 0.03850603070175446 
0 0.010508040935672515 0.6251123903508772 0.018364400584795323 0.04234100877192983 
0 0.060670687134502924 0.6304577850877192 0.018092105263157895 0.03562774122807025 
0 0.0550968567251462 0.6467626096491228 0.017635233918128657 0.06289473684210528 
0 0.042030336257309946 0.6671875 0.01608187134502924 0.04261513157894738 
0 0.0003654970760233918 0.6867845394736842 0.02658808479532164 0.039873903508771937 
0 0.0 0.6882894736842106 0.006759868421052632 0.031790021929824504 
0 0.01882127192982456 0.6171737938596491 0.02330043859649123 0.04480811403508773 
0 0.01626279239766082 0.6936348684210527 0.025676169590643276 0.04247807017543861 
0 0.028598318713450293 0.7074753289473684 0.034173976608187134 0.023703399122807087 
0 0.08205226608187134 0.5511129385964912 0.026589912280701754 0.030967653508771877 
0 0.0823263888888889 0.5738596491228071 0.03079312865497076 0.01890899122807018 
0 0.09575840643274854 0.5675575657894736 0.029605263157894735 0.041107456140350884 
0 0.08689510233918128 0.5486485745614035 0.034173976608187134 0.03192708333333334 
0 0.1356889619883041 0.5508388157894737 0.015259502923976608 0.029462719298245617 
0 0.13048062865497076 0.5946875 0.014071637426900584 0.03000822368421047 
0 0.12116045321637427 0.5816694078947368 0.019462719298245616 0.019048793859649187 
0 0.139343932748538 0.5750932017543859 0.023848684210526317 0.02398026315789474 
0 0.07922149122807018 0.6407428728070175 0.024851973684210528 0.04768366228070183 
0 0.09429641812865497 0.6547176535087719 0.01745248538011696 0.02535087719298246 
0 0.08534173976608188 0.6648574561403509 0.025310672514619884 0.028229166666666673 
0 0.10818530701754386 0.655265899122807 0.018731725146198832 0.03233826754385972 
0 0.12499817251461988 0.6508826754385965 0.011878654970760233 0.02630756578947363 
0 0.11878472222222222 0.6585581140350878 0.012883771929824562 0.041518640350877205 
0 0.12390168128654971 0.6545833333333334 0.02987938596491228 0.04535635964912282 
0 0.14528326023391813 0.6259457236842105 0.029970760233918127 0.029185855263157964 
0 0.15021747076023392 0.6351260964912281 0.02987938596491228 0.03823190789473679 
0 0.15734466374269007 0.6521189692982455 0.026133040935672515 0.03343201754385966 
0 0.16666483918128655 0.6567763157894737 0.021107456140350877 0.033983004385964855 
0 0.14089729532163742 0.6955537280701755 0.013066520467836257 0.037272478070175384 
0 0.16419773391812867 0.6791145833333333 0.039108187134502925 0.028086622807017556 
0 0.13121162280701754 0.6111485745614035 0.03326023391812866 0.024939692982456144 
0 0.1597203947368421 0.6000493421052632 0.021747076023391813 0.026310307017543864 
0 0.16127375730994153 0.7021326754385965 0.01882309941520468 0.02315789473684211 
0 0.16812682748538013 0.6970641447368421 0.026224415204678362 0.03233826754385972 
0 0.10645102339181287 0.6670559210526316 0.016904239766081873 0.04973958333333328 
0 0.08781067251461988 0.6967900219298245 0.022203947368421052 0.048780153508772 
0 0.042306286549707604 0.7376315789473684 0.021290204678362575 0.03823190789473679 
0 -9.137426900584795e-05 0.7272176535087719 0.016904239766081873 0.03206414473684217 
0 0.10562865497076024 0.7210581140350878 0.02266081871345029 0.04028508771929826 
0 0.09064327485380116 0.7433936403508772 0.01836622807017544 0.052891995614035035 
0 0.10562865497076024 0.7233881578947369 0.028872441520467838 0.0685115131578947 
0 0.1120248538011696 0.7444901315789474 0.025034722222222226 0.06248355263157896 
0 0.12938596491228072 0.7327055921052631 0.015074926900584797 0.03316063596491235 
0 0.1547861842105263 0.7401041666666667 0.018731725146198832 0.04987664473684206 
0 0.14281615497076022 0.7694270833333333 0.022203947368421052 0.039191337719298315 
0 0.18006761695906434 0.6468667763157895 0.021472953216374248 0.0430263157894737 
0 0.19450475146198828 0.6289172149122807 0.013157894736842105 0.03946271929824562 
0 0.18472770467836258 0.5954824561403509 0.016355994152046763 0.041518640350877205 
0 0.2034594298245614 0.622889254385965 0.030975877192982455 0.03288377192982457 
0 0.2120486111111111 0.6494709429824561 0.029331140350877194 0.02617324561403509 
0 0.20400767543859646 0.6409758771929825 0.009685672514619883 0.04083333333333322 
0 0.2025456871345029 0.6730400219298246 0.018457602339181287 0.04658717105263153 
0 0.21552083333333333 0.6759155701754386 0.023391812865497075 0.034805372807017614 
0 0.22283077485380115 0.6672834429824561 0.019371345029239765 0.024117324561403513 
0 0.20949013157894736 0.6169956140350877 0.02850877192982456 0.02452850877192983 
0 0.23160270467836255 0.6582401315789475 0.01864035087719298 0.03288651315789468 
0 0.24466922514619882 0.6238486842105264 0.022203947368421052 0.060290570175438485 
0 0.22456688596491226 0.6047998903508772 0.023300438596491228 0.03028234649122814 
0 0.2278563596491228 0.5974013157894738 0.02850877192982456 0.01808662280701755 
0 0.2559082602339181 0.6076781798245614 0.014435307017543862 0.030967653508771998 
0 0.2450347222222222 0.6542680921052632 0.019919590643274854 0.06152412280701756 
0 0.21488121345029237 0.7007182017543859 0.01608187134502924 0.06687774122807025 
0 0.24667945906432748 0.6745559210526316 0.026496710526315793 0.05152138157894732 
0 0.19349963450292396 0.7142927631578947 0.023483187134502925 0.027952302631579017 
0 0.19002741228070175 0.7344353070175438 0.009137426900584795 0.019183114035087726 
0 0.20656615497076022 0.7186787280701754 0.0133406432748538 0.05343750000000001 
0 0.19057565789473682 0.7347258771929825 0.01699561403508772 0.08111842105263148 
0 0.19843384502923975 0.7592516447368421 0.017909356725146198 0.05727796052631574 
0 0.21424159356725145 0.7607593201754386 0.020285087719298246 0.05933114035087721 
0 0.23882127192982455 0.7733662280701754 0.019736842105263157 0.06577302631578949 
0 0.25545138888888885 0.7613075657894737 0.014435307017543862 0.05234374999999995 
0 0.2673300438596491 0.7599369517543859 0.013795687134502925 0.041655701754385974 
0 0.2736330409356725 0.7863843201754386 0.010599415204678362 0.03740679824561405 
0 0.2725365497076023 0.7952905701754386 0.019279970760233918 0.040833333333333346 
0 0.28889254385964913 0.768157894736842 0.019371345029239765 0.05508497807017551 
0 0.19596673976608187 0.555874451754386 0.01653874269005848 0.0395997807017544 
0 0.20967288011695906 0.5797176535087719 0.031980994152046784 0.019457236842105267 
0 0.22164290935672512 0.5577933114035087 0.022112573099415205 0.02740405701754393 
0 0.26605080409356724 0.5646436403508772 0.01964546783625731 0.024117324561403513 
0 0.27491410818713446 0.5616310307017544 0.015350877192982455 0.03220120614035095 
0 0.3240716374269006 0.5669736842105264 0.014437134502923976 0.03740953947368415 
0 0.3071692251461988 0.6057510964912282 0.01580592105263158 0.041110197368420996 
0 0.2880720029239766 0.6197286184210526 0.009502923976608187 0.030145285087719242 
0 0.28076206140350873 0.6479550438596491 0.02101608187134503 0.03562774122807025 
0 0.26796966374269005 0.6553563596491228 0.018457602339181287 0.04727247807017551 
0 0.28670138888888885 0.6596025219298246 0.015076754385964912 0.036038925438596436 
0 0.3006816520467836 0.6479550438596491 0.018638523391812867 0.048782894736842115 
0 0.25864948830409357 0.6859265350877194 0.02850877192982456 0.03973684210526304 
0 0.2657766812865497 0.6953810307017544 0.0245796783625731 0.03836622807017545 
0 0.3142050438596491 0.6770285087719299 0.01836622807017544 0.03631304824561398 
0 0.3079002192982456 0.7079961622807017 0.018092105263157895 0.05494791666666662 
0 0.32489583333333333 0.6927878289473685 0.01471125730994152 0.0574122807017544 
0 0.3161239035087719 0.7349917763157895 0.015350877192982455 0.0660444078947368 
0 0.32590095029239763 0.7401973684210525 0.028691520467836257 0.05988212719298253 
0 0.3258095760233918 0.7799451754385964 0.03453947368421053 0.050973135964912354 
0 0.3256268274853801 0.7676123903508771 0.02722953216374269 0.04412280701754387 
0 0.3704002192982456 0.758843201754386 0.02165387426900589 0.05700109649122796 
0 0.3595266812865497 0.7310142543859649 0.013888888888888888 0.03850328947368422 
0 0.3568768274853801 0.6848355263157895 0.02138157894736842 0.04535635964912269 
0 0.3639126461988304 0.6638706140350877 0.01699561403508772 0.04508223684210527 
0 0.39205592105263154 0.7221052631578947 0.019462719298245616 0.037546600877193054 
0 0.37999451754385966 0.7411595394736842 0.01864035087719298 0.057686403508771945 
0 0.41087902046783625 0.7522587719298245 0.01589729532163747 0.0608388157894737 
0 0.4220248538011696 0.7614391447368422 0.0335343567251462 0.03206414473684205 
0 0.38328399122807016 0.6556551535087719 0.01516812865497076 0.03220120614035095 
0 0.39753837719298246 0.6659320175438597 0.02000913742690063 0.03836622807017545 
0 0.42714181286549713 0.678264802631579 0.023757309941520467 0.050287828947368496 
0 0.38538559941520467 0.6223410087719299 0.03225511695906433 0.03905153508771931 
0 0.4392635233918129 0.6775082236842106 0.01699561403508772 0.038914473684210533 
0 0.4462079678362573 0.6676425438596492 0.019919590643274854 0.04001096491228071 
0 0.46430007309941523 0.6599671052631578 0.01608187134502924 0.05179550438596499 
0 0.4906158625730994 0.6733963815789474 0.017726608187134504 0.04576754385964913 
0 0.4787372076023392 0.6912088815789474 0.02010233918128655 0.03809484649122802 
0 0.47803910818713446 0.7181359649122807 0.013066520467836257 0.04768640350877182 
0 0.5016136695906432 0.7263569078947368 0.02402960526315794 0.050975877192982466 
0 0.48918676900584795 0.7064884868421053 0.016904239766081873 0.06399122807017546 
0 0.45218019005847954 0.6959375000000001 0.0201937134502924 0.04247807017543848 
0 0.46707419590643273 0.7104632675438597 0.01745248538011696 0.06015350877192984 
0 0.44139802631578945 0.7170394736842106 0.02850877192982456 0.04234100877192971 
0 0.4422203947368421 0.7414309210526315 0.026589912280701754 0.043300438596491235 
0 0.4690844298245614 0.6102768640350877 0.019462719298245616 0.044942434210526266 
0 0.467531067251462 0.5743750000000001 0.01644736842105263 0.036724232456140295 
0 0.5110855263157894 0.6698081140350878 0.019554093567251463 0.0449451754385965 
0 0.4988413742690058 0.7037911184210526 0.018092105263157895 0.05727796052631586 
0 0.5198574561403508 0.7322916666666667 0.0360014619883041 0.034531249999999944 
0 0.5331980994152047 0.6555592105263158 0.014619883040935672 0.03973684210526317 
0 0.543797514619883 0.653640350877193 0.017543859649122806 0.044396929824561414 
0 0.5554934210526316 0.6377439692982455 0.02667945906432753 0.03836896929824568 
0 0.5640826023391813 0.6270559210526315 0.024669225146198872 0.04275219298245615 
0 0.5752284356725146 0.6243174342105263 0.027412280701754384 0.04987664473684206 
0 0.34332419590643276 0.6276041666666666 0.02302448830409357 0.04220394736842106 
0 0.49610014619883036 0.5681359649122807 0.02046783625730994 0.03836622807017545 
0 0.5028618421052631 0.5604632675438597 0.02412280701754386 0.0433004385964913 
0 0.5180299707602339 0.5629303728070176 0.02046783625730994 0.03480263157894738 
0 0.5123647660818713 0.5464857456140351 0.03508771929824561 0.031241776315789543 
0 0.5306396198830409 0.6944736842105264 0.017178362573099414 0.019183114035087726 
0 0.5573209064327486 0.6640542763157894 0.018273026315789517 0.04192982456140352 
0 0.5682858187134503 0.6698081140350878 0.028141447368421096 0.029051535087719304 
0 0.5830866228070175 0.5634786184210526 0.01882309941520468 0.04658717105263153 
0 0.6017598684210527 0.5559950657894737 0.029513888888888888 0.038917214912280645 
0 0.5988358918128655 0.5844983552631579 0.025584795321637425 0.025485197368420996 
0 0.6216794590643274 0.5938157894736842 0.0266812865497076 0.03206414473684217 
0 0.6132730263157895 0.5539446271929824 0.024853801169590642 0.041518640350877205 
0 0.6193037280701754 0.5402412280701754 0.024762426900584795 0.042752192982456215 
0 0.6379440789473684 0.5483278508771929 0.02320906432748538 0.04878015350877194 
0 0.6431524122807017 0.5369544956140351 0.03188961988304093 0.055630482456140364 
0 0.6554879385964912 0.5843640350877194 0.03042763157894737 0.037820723684210474 
0 0.6684630847953216 0.5490131578947368 0.02266081871345029 0.05001370614035089 
0 0.674859283625731 0.5384621710526316 0.02010233918128655 0.0478207236842106 
0 0.6909411549707603 0.5583305921052631 0.015531798245614079 0.04179276315789475 
0 0.12786001461988303 0.36344846491228067 0.03478252923976609 0.032338267543859656 
0 0.27680007309941523 0.33430098684210524 0.017543859649122806 0.013977521929824564 
0 0.2868512426900585 0.26551535087719297 0.02850877192982456 0.021376096491228045 
0 0.5763249269005848 0.3414364035087719 0.02010233918128655 0.013977521929824564 
0 0.4734375 0.5053179824561403 0.01864035087719298 0.04796052631578942 
0 0.725749269005848 0.25635690789473686 0.01608187134502924 0.024117324561403482 
0 0.7345211988304093 0.2486842105263158 0.01644736842105263 0.01973135964912278 
0 0.5774543128654971 0.32998081140350877 0.01781798245614035 0.011921600877192984 
0 0.43725328947368425 0.21067434210526315 0.021198830409356724 0.01808662280701755 
0 0.18646381578947369 0.05641173245614035 0.014437134502923955 0.02507675438596491 
