0 0.4635 0.3566666666666667 0.01775 0.027333333333333334 
0 0.71925 0.6226666666666667 0.033 0.026 
0 0.20175 0.6286666666666667 0.027 0.03833333333333333 
0 0.2935 0.6063333333333333 0.024 0.03833333333333333 
0 0.79275 0.6393333333333333 0.01825 0.04633333333333333 
0 0.696 0.6363333333333333 0.022 0.05266666666666667 
0 0.20475 0.6490566666666667 0.0365 0.03760999999999998 
0 0.65075 0.36866666666666664 0.0105 0.024 
0 0.53325 0.32233333333333336 0.011 0.023666666666666666 
0 0.4075 0.6493333333333333 0.02 0.045 
0 0.377 0.5363333333333333 0.01575 0.032 
0 0.515 0.5166666666666667 0.0145 0.035 
0 0.68825 0.5756666666666667 0.02175 0.04033333333333333 
0 0.28375 0.5076666666666667 0.0205 0.03933333333333333 
0 0.42725 0.6376666666666667 0.0295 0.030666666666666665 
0 0.38475 0.5773333333333334 0.02175 0.032 
0 0.72925 0.5903333333333334 0.03275 0.022333333333333334 
0 0.3655 0.527 0.023 0.012666666666666666 
0 0.41225 0.5223333333333333 0.026 0.028333333333333332 
0 0.16975 0.638 0.0185 0.04133333333333333 
0 0.88175 0.5706666666666667 0.02125 0.034666666666666665 
0 0.22175 0.5773333333333334 0.01925 0.035333333333333335 
0 0.30875 0.454 0.0175 0.03266666666666666 
0 0.324 0.37666666666666665 0.024 0.021 
0 0.48825 0.305 0.01425 0.018 
0 0.68775 0.45766666666666667 0.02225 0.03766666666666667 
0 0.52475 0.322 0.0095 0.024 
0 0.18575 0.5383333333333333 0.023 0.027666666666666666 
0 0.32325 0.4583333333333333 0.01825 0.028666666666666667 
0 0.34 0.6346666666666667 0.01775 0.04133333333333333 
0 0.56575 0.43466666666666665 0.01625 0.03333333333333333 
0 0.49875 0.6333333333333333 0.01975 0.04633333333333333 
0 0.64575 0.5763333333333334 0.018 0.03833333333333333 
0 0.1245 0.5153333333333333 0.01325 0.035333333333333335 
0 0.54475 0.5243333333333333 0.02675 0.02266666666666667 
0 0.43775 0.431 0.02075 0.04533333333333334 
0 0.4265 0.374 0.01175 0.01633333333333333 
0 0.15675 0.6356666666666667 0.0135 0.03833333333333333 
0 0.11675 0.5643333333333334 0.01775 0.035 
0 0.8695 0.536 0.017 0.029 
0 0.05175 0.5396666666666666 0.019 0.017333333333333333 
0 0.59825 0.594 0.01925 0.042666666666666665 
0 0.832 0.5543333333333333 0.0185 0.042666666666666665 
0 0.47025 0.5296666666666666 0.029 0.021333333333333333 
0 0.64825 0.496 0.02025 0.02666666666666667 
0 0.28675 0.6446666666666667 0.019 0.04666666666666667 
0 0.801 0.603 0.01325 0.04 
0 0.32675 0.6346666666666667 0.01625 0.03966666666666667 
0 0.713 0.46066666666666667 0.01575 0.034 
0 0.0065 0.563 0.015 0.035333333333333335 
0 0.7294575 0.6236666666666667 0.03579250000000002 0.04097666666666669 
0 0.46375 0.384 0.02225 0.024333333333333332 
0 0.60975 0.35833333333333334 0.02 0.032 
0 0.2135 0.4736666666666667 0.01375 0.035 
0 0.5855 0.6196666666666667 0.0235 0.034333333333333334 
0 0.65825 0.382 0.0255 0.021666666666666667 
0 0.1685 0.535 0.02025 0.019 
0 0.63275 0.49566666666666664 0.02575 0.024 
0 0.83225 0.595 0.026 0.024333333333333332 
0 0.42675 0.355 0.019 0.027333333333333334 
0 0.03575 0.5556666666666666 0.0225 0.048666666666666664 
0 0.2525 0.6376666666666667 0.02025 0.04466666666666667 
0 0.942 0.5836666666666667 0.02575 0.022333333333333334 
0 0.80625 0.6436666666666667 0.0225 0.039 
0 0.1595 0.608 0.02775 0.026333333333333334 
0 0.496 0.37 0.025 0.017333333333333333 
0 0.42875 0.5463333333333333 0.0315 0.021 
0 0.60475 0.374 0.0225 0.03266666666666666 
0 0.2635 0.511 0.02475 0.036 
0 0.4195 0.6853333333333333 0.02225 0.03966666666666667 
0 0.7775 0.6093333333333333 0.025 0.037 
0 0.22775 0.644 0.02525 0.038 
0 0.36375 0.6243333333333333 0.01975 0.03966666666666667 
0 0.30125 0.4686666666666667 0.0135 0.033 
0 0.57 0.3556666666666667 0.0215 0.02 
0 0.2725 0.6393333333333333 0.02325 0.05433333333333333 
0 0.34925 0.39566666666666667 0.01875 0.034333333333333334 
0 0.09925 0.503 0.02175 0.029333333333333333 
0 0.01275 0.6656666666666666 0.0365 0.02266666666666667 
0 0.66725 0.471 0.01925 0.033666666666666664 
0 0.7415 0.661 0.02875 0.030666666666666665 
0 0.54725 0.43066666666666664 0.02425 0.021333333333333333 
0 0.51175 0.439 0.0255 0.017333333333333333 
0 0.653 0.6256666666666667 0.0135 0.044 
0 0.36775 0.44533333333333336 0.0175 0.04133333333333333 
0 0.399 0.486 0.014 0.034666666666666665 
0 0.539 0.4036666666666667 0.01375 0.035333333333333335 
0 0.76775 0.5453333333333333 0.01475 0.041 
0 0.52775 0.35533333333333333 0.011 0.029333333333333333 
0 0.11225 0.5833333333333334 0.033 0.03766666666666667 
0 0.63475 0.34 0.0255 0.018 
0 0.53975 0.37 0.01575 0.021666666666666667 
0 0.3115 0.4246666666666667 0.02725 0.02266666666666667 
0 0.697 0.5546666666666666 0.02975 0.016 
0 0.57875 0.4493333333333333 0.02625 0.019333333333333334 
0 0.31625 0.49766666666666665 0.0175 0.034666666666666665 
0 0.445 0.3473333333333333 0.015082499999999981 0.02501333333333332 
0 0.07075 0.575 0.021 0.04 
0 0.3725 0.48333333333333334 0.018 0.03333333333333333 
0 0.291 0.465 0.01325 0.034 
0 0.84525 0.55 0.024707499999999983 0.053 
0 0.53025 0.6363333333333333 0.0195 0.041666666666666664 
0 0.55875 0.38566666666666666 0.0135 0.036 
0 0.51475 0.6243333333333333 0.02275 0.03666666666666667 
0 0.4985 0.39466666666666667 0.02775 0.016 
0 0.4135 0.667 0.02325 0.034666666666666665 
0 0.13 0.5326666666666666 0.01875 0.030333333333333334 
0 0.33 0.492 0.015 0.03833333333333333 
0 0.65575 0.5736666666666667 0.02 0.041 
0 0.10825 0.546 0.02175 0.024 
0 0.6375 0.4633333333333333 0.019 0.029 
0 0.3715 0.36033333333333334 0.012 0.023666666666666666 
0 0.45675 0.5223333333333333 0.0155 0.027666666666666666 
0 0.40125 0.362 0.01075 0.024666666666666667 
0 0.35625 0.496 0.0185 0.030333333333333334 
0 0.204 0.5523333333333333 0.0255 0.024333333333333332 
0 0.48425 0.505 0.01825 0.034 
0 0.65925 0.5333333333333333 0.027 0.015333333333333332 
0 0.416 0.5416666666666666 0.019 0.03133333333333333 
0 0.38775 0.526 0.01375 0.037333333333333336 
0 0.343 0.38266666666666665 0.017 0.030333333333333334 
0 0.675 0.503 0.01325 0.028 
0 0.064 0.6303333333333333 0.019 0.04766666666666667 
0 0.1525 0.494 0.01425 0.030333333333333334 
0 0.2065 0.5423333333333333 0.0115 0.024666666666666667 
0 0.27425 0.5706666666666667 0.02675 0.036333333333333336 
0 0.57925 0.6543333333333333 0.03175 0.027333333333333334 
0 0.2595 0.49066666666666664 0.0195 0.02666666666666667 
0 0.77025 0.6076666666666667 0.01825 0.037 
0 0.472 0.3546666666666667 0.019 0.024 
0 0.85175 0.521 0.0125 0.023333333333333334 
0 0.55275 0.5583333333333333 0.03075 0.021666666666666667 
0 0.2025 0.491 0.01675 0.024666666666666667 
0 0.492 0.335 0.02075 0.02666666666666667 
0 0.63325 0.5173333333333333 0.02275 0.02033333333333333 
0 0.363 0.5873333333333334 0.015 0.04066666666666666 
0 0.505 0.471 0.02575 0.031 
0 0.62275 0.595 0.01725 0.049666666666666665 
0 0.0205 0.5573333333333333 0.01775 0.04066666666666666 
0 0.5395 0.334 0.02 0.021 
0 0.4395 0.36133333333333334 0.02275 0.02266666666666667 
0 0.82175 0.6336666666666667 0.03125 0.024333333333333332 
0 0.3375 0.6726666666666666 0.02825 0.016 
0 0.4195 0.36866666666666664 0.01175 0.021333333333333333 
0 0.54475 0.6523333333333333 0.01875 0.03933333333333333 
0 0.4525 0.5083333333333333 0.02275 0.029666666666666668 
0 0.36525 0.5373333333333333 0.016 0.035 
0 0.14 0.5016666666666667 0.01525 0.022 
0 0.61825 0.329 0.014230000000000019 0.02200333333333333 
0 0.4905 0.49866666666666665 0.02925 0.027 
0 0.00025 0.5386666666666666 0.024 0.022333333333333334 
0 0.6225 0.461 0.015 0.042666666666666665 
0 0.19425 0.5473333333333333 0.01425 0.03266666666666666 
0 0.587 0.4053333333333333 0.0235 0.02666666666666667 
0 0.047 0.6293333333333333 0.01975 0.05266666666666667 
0 0.71975 0.532 0.02225 0.033666666666666664 
0 0.34275 0.6863333333333334 0.033 0.021333333333333333 
0 0.561 0.3586666666666667 0.0135 0.027666666666666666 
0 0.47225 0.3903333333333333 0.01725 0.027 
0 0.16275 0.488 0.01675 0.027 
0 0.5585 0.57 0.023 0.036 
0 0.54775 0.516 0.02525 0.013666666666666667 
0 0.2005 0.574 0.0235 0.04 
0 0.371 0.38333333333333336 0.0215 0.021333333333333333 
0 0.44175 0.5076666666666667 0.015 0.030666666666666665 
0 0.531 0.348 0.014 0.023333333333333334 
0 0.58125 0.32166666666666666 0.012 0.019666666666666666 
0 0.472 0.546 0.01975 0.03333333333333333 
0 0.218 0.5173333333333333 0.01525 0.03866666666666667 
0 0.6395 0.5413333333333333 0.01425 0.036 
0 0.8145 0.517 0.02525 0.02033333333333333 
0 0.6575 0.457 0.01275 0.035666666666666666 
0 0.575 0.31733333333333336 0.0085 0.019666666666666666 
0 0.512 0.3423333333333333 0.00925 0.024333333333333332 
0 0.387 0.3546666666666667 0.014 0.017666666666666667 
0 0.085 0.624 0.02825 0.043333333333333335 
0 0.924 0.5616666666666666 0.0185 0.03866666666666667 
0 0.302 0.6503333333333333 0.0135 0.051 
0 0.61525 0.535 0.0195 0.053 
0 0.17975 0.49866666666666665 0.0235 0.017666666666666667 
0 0.788 0.815 0.01825 0.019333333333333334 
0 0.53525 0.5103333333333333 0.01425 0.042333333333333334 
0 0.146 0.6046666666666667 0.01975 0.03333333333333333 
0 0.71025 0.5265 0.01375 0.035833333333333335 
0 0.64 0.3616666666666667 0.0155 0.023333333333333334 
0 0.76975 0.5196666666666667 0.0155 0.032 
0 0.6195 0.525 0.026 0.013666666666666667 
0 0.29575 0.5683333333333334 0.02175 0.04066666666666666 
0 0.29925 0.5826666666666667 0.03 0.032 
0 0.59975 0.5236666666666666 0.0155 0.041 
0 0.74 0.503 0.0205 0.013333333333333334 
0 0.62025 0.535 0.0285 0.017333333333333333 
0 0.684 0.5216666666666666 0.01525 0.03833333333333333 
0 0.421 0.38966666666666666 0.02275 0.018 
0 0.218 0.802 0.01525 0.023333333333333334 
0 0.3755 0.5886666666666667 0.018 0.05266666666666667 
0 0.07175 0.5506666666666666 0.019 0.039 
0 0.36675 0.5126666666666667 0.02475 0.017333333333333333 
0 0.65075 0.841 0.0155 0.02266666666666667 
0 0.5825 0.5146666666666667 0.015 0.034 
0 0.50425 0.7056666666666667 0.0365 0.027666666666666666 
0 0.436 0.459 0.0285 0.027 
0 0.3165 0.6013333333333334 0.0155 0.036333333333333336 
0 0.49075 0.682 0.02675 0.02666666666666667 
0 0.1945 0.5126666666666667 0.011 0.026333333333333334 
0 0.51825 0.352 0.01025 0.027333333333333334 
0 0.458 0.5373333333333333 0.014 0.042333333333333334 
0 0.59625 0.32133333333333336 0.01475 0.019333333333333334 
0 0.76225 0.5186666666666667 0.01175 0.03266666666666666 
0 0.60675 0.3506666666666667 0.02125 0.011 
0 0.81125 0.6093333333333333 0.017 0.04633333333333333 
0 0.703 0.49733333333333335 0.0145 0.035666666666666666 
0 0.81025 0.54 0.02975 0.018 
0 0.54725 0.5436666666666666 0.03225 0.016666666666666666 
0 0.13175 0.643 0.01575 0.05 
0 0.55825 0.338 0.01625 0.023333333333333334 
0 0.24075 0.517 0.01325 0.035333333333333335 
0 0.6855 0.48833333333333334 0.01375 0.034666666666666665 
0 0.588 0.366 0.02175 0.010333333333333333 
0 0.4285 0.6003333333333334 0.0145 0.04733333333333333 
0 0.57975 0.39166666666666666 0.0135 0.027666666666666666 
0 0.503 0.38133333333333336 0.03275 0.018333333333333333 
0 0.012 0.5433333333333333 0.02925 0.022333333333333334 
0 0.636 0.3526666666666667 0.02375 0.015333333333333332 
0 0.65425 0.5203333333333333 0.027 0.013333333333333334 
0 0.2145 0.506 0.0145 0.033 
0 0.63 0.49166666666666664 0.02375 0.008333333333333333 
0 0.60075 0.438 0.014 0.034333333333333334 
0 0.57075 0.3393333333333333 0.02425 0.012 
0 0.598 0.3433333333333333 0.0265 0.011333333333333334 
0 0.50925 0.3303333333333333 0.012 0.01633333333333333 
0 0.49575 0.327 0.01775 0.016 
0 0.56575 0.32 0.00925 0.02033333333333333 
0 -0.0027475 0.5653900000000001 0.00975 0.03599000000000001 
0 0.0172525 0.5463933333333334 0.028499999999999998 0.036660000000000005 
0 0.0353775 0.5435633333333334 0.019625 0.04048666666666668 
0 0.047252499999999996 0.5543933333333334 0.01975 0.041990000000000006 
0 0.0610025 0.5512266666666666 0.018 0.04082333333333334 
0 0.0700025 0.5267333333333334 0.022872500000000004 0.024660000000000005 
0 0.0785025 0.5284 0.0192475 0.03132333333333334 
0 0.092125 0.5290666666666667 0.014125 0.034323333333333345 
0 0.103375 0.5229 0.011625 0.03582333333333334 
0 0.113875 0.5132366666666667 0.012375 0.033490000000000006 
0 0.131125 0.50907 0.016125 0.026993333333333338 
0 0.14375 0.5184033333333333 0.022 0.035323333333333345 
0 0.085375 0.5613900000000001 0.022125 0.023326666666666673 
0 0.100875 0.5573933333333334 0.019375 0.033823333333333344 
0 0.0737525 0.5214 0.025247500000000003 0.014330000000000002 
0 0.149 0.5132366666666667 0.0255 0.03249333333333334 
0 0.134375 0.54423 0.029125 0.035156666666666676 
0 0.1455 0.5430633333333333 0.024625 0.03599000000000001 
0 0.1505 0.5532266666666666 0.023 0.046820000000000014 
0 0.167125 0.54606 0.01775 0.03832333333333334 
0 0.16075 0.56789 0.024125 0.033823333333333344 
0 0.179 0.5633900000000001 0.01825 0.047153333333333346 
0 0.19125 0.5730533333333334 0.02125 0.041323333333333344 
0 0.1895 0.6230399999999999 0.02025 0.03499333333333334 
0 0.213 0.5847166666666667 0.02 0.036493333333333336 
0 0.22475 0.5472266666666666 0.017 0.03282666666666667 
0 0.22825 0.5234 0.017375 0.03799000000000001 
0 0.10425 0.6227066666666666 0.0225 0.029660000000000006 
0 0.108375 0.6227066666666666 0.0305 0.042323333333333345 
0 0.13275 0.5888833333333333 0.017875 0.03498999999999993 
0 0.1535 0.5943833333333334 0.0175 0.02499333333333334 
0 0.115875 0.65705 0.016875 0.045986666666666676 
0 0.10775 0.6403633333333333 0.0305 0.04382333333333334 
0 0.1375 0.6224533333333333 0.0200625 0.03632333333333334 
0 0.145125 0.6551933333333333 0.016125 0.04049000000000008 
0 0.22275 0.6144000000000001 0.016125 0.04415333333333334 
0 0.234375 0.6114 0.018875 0.04032333333333334 
0 0.281 0.7987333333333333 0.0395 0.03399000000000008 
0 0.3195 0.7740733333333333 0.01975 0.028990000000000085 
0 0.26475 0.6211133333333333 0.01875 0.04532000000000001 
0 0.3155 0.6664333333333333 0.0235 0.04365666666666668 
0 0.1735 0.50807 0.01225 0.02999333333333334 
0 0.18375 0.5154 0.015125 0.028826666666666674 
0 0.204125 0.5122366666666667 0.012875 0.03282333333333334 
0 0.225 0.48591 0.009125 0.03165666666666667 
0 0.18675 0.48557666666666666 0.026875 0.014830000000000003 
0 0.23225 0.47741 0.01225 0.026993333333333338 
0 0.233 0.5027366666666667 0.01275 0.022163333333333337 
0 0.246125 0.5034033333333333 0.011125 0.03132666666666667 
0 0.243375 0.47458 0.011375 0.03282333333333334 
0 0.251375 0.47374666666666665 0.0135 0.03199000000000001 
0 0.25525 0.5010733333333334 0.0145 0.03549000000000001 
0 0.251 0.5308966666666667 0.0225 0.03715666666666668 
0 0.23125 0.5457266666666667 0.0245 0.04299000000000001 
0 0.236375 0.5740533333333334 0.0165 0.04865333333333327 
0 0.25125 0.5693866666666667 0.01325 0.0479866666666666 
0 0.2585 0.5613900000000001 0.016875 0.045986666666666676 
0 0.26775 0.55889 0.021875 0.05098666666666668 
0 0.274 0.5155666666666667 0.01575 0.041490000000000006 
0 0.278 0.5883833333333334 0.019375 0.0474866666666666 
0 0.265375 0.46540000000000004 0.0155 0.03765666666666668 
0 0.27775 0.47123333333333334 0.014125 0.04148666666666668 
0 0.295625 0.5180533333333334 0.018375 0.041823333333333344 
0 0.30725 0.5050566666666667 0.014 0.03882333333333334 
0 0.30875 0.5273833333333333 0.022 0.040989999999999936 
0 0.32875 0.5285500000000001 0.033 0.02849333333333334 
0 0.33125 0.53986 0.0296875 0.027826666666666673 
0 0.310125 0.5503833333333333 0.02375 0.0411566666666666 
0 0.322875 0.5627166666666666 0.020625 0.05498333333333327 
0 0.351 0.5658833333333334 0.01825 0.038489999999999934 
0 0.34075 0.5630533333333334 0.01225 0.03549000000000001 
0 0.334875 0.59321 0.016875 0.04831999999999994 
0 0.348 0.6000433333333334 0.01725 0.0484866666666666 
0 0.359125 0.5535533333333333 0.016375 0.03266000000000001 
0 0.37775 0.5553866666666667 0.0305 0.03182666666666667 
0 0.393 0.60854 0.01625 0.04082333333333334 
0 0.4105 0.6080399999999999 0.0195 0.03965666666666667 
0 0.406125 0.5760500000000001 0.021 0.04015333333333327 
0 0.4045 0.5440566666666667 0.013 0.041656666666666675 
0 0.35225 0.6443800000000001 0.0375 0.041819999999999934 
0 0.31325 0.6412166666666667 0.017 0.0491566666666666 
0 0.436375 0.6435533333333333 0.025125 0.04582333333333334 
0 0.396 0.6470533333333334 0.018 0.042156666666666676 
0 0.38275 0.6227266666666667 0.01375 0.041656666666666675 
0 0.424125 0.6045666666666667 0.010125 0.038820000000000014 
0 0.441625 0.5899033333333333 0.01475 0.04848666666666668 
0 0.4525 0.58107 0.014875 0.04499000000000001 
0 0.46675 0.59057 0.020125 0.04315333333333334 
0 0.45425 0.6270600000000001 0.017875 0.046320000000000014 
0 0.4685 0.6318900000000001 0.02175 0.04299000000000001 
0 0.44575 0.6667166666666667 0.017375 0.046653333333333345 
0 0.458625 0.6737133333333334 0.018375 0.05265333333333327 
0 0.466 0.6687133333333334 0.02225 0.03865666666666667 
0 0.48375 0.6455533333333333 0.017875 0.04582333333333334 
0 0.495625 0.6537200000000001 0.017 0.03565666666666668 
0 0.518125 0.6558833333333334 0.015625 0.05215333333333334 
0 0.532875 0.6702133333333333 0.017375 0.03999000000000001 
0 0.542 0.6317233333333333 0.01875 0.040656666666666674 
0 0.489 0.5947333333333333 0.017 0.05148666666666668 
0 0.429 0.5607333333333333 0.0245 0.040156666666666674 
0 0.467 0.5589000000000001 0.0245 0.034156666666666675 
0 0.476875 0.58356 0.014625 0.04099000000000001 
0 0.49075 0.5560666666666667 0.014375 0.041490000000000006 
0 0.497625 0.58956 0.020625 0.045986666666666676 
0 0.501625 0.5582333333333334 0.017625 0.03599000000000001 
0 0.501125 0.53974 0.026375 0.03199000000000001 
0 0.48775 0.5479033333333333 0.031125 0.02449333333333334 
0 0.515 0.5857866666666667 0.0185 0.05398333333333335 
0 0.343125 0.5032233333333334 0.0195 0.03149000000000001 
0 0.3495 0.52705 0.01825 0.027660000000000007 
0 0.389125 0.5137200000000001 0.024125 0.018660000000000006 
0 0.3995 0.5247166666666667 0.01625 0.030823333333333265 
0 0.427 0.5040566666666667 0.0165 0.04048666666666668 
0 0.433 0.48139333333333334 0.01725 0.04099000000000001 
0 0.420625 0.48639333333333334 0.012875 0.044653333333333343 
0 0.410625 0.49672333333333335 0.017 0.030326666666666672 
0 0.44975 0.47939333333333334 0.021 0.035660000000000004 
0 0.42225 0.4527366666666667 0.016875 0.03449000000000001 
0 0.386 0.48439333333333334 0.01525 0.030993333333333338 
0 0.392625 0.4539 0.016125 0.03266000000000001 
0 0.352125 0.4693966666666667 0.015625 0.03499333333333334 
0 0.34075 0.44673666666666667 0.01675 0.040156666666666674 
0 0.45675 0.45707333333333333 0.019875 0.029160000000000005 
0 0.46625 0.47307 0.013125 0.034323333333333345 
0 0.4755 0.49273333333333336 0.014625 0.04332000000000001 
0 0.501375 0.51939 0.016375 0.022830000000000003 
0 0.52725 0.5258900000000001 0.020625 0.043156666666666677 
0 0.526875 0.48673333333333335 0.0145 0.03932333333333334 
0 0.4895 0.46890333333333334 0.030375 0.036993333333333336 
0 0.537875 0.4767366666666667 0.01375 0.03965666666666667 
0 0.549625 0.4890666666666667 0.023625 0.019326666666666673 
0 0.530625 0.4477433333333333 0.01825 0.031160000000000007 
0 0.545375 0.45674000000000003 0.022875 0.03799000000000001 
0 0.539375 0.55656 0.01525 0.04415333333333334 
0 0.553625 0.5802200000000001 0.01825 0.041156666666666675 
0 0.535125 0.5980466666666667 0.0175 0.039989999999999935 
0 0.547875 0.6060466666666667 0.01225 0.03748999999999993 
0 0.558875 0.6307066666666666 0.01675 0.04332000000000001 
0 0.56725 0.6060466666666667 0.016 0.05548333333333327 
0 0.57925 0.6327066666666666 0.024125 0.03099000000000001 
0 0.581375 0.5892166666666667 0.019125 0.03482333333333327 
0 0.57925 0.5602233333333334 0.021875 0.03416 
0 0.56725 0.5225666666666667 0.012875 0.02399333333333334 
0 0.577125 0.5267333333333334 0.0175 0.034656666666666676 
0 0.5925 0.5393966666666666 0.01475 0.04748666666666668 
0 0.600375 0.5597233333333334 0.016125 0.04565666666666668 
0 0.61325 0.5697233333333334 0.020875 0.034156666666666675 
0 0.603375 0.6123766666666667 0.02425 0.0466566666666666 
0 0.549375 0.5010733333333334 0.03475 0.02099333333333334 
0 0.588375 0.47708 0.01575 0.04082333333333334 
0 0.565875 0.47691333333333336 0.02175 0.03649000000000001 
0 0.5915 0.50074 0.016 0.033323333333333344 
0 0.605125 0.5080733333333334 0.016 0.03249000000000001 
0 0.6035 0.49190333333333336 0.01975 0.03699000000000001 
0 0.609125 0.4650766666666667 0.01675 0.03682333333333334 
0 0.601 0.4552466666666667 0.021875 0.03632333333333334 
0 0.6200425 0.49884666666666666 0.0263125 0.030906666666666676 
0 0.62848 0.54992 0.020375 0.03474000000000001 
0 0.6504800000000001 0.53459 0.01375 0.040156666666666674 
0 0.66323 0.5419233333333333 0.01725 0.04082000000000001 
0 0.670855 0.5625833333333333 0.021875 0.04815333333333335 
0 0.67373 0.5475866666666667 0.014875 0.023160000000000007 
0 0.68323 0.55592 0.017375 0.03799000000000001 
0 0.6325850000000001 0.5791633333333334 0.016125 0.04665666666666667 
0 0.6349600000000001 0.6211533333333333 0.019625 0.04599000000000001 
0 0.590835 0.6531466666666667 0.034625 0.03432333333333327 
0 0.66396 0.6453133333333334 0.022997499999999945 0.0411566666666666 
0 0.6605850000000001 0.6153233333333333 0.024122499999999946 0.046653333333333345 
0 0.6774600000000001 0.62282 0.022747499999999945 0.04798666666666668 
0 0.67571 0.6088233333333334 0.03249749999999994 0.028326666666666674 
0 0.7043325 0.63215 0.019125 0.021830000000000002 
0 0.7084575 0.64898 0.019 0.02932666666666667 
0 0.6999575 0.56467 0.034375 0.031156666666666676 
0 0.6992075 0.5725 0.028375 0.03915666666666667 
0 0.7257075 0.56017 0.02175 0.02982666666666667 
0 0.7593325 0.5894966666666667 0.01775 0.04165333333333335 
0 0.7442075 0.6504800000000001 0.022 0.019326666666666673 
0 0.7352075 0.53301 0.02 0.046320000000000014 
0 0.7515824999999999 0.5520066666666666 0.019 0.034156666666666675 
0 0.7490825 0.5286766666666667 0.014375 0.03282666666666667 
0 0.6948325 0.5005033333333333 0.01225 0.028660000000000005 
0 0.6915825 0.5244966666666667 0.020375 0.03132666666666667 
0 0.7127925 0.4927566666666667 0.0095625 0.034073333333333344 
0 0.7197925000000001 0.50267 0.0169375 0.03449333333333334 
0 0.7192925 0.4924233333333333 0.0228125 0.02774333333333334 
0 0.732105 0.5145833333333333 0.0239375 0.028076666666666673 
0 0.7287100000000001 0.46901666666666664 0.017875 0.034656666666666676 
0 0.7510825 0.47484666666666664 0.0205 0.03349333333333334 
0 0.74621 0.5128366666666667 0.020747499999999947 0.02582666666666667 
0 0.7680825 0.48601 0.017125 0.03399333333333334 
0 0.7800825 0.5000066666666667 0.02425 0.03332666666666667 
0 0.7760825 0.5175033333333333 0.021875 0.025160000000000005 
0 0.7943325 0.5025066666666667 0.016625 0.03732333333333334 
0 0.8059575 0.5036733333333333 0.014875 0.03165666666666667 
0 0.7223350000000001 0.5488266666666667 0.008125 0.018163333333333337 
0 0.7802100000000001 0.5416666666666666 0.015875 0.03599000000000001 
0 0.780335 0.5514966666666666 0.020747499999999947 0.03915666666666667 
0 0.796585 0.5544966666666666 0.016372499999999946 0.04282000000000001 
0 0.8087075 0.5536633333333333 0.01125 0.040656666666666674 
0 0.8157075 0.5556633333333333 0.0175 0.04482000000000001 
0 0.8267074999999999 0.5624933333333333 0.016625 0.04249000000000001 
0 0.8193325 0.5185066666666667 0.034 0.026826666666666672 
0 0.8390825 0.53067 0.0145 0.029323333333333344 
0 0.8518325 0.5428333333333333 0.023875 0.030156666666666675 
0 0.8590825 0.5288366666666666 0.017125 0.03032333333333334 
0 0.8752075 0.5461666666666667 0.02225 0.034656666666666676 
0 0.8659574999999999 0.5714933333333333 0.021625 0.04415333333333334 
0 0.66196 0.49434666666666666 0.0145 0.028323333333333343 
0 0.8460850000000001 0.6103333333333333 0.019872499999999946 0.03749000000000001 
0 0.8652075 0.6223333333333333 0.025125 0.02149333333333334 
0 0.77171 0.65949 0.027375 0.02182666666666667 
0 0.8945850000000001 0.54868 0.014 0.02199333333333334 
0 0.89896 0.56051 0.02025 0.041656666666666675 
0 0.91046 0.55751 0.01775 0.035156666666666676 
0 0.931585 0.5541766666666667 0.022247499999999944 0.03699000000000001 
0 0.9387075 0.5388499999999999 0.022125 0.04098666666666668 
0 0.5239199999999999 0.7393233333333332 0.02 0.047320000000000015 
0 0.38208499999999995 0.36101666666666665 0.011625 0.03249000000000001 
0 0.35720999999999997 0.37534666666666666 0.015 0.03099000000000001 
0 0.36246 0.3951733333333333 0.01975 0.03482666666666667 
0 0.33321 0.4083366666666667 0.0185 0.027660000000000007 
0 0.33421 0.37684666666666666 0.02425 0.025326666666666674 
0 0.37745999999999996 0.4025066666666667 0.0255 0.01749333333333334 
0 0.39121 0.3710133333333333 0.010625 0.032656666666666674 
0 0.40996 0.36484666666666665 0.010875 0.02749333333333334 
0 0.40008499999999997 0.38700999999999997 0.01325 0.032156666666666674 
0 0.412085 0.39200666666666667 0.0115 0.02749333333333334 
0 0.41633499999999996 0.4020066666666667 0.018 0.03782333333333334 
0 0.403835 0.4206666666666667 0.02075 0.03699000000000001 
0 0.39758499999999997 0.43666333333333335 0.02375 0.028326666666666674 
0 0.38608499999999996 0.41633333333333333 0.02425 0.030993333333333338 
0 0.43271 0.39233999999999997 0.02025 0.02849333333333334 
0 0.448835 0.38067666666666666 0.015247500000000002 0.03899000000000001 
0 0.45845749999999996 0.3438533333333333 0.022125 0.028160000000000004 
0 0.453335 0.33419000000000004 0.018747500000000004 0.02665999999999997 
0 0.463835 0.36918 0.0277475 0.018163333333333337 
0 0.4868325 0.37218 0.0125 0.03882333333333334 
0 0.429585 0.4196666666666667 0.0185 0.03949000000000001 
0 0.455835 0.41217 0.013872500000000003 0.03299000000000001 
0 0.458335 0.41650333333333334 0.021122500000000002 0.03832333333333334 
0 0.4748325 0.42783333333333334 0.012125 0.033990000000000006 
0 0.4813325 0.4053366666666667 0.01275 0.04449000000000001 
0 0.43545999999999996 0.34402 0.013625 0.019830000000000004 
0 0.4953325 0.42483333333333334 0.01925 0.03865666666666667 
0 0.47046 0.3371766666666667 0.01725 0.019830000000000004 
0 0.48296 0.3376766666666667 0.014625 0.02199333333333334 
0 0.496085 0.34717333333333333 0.020622500000000002 0.02349666666666667 
0 0.48721 0.35817333333333334 0.01275 0.015660000000000007 
0 0.503335 0.31101666666666666 0.015622500000000003 0.01799666666666667 
0 0.5157075 0.3106833333333333 0.01475 0.02599333333333334 
0 0.5349575 0.3151833333333333 0.01525 0.023660000000000007 
0 0.5200825 0.33501 0.009375 0.01799666666666667 
0 0.5429575 0.34501 0.016375 0.024660000000000005 
0 0.5490825 0.3485066666666667 0.01725 0.024826666666666674 
0 0.5547075 0.36917 0.011 0.022160000000000006 
0 0.5472075 0.38699666666666666 0.01275 0.040156666666666674 
0 0.5275825 0.378 0.018625 0.028660000000000005 
0 0.5319575 0.39449666666666666 0.01475 0.03782333333333334 
0 0.5197075 0.39699333333333336 0.01325 0.04465666666666668 
0 0.5102099999999999 0.40332666666666667 0.010872500000000002 0.03815666666666668 
0 0.546585 0.3125133333333333 0.0095 0.020330000000000004 
0 0.55396 0.31368 0.012372499999999946 0.024826666666666674 
0 0.556335 0.31051666666666666 0.012747499999999945 0.017160000000000005 
0 0.5912075 0.31834666666666667 0.01 0.022160000000000006 
0 0.5930825 0.33501 0.02125 0.01449666666666667 
0 0.5725825 0.3465066666666667 0.023 0.012830000000000003 
0 0.5888325 0.35650333333333334 0.017875 0.011330000000000003 
0 0.5740824999999999 0.36217 0.01575 0.029323333333333344 
0 0.5844575 0.37333333333333335 0.016875 0.03182333333333334 
0 0.5928325 0.37316666666666665 0.02225 0.033323333333333344 
0 0.5700824999999999 0.38566333333333336 0.017125 0.04165333333333335 
0 0.6220825 0.35950333333333334 0.012125 0.03299000000000001 
0 0.6268325 0.3425066666666667 0.01225 0.025660000000000006 
0 0.6302075 0.36200333333333334 0.013375 0.03649000000000001 
0 0.61202 0.3268433333333333 0.0090625 0.015163333333333336 
0 0.6129600000000001 0.4123233333333333 0.025372499999999944 0.03499000000000001 
