0 0.7468932748538012 0.47889254385964913 0.01023391812865497 0.020285087719298246 
0 0.4232456140350877 0.5682565789473685 0.02448830409356725 0.028782894736842105 
0 0.6407163742690059 0.553453947368421 0.01663011695906433 0.01836622807017544 
0 0.6080043859649122 0.537828947368421 0.011330409356725146 0.02055921052631579 
0 0.6560672514619883 0.6038925438596491 0.01608187134502924 0.034265350877192985 
0 0.7245979532163743 0.48711622807017546 0.017361111111111112 0.022478070175438597 
0 0.26169590643274854 0.5474232456140351 0.015899122807017545 0.027960526315789474 
0 0.3828581871345029 0.5852521929824561 0.02284356725146199 0.015076754385964912 
0 0.587171052631579 0.6326754385964912 0.020650584795321638 0.027412280701754384 
0 0.721125730994152 0.6162280701754386 0.02448830409356725 0.02631578947368421 
0 0.5930190058479532 0.5068530701754386 0.014049707602339201 0.021107456140350877 
0 0.7894736842105263 0.44216008771929827 0.017909356725146198 0.018914473684210526 
0 0.61421783625731 0.44216008771929827 0.011513157894736841 0.022203947368421052 
0 0.47021198830409355 0.555921052631579 0.026498538011695907 0.01644736842105263 
0 0.5025584795321637 0.4887609649122807 0.01918859649122807 0.021655701754385966 
0 0.5835160818713451 0.503015350877193 0.012244152046783625 0.022478070175438597 
0 0.7658991228070176 0.5767543859649122 0.01206140350877193 0.024945175438596492 
0 0.6301169590643275 0.4923245614035088 0.021929824561403508 0.027138157894736843 
0 0.53125 0.6044407894736842 0.025767543859649123 0.026041666666666668 
0 0.3059210526315789 0.4199561403508772 0.019919590643274854 0.016721491228070175 
0 0.40058479532163743 0.44024122807017546 0.011695906432748537 0.02905701754385965 
0 0.6403508771929824 0.45778508771929827 0.02101608187134503 0.01644736842105263 
0 0.3156067251461988 0.43201754385964913 0.019005847953216373 0.015350877192982455 
0 0.7447002923976608 0.5668859649122807 0.015442251461988304 0.024396929824561403 
0 0.5467836257309941 0.46984649122807015 0.017543859649122806 0.021107456140350877 
0 0.4281798245614035 0.43201754385964913 0.01206140350877193 0.018914473684210526 
0 0.5416666666666666 0.43722587719298245 0.013157894736842105 0.018092105263157895 
0 0.5968567251461988 0.5635964912280702 0.01699561403508772 0.027138157894736843 
0 0.6949415204678362 0.5541392543859649 0.018691520467836294 0.020148026315789474 
0 0.19956140350877194 0.6085526315789473 0.01827485380116959 0.03782894736842105 
0 0.6027046783625731 0.43393640350877194 0.011330409356725146 0.018092105263157895 
0 0.28965643274853803 0.49890350877192985 0.019005847953216373 0.027138157894736843 
0 0.6703216374269005 0.596765350877193 0.02046783625730994 0.029605263157894735 
0 0.7503654970760234 0.5024671052631579 0.017178362573099414 0.02138157894736842 
0 0.6198830409356725 0.5836074561403509 0.01608187134502924 0.0381030701754386 
0 0.61421783625731 0.4262609649122807 0.011330409356725146 0.01644736842105263 
0 0.6946271929824561 0.46655701754385964 0.01864035087719298 0.024671052631578948 
0 0.7134502923976608 0.4440789473684211 0.009868421052631578 0.020833333333333332 
0 0.4952485380116959 0.6049890350877193 0.019919590643274854 0.030153508771929825 
0 0.347953216374269 0.5910087719298246 0.017543859649122806 0.026589912280701754 
0 0.6034356725146199 0.44901315789473684 0.013888888888888888 0.0200109649122807 
0 0.410453216374269 0.48464912280701755 0.015533625730994151 0.024396929824561403 
0 0.7417763157894737 0.5189144736842105 0.0133406432748538 0.02987938596491228 
0 0.7156432748538012 0.46518640350877194 0.02887426900584795 0.02275219298245614 
0 0.6955409356725146 0.45586622807017546 0.01608187134502924 0.016721491228070175 
0 0.6432748538011696 0.5679824561403509 0.02448830409356725 0.02549342105263158 
0 0.6211622807017544 0.43969298245614036 0.013706140350877192 0.021655701754385966 
0 0.691703216374269 0.44216008771929827 0.017361111111111112 0.01617324561403509 
0 0.778874269005848 0.42461622807017546 0.012426900584795321 0.022203947368421052 
0 0.4683845029239766 0.5005482456140351 0.011695906432748537 0.027412280701754384 
0 0.5352704678362573 0.4166666666666667 0.008589181286549707 0.021929824561403508 
0 0.6284722222222222 0.43832236842105265 0.011330409356725146 0.017269736842105265 
0 0.18567251461988304 0.5074013157894737 0.013706140350877192 0.013706140350877192 
0 0.35508040935672514 0.4498355263157895 0.011695906432748537 0.015899122807017545 
0 0.18019005847953215 0.5663377192982456 0.01882309941520468 0.027960526315789474 
0 0.23154239766081872 0.5561951754385965 0.01699561403508772 0.03892543859649123 
0 0.5842470760233918 0.45093201754385964 0.012426900584795321 0.025767543859649123 
0 0.5681652046783626 0.45531798245614036 0.01206140350877193 0.024945175438596492 
0 0.3676900584795322 0.43393640350877194 0.02101608187134503 0.018092105263157895 
0 0.489766081871345 0.5131578947368421 0.01206140350877193 0.02549342105263158 
0 0.6381578947368421 0.5942982456140351 0.015899122807017545 0.034265350877192985 
0 0.24031432748538012 0.48519736842105265 0.02138157894736842 0.023300438596491228 
0 0.6536915204678363 0.4668311403508772 0.014619883040935672 0.027960526315789474 
0 0.3620248538011696 0.5479714912280702 0.024853801169590642 0.021655701754385966 
0 0.3252923976608187 0.48793859649122806 0.011878654970760233 0.021929824561403508 
0 0.7525584795321637 0.5298793859649122 0.015716374269005847 0.028782894736842105 
0 0.3673245614035088 0.45860745614035087 0.02010233918128655 0.01343201754385965 
0 0.40789473684210525 0.42105263157894735 0.0133406432748538 0.021929824561403508 
0 0.7697368421052632 0.5216557017543859 0.013706140350877192 0.02631578947368421 
0 0.298062865497076 0.553453947368421 0.01882309941520468 0.025767543859649123 
0 0.7536549707602339 0.41310307017543857 0.013706140350877192 0.015350877192982455 
0 0.8360745614035088 0.5805921052631579 0.017361111111111112 0.019736842105263157 
0 0.5104166666666666 0.5614035087719298 0.026498538011695907 0.021107456140350877 
0 0.4607090643274854 0.5493421052631579 0.010964912280701754 0.02275219298245614 
0 0.4097222222222222 0.555921052631579 0.01425438596491228 0.026041666666666668 
0 0.5431286549707602 0.4506578947368421 0.02942251461988304 0.012883771929824562 
0 0.7494517543859649 0.4498355263157895 0.01023391812865497 0.027138157894736843 
0 0.3046418128654971 0.4772478070175439 0.015716374269005847 0.021107456140350877 
0 0.6703216374269005 0.46518640350877194 0.012426900584795321 0.024396929824561403 
0 0.7558479532163743 0.5759320175438597 0.010964912280701754 0.022478070175438597 
0 0.41191520467836257 0.6790021929824561 0.01608187134502924 0.013157894736842105 
0 0.34576023391812866 0.4375 0.023757309941520467 0.01206140350877193 
0 0.11092836257309942 0.5383771929824561 0.031615497076023395 0.020285087719298246 
0 0.6814692982456141 0.4237938596491228 0.015716374269005847 0.01918859649122807 
0 0.6005116959064327 0.559484649122807 0.020833333333333332 0.01836622807017544 
0 0.6345029239766082 0.42269736842105265 0.015899122807017545 0.010964912280701754 
0 0.20778508771929824 0.4895833333333333 0.015716374269005847 0.020285087719298246 
0 0.7785087719298246 0.4621710526315789 0.012792397660818713 0.024396929824561403 
0 0.339546783625731 0.5391995614035088 0.014071637426900584 0.025767543859649123 
0 0.8276681286549707 0.43064692982456143 0.019554093567251463 0.01617324561403509 
0 0.4618055555555556 0.6019736842105263 0.01699561403508772 0.04029605263157895 
0 0.5487938596491229 0.4290021929824561 0.020833333333333332 0.01864035087719298 
0 0.23720760233918128 0.4750548245614035 0.014985380116959063 0.01836622807017544 
0 0.3298611111111111 0.5956688596491229 0.02412280701754386 0.026589912280701754 
0 0.7971491228070176 0.45422149122807015 0.014071637426900584 0.015899122807017545 
0 0.6949926900584795 0.4155701754385965 0.01206140350877193 0.020285087719298246 
0 0.4826388888888889 0.43722587719298245 0.023026315789473683 0.014802631578947368 
0 0.7324561403508771 0.5679824561403509 0.017178362573099414 0.01918859649122807 
0 0.056834795321637425 0.5614035087719298 0.02101608187134503 0.03892543859649123 
0 0.5763888888888888 0.537828947368421 0.013888888888888888 0.022478070175438597 
0 0.29696637426900585 0.5868969298245614 0.02101608187134503 0.027960526315789474 
0 0.7909356725146199 0.43283991228070173 0.014437134502923976 0.01343201754385965 
0 0.5456871345029239 0.5016447368421053 0.015899122807017545 0.026589912280701754 
0 0.714546783625731 0.6173245614035088 0.014802631578947368 0.024671052631578948 
0 0.47149122807017546 0.40021929824561403 0.010051169590643274 0.01864035087719298 
0 0.5135233918128655 0.5274122807017544 0.02540204678362573 0.018092105263157895 
0 0.21253654970760233 0.5104166666666666 0.0268640350877193 0.017543859649122806 
0 0.6599049707602339 0.44901315789473684 0.014985380116959063 0.019736842105263157 
0 0.6054459064327485 0.5958744517543859 0.015899122807017545 0.02007949561403509 
0 0.21271929824561403 0.5890899122807017 0.011878654970760233 0.03673245614035088 
0 0.25639619883040937 0.590734649122807 0.015899122807017545 0.032072368421052634 
0 0.7403143274853801 0.45723684210526316 0.011695906432748537 0.02055921052631579 
0 0.47514619883040937 0.5973135964912281 0.031067251461988302 0.021107456140350877 
0 0.32401315789473684 0.5101425438596491 0.022478070175438597 0.01069078947368421 
0 0.7872807017543859 0.4602521929824561 0.0133406432748538 0.022478070175438597 
0 0.4762426900584795 0.49972587719298245 0.01918859649122807 0.02055921052631579 
0 0.5268640350877193 0.42543859649122806 0.014071637426900584 0.017543859649122806 
0 0.7300804093567251 0.4555921052631579 0.013706140350877192 0.015350877192982455 
0 0.4607090643274854 0.5024671052631579 0.00932017543859649 0.0268640350877193 
0 0.6864035087719298 0.5992324561403509 0.016264619883040937 0.025767543859649123 
0 0.05098684210526316 0.5879934210526315 0.025219298245614034 0.029605263157894735 
0 0.16045321637426901 0.5200109649122807 0.017543859649122806 0.022478070175438597 
0 0.43877923976608185 0.5405701754385965 0.021564327485380116 0.02138157894736842 
0 0.24798976608187134 0.5471491228070176 0.014619883040935672 0.03508771929824561 
0 0.6728801169590644 0.44106359649122806 0.024853801169590642 0.015350877192982455 
0 0.6224415204678363 0.5345394736842105 0.022112573099415205 0.013980263157894737 
0 0.7054093567251462 0.4440789473684211 0.008406432748538011 0.01836622807017544 
0 0.7867324561403509 0.41694078947368424 0.019554093567251463 0.021929824561403508 
0 0.5873538011695907 0.4342105263157895 0.013888888888888888 0.01425438596491228 
0 0.36860380116959063 0.47560307017543857 0.01644736842105263 0.021655701754385966 
0 0.16940789473684212 0.5430372807017544 0.03307748538011696 0.014528508771929825 
0 0.7289839181286549 0.5548245614035088 0.017726608187134504 0.015899122807017545 
0 0.3093932748538012 0.5888157894736842 0.01699561403508772 0.03234649122807018 
0 0.7595029239766082 0.4270833333333333 0.01644736842105263 0.011239035087719298 
0 0.13450292397660818 0.6938048245614035 0.020833333333333332 0.012609649122807017 
0 0.48117690058479534 0.4004934210526316 0.00932017543859649 0.01699561403508772 
0 0.20595760233918128 0.5679824561403509 0.030153508771929825 0.01836622807017544 
0 0.69828216374269 0.4331140350877193 0.023026315789473683 0.012335526315789474 
0 0.40021929824561403 0.4133771929824561 0.016264619883040937 0.01206140350877193 
0 0.7202119883040936 0.5786732456140351 0.023026315789473683 0.018914473684210526 
0 0.7353801169590644 0.5301535087719298 0.013706140350877192 0.027960526315789474 
0 0.4060672514619883 0.5838815789473685 0.019554093567251463 0.0356359649122807 
0 0.4029605263157895 0.5364583333333334 0.028143274853801168 0.021929824561403508 
0 0.2224049707602339 0.5921052631578947 0.016264619883040937 0.030975877192982455 
0 0.37006578947368424 0.5016447368421053 0.01608187134502924 0.029605263157894735 
0 0.7174707602339181 0.4144736842105263 0.013523391812865496 0.01918859649122807 
0 0.024305555555555556 0.5932017543859649 0.03252923976608187 0.018914473684210526 
0 0.13639802631578948 0.5320723684210527 0.0133406432748538 0.022203947368421052 
0 0.1486421783625731 0.5200109649122807 0.012794225146198828 0.033168859649122806 
0 0.16436038011695905 0.534265350877193 0.028145102339181306 0.01617324561403509 
0 0.13201206140350877 0.5956688596491229 0.02869334795321637 0.030153508771929825 
0 0.1484594298245614 0.587171052631579 0.026865862573099412 0.03070175438596491 
0 0.17733735380116958 0.5899122807017544 0.016812865497076043 0.034265350877192985 
0 0.19305372807017546 0.5866228070175439 0.017911184210526315 0.030153508771929825 
0 0.18903326023391814 0.5287828947368421 0.020652412280701752 0.020833333333333332 
0 0.20438596491228073 0.5427631578947368 0.026317616959064326 0.01343201754385965 
0 0.1763870614035088 0.5215186403508771 0.018002558479532162 0.014665570175438597 
0 0.15655701754385964 0.5208333333333334 0.014621710526315808 0.011239035087719298 
0 0.18945540935672514 0.5179550438596491 0.023117690058479533 0.01206140350877193 
0 0.18470211988304094 0.5271381578947368 0.019647295321637424 0.012335526315789474 
0 0.19932383040935672 0.5023300438596491 0.01453033625730994 0.01918859649122807 
0 0.22015899122807017 0.4920504385964912 0.015350877192982455 0.020148026315789474 
0 0.2192452485380117 0.5023300438596491 0.012792397660818713 0.009046052631578948 
0 0.2190625 0.5272752192982456 0.01864035087719298 0.011650219298245614 
0 0.20910087719298245 0.5350877192982456 0.02988304093567251 0.012472587719298246 
0 0.21074561403508774 0.5249451754385965 0.011240862573099414 0.011650219298245614 
0 0.24199926900584795 0.5160361842105263 0.030338084795321636 0.017269736842105265 
0 0.23550986842105265 0.5233004385964912 0.014438961988304091 0.021518640350877194 
0 0.23944078947368422 0.5302905701754386 0.022569444444444444 0.015350877192982455 
0 0.22765168128654972 0.5426260964912281 0.02787097953216374 0.024945175438596492 
0 0.2521418128654971 0.5327576754385965 0.020561038011695905 0.01987390350877193 
0 0.26164473684210526 0.5276864035087719 0.023302266081871345 0.009457236842105263 
0 0.2573501461988304 0.4882127192982456 0.014713084795321636 0.03248355263157895 
0 0.2710581140350877 0.47889254385964913 0.010964912280701754 0.02563048245614035 
0 0.27699744152046785 0.48327850877192985 0.010416666666666666 0.019736842105263157 
0 0.275718201754386 0.49725877192982454 0.01681469298245614 0.024533991228070175 
0 0.2863176169590643 0.47162828947368424 0.015626827485380114 0.027549342105263157 
0 0.2704184941520468 0.5194627192982456 0.025129751461988304 0.008634868421052632 
0 0.27261147660818713 0.5245339912280702 0.026317616959064326 0.011787280701754386 
0 0.27626644736842104 0.5390625 0.0184594298245614 0.026726973684210526 
0 0.25972587719298246 0.543859649122807 0.011697733918128653 0.028782894736842105 
0 0.2675858918128655 0.5356359649122807 0.015442251461988304 0.011239035087719298 
0 0.27544407894736844 0.5356359649122807 0.024216008771929823 0.017543859649122806 
0 0.29445175438596494 0.5370065789473685 0.020012792397660815 0.014665570175438597 
0 0.2840332602339181 0.549890350877193 0.014804459064327483 0.021655701754385966 
0 0.28467288011695907 0.5667489035087719 0.02522112573099415 0.020970394736842105 
0 0.2716977339181287 0.5649671052631579 0.01708881578947368 0.028645833333333332 
0 0.2487609649122807 0.5764802631578947 0.023759137426900584 0.017406798245614034 
0 0.3074269005847953 0.5448190789473685 0.011971856725146198 0.027412280701754384 
0 0.31519554093567254 0.5453673245614035 0.014528508771929825 0.026041666666666668 
0 0.2941776315789474 0.48218201754385964 0.01343201754385965 0.020285087719298246 
0 0.3143731725146199 0.47491776315789475 0.018548976608187134 0.024396929824561403 
0 0.3127284356725146 0.4956140350877193 0.013980263157894737 0.023574561403508772 
0 0.29637061403508774 0.5098684210526315 0.016357821637426898 0.024533991228070175 
0 0.30194444444444446 0.5176809210526315 0.016175073099415203 0.01918859649122807 
0 0.3123629385964912 0.5228892543859649 0.014985380116959063 0.022478070175438597 
0 0.3178453947368421 0.5152138157894737 0.027322733918128655 0.01493969298245614 
0 0.31985562865497075 0.5250822368421053 0.03061220760233918 0.018777412280701754 
0 0.31775402046783624 0.5397478070175439 0.014802631578947368 0.021792763157894735 
0 0.33127741228070173 0.5396107456140351 0.014164839181286549 0.02480811403508772 
0 0.3270741959064328 0.5387883771929824 0.011149488304093565 0.01000548245614035 
0 0.34690423976608187 0.5242598684210527 0.015078581871345028 0.015213815789473685 
0 0.35658991228070175 0.5387883771929824 0.014256213450292396 0.01343201754385965 
0 0.3512902046783626 0.5379660087719298 0.01453033625730994 0.027549342105263157 
0 0.26630847953216374 0.5926535087719298 0.022936769005847953 0.021655701754385966 
0 0.27809576023391813 0.5999177631578947 0.013799342105263157 0.0234375 
0 0.28778326023391815 0.59375 0.01900767543859649 0.028097587719298246 
0 0.321593567251462 0.5808662280701754 0.01224597953216374 0.027960526315789474 
0 0.3094407894736842 0.5716831140350878 0.015533625730994151 0.017269736842105265 
0 0.3309155701754386 0.5638706140350878 0.03417580409356725 0.017406798245614034 
0 0.33694627192982457 0.5786732456140351 0.03554641812865497 0.01617324561403509 
0 0.3757821637426901 0.559484649122807 0.02065241228070171 0.020833333333333332 
0 0.37642178362573103 0.5666118421052632 0.0189163011695906 0.03056469298245614 
0 0.3936019736842105 0.5600328947368421 0.015444078947368461 0.030153508771929825 
0 0.3618932748538012 0.5349506578947368 0.015076754385964954 0.01493969298245614 
0 0.37176169590643277 0.5319353070175439 0.01900767543859649 0.01836622807017544 
0 0.383093932748538 0.5334429824561403 0.009502923976608187 0.012883771929824562 
0 0.3857437865497076 0.5470120614035088 0.010782163742690058 0.013843201754385965 
0 0.39086074561403505 0.5313870614035088 0.009594298245614035 0.018092105263157895 
0 0.3960690789473684 0.5357730263157895 0.012337353801169631 0.017406798245614034 
0 0.39524671052631577 0.549890350877193 0.007949561403508772 0.015076754385964912 
0 0.4223866959064328 0.5500274122807017 0.01443896198830405 0.02700109649122807 
0 0.43307931286549706 0.5540021929824561 0.013523391812865496 0.015213815789473685 
0 0.33621527777777777 0.48999451754385964 0.010964912280701754 0.024671052631578948 
0 0.3303673245614035 0.4750548245614035 0.012335526315789474 0.015487938596491228 
0 0.3432510964912281 0.4731359649122807 0.010599415204678362 0.02412280701754386 
0 0.3454440789473684 0.4935581140350877 0.015626827485380114 0.023711622807017545 
0 0.36335526315789474 0.4956140350877193 0.014071637426900626 0.029331140350877194 
0 0.3882108918128655 0.4915021929824561 0.012883771929824562 0.0278234649122807 
0 0.40072916666666664 0.4960252192982456 0.01672331871345033 0.0322094298245614 
0 0.4170869883040936 0.4946546052631579 0.018368055555555513 0.028782894736842105 
0 0.4281432748538012 0.4984923245614035 0.01443896198830405 0.018914473684210526 
0 0.42229532163742695 0.509046052631579 0.028967470760233874 0.02138157894736842 
0 0.41206140350877196 0.5215186403508771 0.015899122807017545 0.013569078947368422 
0 0.4067616959064328 0.53125 0.017361111111111112 0.00932017543859649 
0 0.38720577485380114 0.5231633771929824 0.023393640350877234 0.013706140350877192 
0 0.4274122807017544 0.5323464912280702 0.011240862573099373 0.02261513157894737 
0 0.4286019736842105 0.5164473684210527 0.024216008771929864 0.01836622807017544 
0 0.43499817251461986 0.5254934210526315 0.017269736842105265 0.023163377192982455 
0 0.43984100877192983 0.5319353070175439 0.02704861111111115 0.014802631578947368 
0 0.44980080409356726 0.5265899122807017 0.015718201754386006 0.007949561403508772 
0 0.4621381578947369 0.5263157894736842 0.025129751461988262 0.010279605263157895 
0 0.45336622807017546 0.5390625 0.023391812865497075 0.0190515350877193 
0 0.4522679093567251 0.5557839912280702 0.01060124269005852 0.022203947368421052 
0 0.4706359649122807 0.5434484649122807 0.015992324561403464 0.013706140350877192 
0 0.48132858187134503 0.5509868421052632 0.017086988304093567 0.01699561403508772 
0 0.44139437134502923 0.5840186403508771 0.014713084795321678 0.023848684210526317 
0 0.4507145467836257 0.576891447368421 0.01188048245614039 0.027412280701754384 
0 0.4922021198830409 0.5736019736842105 0.02988121345029244 0.013843201754385965 
0 0.49677083333333333 0.5523574561403509 0.023850511695906473 0.020833333333333332 
0 0.5082858187134504 0.5886787280701754 0.029515716374268964 0.015899122807017545 
0 0.5148647660818714 0.6025219298245614 0.02704861111111107 0.016584429824561403 
0 0.5130372807017544 0.6073190789473685 0.021474780701754344 0.02412280701754386 
0 0.5467562134502923 0.5932017543859649 0.019738669590643316 0.027138157894736843 
0 0.5698757309941521 0.5834703947368421 0.017545687134502882 0.027138157894736843 
0 0.5780098684210526 0.6056743421052632 0.013797514619883041 0.024533991228070175 
0 0.4937554824561403 0.5471491228070176 0.025038377192982495 0.018229166666666668 
0 0.48361293859649124 0.5349506578947368 0.011878654970760233 0.020833333333333332 
0 0.4744736842105263 0.534265350877193 0.011058114035087677 0.014528508771929825 
0 0.4793183479532164 0.5134320175438597 0.011970029239766082 0.015762061403508772 
0 0.4512627923976608 0.5076754385964912 0.00968750000000004 0.019599780701754384 
0 0.44139437134502923 0.4915021929824561 0.027322733918128696 0.015625 
0 0.4491611842105263 0.5010964912280702 0.012428728070175478 0.008086622807017545 
0 0.4358205409356725 0.4925986842105263 0.011239035087719298 0.01699561403508772 
0 0.40045504385964914 0.4702576754385965 0.01416483918128659 0.01864035087719298 
0 0.45098866959064327 0.4721765350877193 0.011606359649122848 0.021929824561403508 
0 0.45619883040935677 0.48026315789473684 0.01160453216374269 0.017543859649122806 
0 0.4656103801169591 0.4810855263157895 0.022754020467836214 0.02055921052631579 
0 0.48790752923976605 0.4901315789473684 0.017180190058479573 0.01850328947368421 
0 0.49695358187134503 0.5028782894736842 0.0159009502923977 0.023163377192982455 
0 0.5006085526315789 0.5189144736842105 0.013342470760233958 0.017543859649122806 
0 0.4931158625730994 0.534265350877193 0.032348318713450334 0.012883771929824562 
0 0.4918366228070175 0.5419407894736842 0.03280519005847957 0.01206140350877193 
0 0.515687134502924 0.5464638157894737 0.010508040935672515 0.015899122807017545 
0 0.5248245614035087 0.5412554824561403 0.016357821637426856 0.021518640350877194 
0 0.5287554824561403 0.5474232456140351 0.021290204678362575 0.02480811403508772 
0 0.5369791666666667 0.5505756578947368 0.014345760233918129 0.0278234649122807 
0 0.5481268274853801 0.551672149122807 0.01644919590643279 0.02563048245614035 
0 0.5487664473684211 0.5476973684210527 0.014804459064327525 0.021107456140350877 
0 0.5522404970760234 0.5163103070175439 0.02046783625730994 0.021107456140350877 
0 0.5214437134502924 0.5223410087719298 0.01800255847953212 0.01781798245614035 
0 0.539172149122807 0.5202850877192983 0.014256213450292437 0.0268640350877193 
0 0.5408168859649123 0.5138432017543859 0.013982090643274894 0.015076754385964912 
0 0.5202558479532164 0.5019188596491229 0.014621710526315746 0.020970394736842105 
0 0.5241849415204679 0.48081140350877194 0.016449195906432706 0.024533991228070175 
0 0.5070979532163743 0.48601973684210525 0.023941885964912236 0.01631030701754386 
0 0.5500456871345029 0.5317982456140351 0.015261330409356766 0.018777412280701754 
0 0.5611951754385965 0.5216557017543859 0.027505482456140307 0.020833333333333332 
0 0.5620175438596492 0.5356359649122807 0.030703581871344986 0.011924342105263159 
0 0.5603728070175439 0.5471491228070176 0.011970029239766082 0.030016447368421052 
0 0.5664035087719298 0.5460526315789473 0.014987207602339138 0.014665570175438597 
0 0.5685051169590644 0.5575657894736842 0.030338084795321595 0.02275219298245614 
0 0.571703216374269 0.5623629385964912 0.023210891812865453 0.02206688596491228 
0 0.58796966374269 0.5452302631578947 0.011878654970760233 0.01987390350877193 
0 0.5748099415204678 0.5305646929824561 0.0255866228070175 0.01631030701754386 
0 0.5925383771929824 0.5227521929824561 0.02576937134502928 0.01644736842105263 
0 0.598843201754386 0.5330317982456141 0.011789108187134544 0.014528508771929825 
0 0.5971070906432748 0.5427631578947368 0.014804459064327525 0.019736842105263157 
0 0.6144700292397661 0.5474232456140351 0.018185307017543815 0.019462719298245616 
0 0.5390807748538011 0.48081140350877194 0.010051169590643274 0.025219298245614034 
0 0.5569919590643275 0.49040570175438597 0.017635233918128657 0.031112938596491228 
0 0.5675913742690059 0.5053453947368421 0.015078581871344986 0.018092105263157895 
0 0.5919901315789473 0.5150767543859649 0.027688230994152088 0.017543859649122806 
0 0.5924470029239766 0.48711622807017546 0.019647295321637465 0.026589912280701754 
0 0.6079824561403508 0.49780701754385964 0.016355994152046784 0.020285087719298246 
0 0.6199524853801169 0.5064418859649122 0.014073464912280658 0.02275219298245614 
0 0.6096271929824562 0.5276864035087719 0.024490131578947326 0.014665570175438597 
0 0.6336604532163742 0.5119243421052632 0.013523391812865496 0.02631578947368421 
0 0.6459046052631578 0.514391447368421 0.017637061403508812 0.02480811403508772 
0 0.6417927631578947 0.5367324561403509 0.012611476608187174 0.018914473684210526 
0 0.6275383771929824 0.5449561403508771 0.01425438596491228 0.021792763157894735 
0 0.630188230994152 0.5555098684210527 0.015442251461988304 0.015487938596491228 
0 0.6189473684210527 0.5618146929824561 0.019464546783625688 0.024945175438596492 
0 0.6314674707602339 0.5708607456140351 0.02211440058479536 0.019736842105263157 
0 0.5918987573099415 0.5862116228070176 0.01188048245614039 0.02645285087719298 
0 0.5973940058479532 0.5965597587719298 0.012472587719298246 0.02240953947368421 
0 0.6298336988304093 0.5834703947368421 0.01786549707602343 0.035430372807017545 
0 0.6449122807017544 0.6095805921052632 0.017361111111111112 0.03234649122807018 
0 0.6688541666666666 0.6188322368421053 0.025038377192982495 0.01836622807017544 
0 0.6532273391812865 0.5291255482456141 0.017315423976608187 0.021998355263157895 
0 0.6669334795321638 0.5364583333333334 0.016357821637426856 0.016241776315789474 
0 0.6662481725146199 0.5154879385964912 0.012794225146198787 0.02425986842105263 
0 0.6778801169590644 0.5173382675438597 0.012496345029239703 0.021175986842105265 
0 0.6827430555555555 0.5350191885964912 0.00932017543859649 0.014322916666666666 
0 0.6868548976608186 0.5159676535087719 0.013888888888888888 0.021655701754385966 
0 0.6876315789473684 0.5353618421052632 0.014574195906432748 0.02158717105263158 
0 0.6993731725146198 0.5333059210526315 0.015032894736842144 0.01644736842105263 
0 0.7039894005847953 0.5368009868421053 0.020330774853801168 0.020764802631578948 
0 0.6535910087719298 0.5513980263157895 0.01302266081871349 0.028919956140350877 
0 0.6572021198830409 0.5561951754385965 0.019965277777777776 0.024876644736842105 
0 0.6636440058479532 0.5520833333333334 0.024033260233918087 0.017406798245614034 
0 0.6604915935672515 0.5476288377192983 0.01640168128654971 0.009046052631578948 
0 0.6735124269005848 0.5450246710526315 0.025997807017543815 0.020627741228070175 
0 0.683017178362573 0.5572231359649122 0.020330774853801168 0.0190515350877193 
0 0.6846162280701754 0.5675027412280702 0.016493055555555556 0.017886513157894735 
0 0.6700858918128655 0.5636650219298246 0.016083698830409315 0.02953673245614035 
0 0.6917434210526315 0.5785361842105263 0.025266812865497115 0.017612390350877194 
0 0.7010635964912281 0.5695586622807017 0.018687865497076062 0.01493969298245614 
0 0.7131268274853801 0.5675027412280702 0.02110928362573095 0.026110197368421052 
0 0.7095175438596492 0.561609100877193 0.017909356725146198 0.011239035087719298 
0 0.7137207602339182 0.551672149122807 0.023530701754385923 0.01651589912280702 
0 0.7195687134502924 0.536047149122807 0.015946637426900542 0.01768092105263158 
0 0.7114820906432748 0.5308388157894737 0.016769005847953173 0.010759320175438597 
0 0.7284338450292397 0.5269325657894737 0.01069078947368421 0.021655701754385966 
0 0.739124634502924 0.5521518640350878 0.01809393274853805 0.015008223684210526 
0 0.747439692982456 0.565515350877193 0.008408260233918169 0.006373355263157895 
0 0.7575383771929824 0.5548930921052632 0.01114766081871345 0.02460252192982456 
0 0.766218932748538 0.5566063596491229 0.013662280701754426 0.0229577850877193 
0 0.7060434941520467 0.6114309210526315 0.015625 0.02617872807017544 
0 0.762015716374269 0.6095120614035088 0.02174890350877197 0.0356359649122807 
0 0.7563048245614035 0.5224780701754386 0.018185307017543898 0.030290570175438597 
0 0.7687317251461988 0.5422149122807017 0.027231359649122846 0.015213815789473685 
0 0.7768658625730994 0.5518092105263158 0.02129203216374273 0.01000548245614035 
0 0.7758607456140352 0.5556469298245614 0.023393640350877234 0.015350877192982455 
0 0.7779623538011696 0.5614035087719298 0.0204696637426901 0.02275219298245614 
0 0.772843567251462 0.5745614035087719 0.03774122807017552 0.02549342105263158 
0 0.8327887426900585 0.6143092105263158 0.01699744152046771 0.031661184210526314 
0 0.8266666666666668 0.5670230263157895 0.015352704678362446 0.022478070175438597 
0 0.7913943713450293 0.5707236842105263 0.02805372807017548 0.02850877192982456 
0 0.7968274853801169 0.565515350877193 0.028145102339181327 0.0268640350877193 
0 0.801030701754386 0.5611293859649122 0.030520833333333372 0.02823464912280702 
0 0.8085233918128655 0.5605811403508771 0.019373172514619924 0.01425438596491228 
0 0.3055592105263158 0.43516995614035087 0.017454312865497073 0.02138157894736842 
0 0.3326078216374269 0.4300986842105263 0.014895833333333332 0.02645285087719298 
0 0.3351663011695906 0.42214912280701755 0.011239035087719298 0.015899122807017545 
0 0.3446692251461988 0.41968201754385964 0.013982090643274853 0.019599780701754384 
0 0.35216374269005846 0.4214638157894737 0.017269736842105265 0.01768092105263158 
0 0.3634027777777778 0.43133223684210525 0.007949561403508772 0.010279605263157895 
0 0.3701644736842105 0.4251644736842105 0.013068347953216415 0.017269736842105265 
0 0.3760142543859649 0.4440789473684211 0.011970029239766082 0.015213815789473685 
0 0.3873446637426901 0.45476973684210525 0.011240862573099373 0.014528508771929825 
0 0.3798519736842106 0.4180372807017544 0.014802631578947368 0.013980263157894737 
0 0.3808570906432749 0.40720942982456143 0.01160453216374269 0.012335526315789474 
0 0.3914565058479533 0.40720942982456143 0.017271564327485337 0.012609649122807017 
0 0.3858826754385965 0.3988486842105263 0.019921418128654927 0.011787280701754386 
0 0.3829586988304094 0.4233826754385965 0.022388523391812822 0.012335526315789474 
0 0.38789290935672516 0.42653508771929827 0.021383406432748494 0.013157894736842105 
0 0.3841465643274854 0.4370888157894737 0.013707967836257266 0.0200109649122807 
0 0.3918220029239766 0.44311951754385964 0.013068347953216332 0.013020833333333334 
0 0.3973976608187134 0.4272203947368421 0.013797514619883041 0.017132675438596492 
0 0.3929184941520468 0.41885964912280704 0.013433845029239723 0.006441885964912281 
0 0.4114181286549708 0.42605537280701755 0.01718019005847949 0.032552083333333336 
0 0.4128344298245614 0.4426398026315789 0.016312134502923934 0.020148026315789474 
0 0.41881944444444447 0.4487390350877193 0.014987207602339138 0.021655701754385966 
0 0.4295577485380117 0.4491502192982456 0.011924342105263159 0.021792763157894735 
0 0.4387408625730994 0.45387883771929827 0.010370979532163743 0.017543859649122806 
0 0.40844846491228076 0.3983689692982456 0.011010599415204679 0.013569078947368422 
0 0.4010014619883041 0.4107044956140351 0.023667763157894695 0.00849780701754386 
0 0.4207383040935673 0.4192708333333333 0.011423611111111068 0.011992872807017545 
0 0.4182255116959065 0.40261787280701755 0.02686586257309937 0.011855811403508772 
0 0.4255829678362573 0.40467379385964913 0.023850511695906473 0.01596765350877193 
0 0.42293128654970763 0.3991228070175439 0.019875730994152005 0.006510416666666667 
0 0.426359649122807 0.3881578947368421 0.019005847953216373 0.011855811403508772 
0 0.43979166666666664 0.39096765350877194 0.020195540935672555 0.00932017543859649 
0 0.4416648391812865 0.39631304824561403 0.01635782163742694 0.008223684210526315 
0 0.4326187865497076 0.39679276315789475 0.015992324561403547 0.006236293859649123 
0 0.4569261695906433 0.3944627192982456 0.01471125730994152 0.0161047149122807 
0 0.44381213450292395 0.4019325657894737 0.013114035087719338 0.005482456140350877 
0 0.4633223684210527 0.40069901315789475 0.010783991228070132 0.013980263157894737 
0 0.4468731725146199 0.4058388157894737 0.016769005847953256 0.009251644736842105 
0 0.43060855263157893 0.4108415570175439 0.01699561403508772 0.008977521929824562 
0 0.4453654970760234 0.40905975877192985 0.011240862573099456 0.009799890350877192 
0 0.4328472222222222 0.41680372807017546 0.021246345029239805 0.013706140350877192 
0 0.4272733918128655 0.41906524122807015 0.0167671783625731 0.013500548245614035 
0 0.4451827485380117 0.41522752192982454 0.015352704678362613 0.009251644736842105 
0 0.45857090643274856 0.4126918859649123 0.00872624269005848 0.010827850877192983 
0 0.46122076023391817 0.4139254385964912 0.01069078947368421 0.015076754385964912 
0 0.43636513157894735 0.42687774122807015 0.013706140350877192 0.0234375 
0 0.44892909356725147 0.4212582236842105 0.013296783625731034 0.01953125 
0 0.4550529970760234 0.42865953947368424 0.012609649122807017 0.017749451754385966 
0 0.4673885233918129 0.4165296052631579 0.013022660818713406 0.015487938596491228 
0 0.46734283625731 0.4231770833333333 0.015992324561403464 0.01459703947368421 
0 0.47977156432748536 0.4139254385964912 0.013614766081871345 0.01021107456140351 
0 0.4889089912280702 0.40117872807017546 0.008315058479532164 0.016858552631578948 
0 0.4616319444444445 0.4355811403508772 0.017178362573099414 0.011444627192982455 
0 0.4420303362573099 0.4537417763157895 0.019007675438596532 0.02700109649122807 
0 0.44107090643274854 0.43660910087719296 0.015124269005847993 0.017955043859649123 
0 0.4425328947368421 0.4477110745614035 0.01567251461988308 0.01459703947368421 
0 0.4555555555555556 0.44229714912280704 0.013797514619883041 0.01069078947368421 
0 0.4545047514619883 0.44168037280701755 0.02261695906432744 0.02158717105263158 
0 0.47611659356725144 0.42578125 0.014985380116959063 0.01665296052631579 
0 0.4949396929824561 0.3958333333333333 0.00991593567251466 0.01953125 
0 0.4819188596491228 0.4164610745614035 0.022799707602339223 0.012335526315789474 
0 0.4958077485380117 0.4144736842105263 0.02129203216374273 0.009936951754385965 
0 0.5007894736842106 0.40844298245614036 0.013797514619883041 0.009388706140350877 
0 0.5016118421052632 0.38904879385964913 0.014345760233918129 0.013706140350877192 
0 0.5043987573099415 0.3958333333333333 0.01914473684210522 0.012198464912280702 
0 0.4807309941520468 0.4292077850877193 0.019327485380117 0.016241776315789474 
0 0.49795687134502925 0.4220120614035088 0.028053728070175397 0.015350877192982455 
0 0.49553362573099413 0.42687774122807015 0.02174890350877197 0.012815241228070175 
0 0.5085562865497076 0.4004934210526316 0.019784356725146154 0.010142543859649123 
0 0.5140387426900586 0.40590734649122806 0.014073464912280658 0.013157894736842105 
0 0.5158205409356725 0.4126918859649123 0.013479532163742647 0.012815241228070175 
0 0.5261019736842105 0.40261787280701755 0.013066520467836257 0.013774671052631578 
0 0.5196582602339181 0.41584429824561403 0.015900950292397617 0.014802631578947368 
0 0.49969298245614036 0.4376370614035088 0.012701023391812866 0.01836622807017544 
0 0.5130336257309942 0.43270285087719296 0.017271564327485337 0.019394188596491228 
0 0.5110233918128655 0.43921326754385964 0.017682748538011654 0.015899122807017545 
0 0.5243201754385964 0.4355126096491228 0.014345760233918129 0.012266995614035088 
0 0.5333662280701754 0.4426398026315789 0.009731359649122808 0.019942434210526317 
0 0.5194298245614035 0.4477110745614035 0.016723318713450248 0.014048793859649123 
0 0.5081451023391813 0.4505893640350877 0.015946637426900542 0.02090186403508772 
0 0.4849342105263158 0.4485334429824561 0.014576023391812905 0.019394188596491228 
0 0.49192434210526315 0.45079495614035087 0.01795687134502928 0.01864035087719298 
0 0.4771217105263158 0.46463815789473684 0.018914473684210526 0.026932565789473683 
0 0.4965387426900585 0.4688870614035088 0.018185307017543898 0.021655701754385966 
0 0.5110690789473684 0.4668311403508772 0.011834795321637384 0.023368969298245616 
0 0.45701754385964916 0.4680646929824561 0.026226242690058438 0.015556469298245614 
0 0.5559466374269005 0.4594298245614035 0.014438961988304133 0.02480811403508772 
0 0.5787920321637428 0.4647752192982456 0.01133223684210522 0.023163377192982455 
0 0.5389382309941521 0.4019325657894737 0.013980263157894737 0.01596765350877193 
0 0.550999634502924 0.40056195175438597 0.011560672514619839 0.020833333333333332 
0 0.5571217105263159 0.39035087719298245 0.010921052631578904 0.01617324561403509 
0 0.5637920321637427 0.4037828947368421 0.011668494152046767 0.017201206140350877 
0 0.5553983918128654 0.40597587719298245 0.012609649122807017 0.020148026315789474 
0 0.5348373538011696 0.41049890350877194 0.017545687134502882 0.021518640350877194 
0 0.5509539473684211 0.42269736842105265 0.01320358187134503 0.009731359649122808 
0 0.5730226608187134 0.40460526315789475 0.00872624269005848 0.015830592105263157 
0 0.5744846491228071 0.3938459429824561 0.009594298245614035 0.011855811403508772 
0 0.5671728801169591 0.41817434210526316 0.010007309941520425 0.01308936403508772 
0 0.5796472953216374 0.4008360745614035 0.012883771929824562 0.01918859649122807 
0 0.5621472953216374 0.4303728070175439 0.012245979532163699 0.018434758771929825 
0 0.5520504385964913 0.44613486842105265 0.02124634502923972 0.007949561403508772 
0 0.5720175438596491 0.4335252192982456 0.015625 0.027617872807017545 
0 0.5719718567251462 0.42221765350877194 0.007858187134502924 0.015350877192982455 
0 0.5771801900584795 0.4251644736842105 0.014073464912280741 0.014734100877192983 
0 0.5801041666666666 0.4159813596491228 0.019190423976608226 0.012472587719298246 
0 0.5782766812865497 0.4087171052631579 0.01969298245614039 0.0161047149122807 
0 0.5870486111111111 0.3959018640350877 0.02106359649122811 0.01308936403508772 
0 0.5943603801169591 0.39946546052631576 0.025495248538011654 0.010759320175438597 
0 0.5955025584795322 0.4042626096491228 0.014391447368421052 0.013157894736842105 
0 0.5977412280701755 0.40720942982456143 0.010645102339181287 0.016036184210526317 
0 0.6146929824561403 0.40549616228070173 0.009046052631578948 0.015213815789473685 
0 0.6053709795321638 0.40625 0.006761695906432748 0.016584429824561403 
0 0.5972843567251462 0.42214912280701755 0.01411732456140351 0.01459703947368421 
0 0.5905683479532164 0.4272203947368421 0.013706140350877192 0.01918859649122807 
0 0.607015716374269 0.4083059210526316 0.009139254385964869 0.02460252192982456 
0 0.5929440789473684 0.4477110745614035 0.01320358187134503 0.021450109649122806 
0 0.620860745614035 0.40535910087719296 0.009274488304093567 0.012198464912280702 
0 0.6304093567251462 0.40200109649122806 0.012976973684210566 0.008429276315789474 
0 0.6268914473684211 0.40988212719298245 0.013799342105263198 0.012609649122807017 
0 0.616657529239766 0.41680372807017546 0.01114766081871345 0.01103344298245614 
0 0.6242872807017543 0.42084703947368424 0.009822733918128655 0.01665296052631579 
0 0.6331048976608187 0.41234923245614036 0.012931286549707642 0.01411732456140351 
0 0.6365771198830409 0.4337308114035088 0.021840277777777816 0.018297697368421052 
0 0.6445010964912281 0.4159813596491228 0.013890716374268962 0.013157894736842105 
0 0.6452320906432749 0.41132127192982454 0.014804459064327442 0.011650219298245614 
0 0.6368512426900584 0.40597587719298245 0.009504751461988344 0.008018092105263159 
0 0.6427467105263158 0.40549616228070173 0.007264254385964912 0.006099232456140351 
0 0.6472240497076024 0.4067297149122807 0.011193347953216375 0.008566337719298246 
0 0.6532090643274854 0.3998081140350877 0.011421783625730994 0.011992872807017545 
0 0.6574122807017544 0.41091008771929827 0.010921052631578904 0.011513157894736841 
0 0.664265350877193 0.40460526315789475 0.012976973684210483 0.013706140350877192 
0 0.6422880116959064 0.4296189692982456 0.018368055555555596 0.019805372807017545 
0 0.6496911549707602 0.42879660087719296 0.016264619883040937 0.019325657894736843 
0 0.6754148391812865 0.40063048245614036 0.011787280701754386 0.017132675438596492 
0 0.667328216374269 0.41111567982456143 0.014802631578947368 0.013500548245614035 
0 0.6853746345029239 0.40453673245614036 0.010829678362573139 0.014871162280701754 
0 0.6736787280701754 0.4180372807017544 0.020606725146198872 0.011581688596491228 
0 0.658234649122807 0.4205729166666667 0.021520467836257266 0.015625 
0 0.6584630847953217 0.42674067982456143 0.01763706140350873 0.01850328947368421 
0 0.6565899122807017 0.42852247807017546 0.015169956140350833 0.02007949561403509 
0 0.6752320906432748 0.43050986842105265 0.01640168128654971 0.01411732456140351 
0 0.691359649122807 0.41577576754385964 0.016175073099415245 0.011101973684210526 
0 0.6920010964912281 0.40323464912280704 0.012198464912280702 0.012678179824561403 
0 0.703468567251462 0.40727796052631576 0.012701023391812866 0.01240405701754386 
0 0.7113267543859649 0.4108415570175439 0.011743421052631535 0.009936951754385965 
0 0.708311403508772 0.4186540570175439 0.016129385964912236 0.015487938596491228 
0 0.7040168128654971 0.4199561403508772 0.016677631578947326 0.013774671052631578 
0 0.7221107456140351 0.4102247807017544 0.02129203216374273 0.013569078947368422 
0 0.731750730994152 0.40309758771929827 0.018276681286549665 0.011581688596491228 
0 0.7259484649122807 0.4198190789473684 0.015489766081871385 0.01596765350877193 
0 0.7081743421052632 0.4335252192982456 0.01800255847953212 0.013843201754385965 
0 0.7253545321637427 0.4342105263157895 0.02339364035087715 0.013294956140350877 
0 0.7211970029239766 0.4419544956140351 0.02426169590643279 0.010622258771929825 
0 0.7378728070175439 0.42461622807017546 0.02142909356725142 0.010142543859649123 
0 0.7354513888888888 0.4322916666666667 0.025358187134502882 0.007675438596491228 
0 0.7411641081871345 0.43660910087719296 0.019371345029239682 0.009731359649122808 
0 0.7473318713450292 0.44510690789473684 0.02042397660818709 0.013020833333333334 
0 0.7343092105263158 0.4477110745614035 0.02307383040935668 0.010279605263157895 
0 0.7227046783625731 0.45017817982456143 0.01160453216374269 0.017064144736842105 
0 0.7084941520467837 0.46456962719298245 0.012383040935672471 0.02007949561403509 
0 0.7056615497076023 0.4830043859649123 0.017545687134502882 0.015213815789473685 
0 0.6819480994152046 0.4701891447368421 0.00918311403508772 0.021450109649122806 
0 0.6863340643274853 0.4747121710526316 0.013982090643274894 0.02007949561403509 
0 0.6719426169590643 0.4492872807017544 0.015899122807017545 0.021861293859649123 
0 0.6819480994152046 0.44921875 0.016175073099415245 0.023231907894736843 
0 0.6997222222222222 0.4784813596491228 0.009685672514619883 0.019599780701754384 
0 0.6633516081871346 0.47772752192982454 0.013662280701754343 0.020148026315789474 
0 0.680531798245614 0.4936266447368421 0.015855263157894775 0.020490679824561403 
0 0.595250365497076 0.4688870614035088 0.01206140350877193 0.02549342105263158 
0 0.6385654239766082 0.44229714912280704 0.019097222222222224 0.017269736842105265 
0 0.6267763157894737 0.45202850877192985 0.02074378654970764 0.018914473684210526 
0 0.6083168859649123 0.46463815789473684 0.02302814327485376 0.013157894736842105 
0 0.6063980263157894 0.4701206140350877 0.013433845029239723 0.023574561403508772 
0 0.6254970760233918 0.47108004385964913 0.013616593567251502 0.021929824561403508 
0 0.6154459064327485 0.48601973684210525 0.018183479532163743 0.021655701754385966 
0 0.642311769005848 0.4713541666666667 0.011878654970760233 0.01918859649122807 
0 0.6384740497076024 0.48985745614035087 0.016904239766081873 0.023574561403508772 
0 0.6439565058479532 0.48848684210526316 0.021931652046783583 0.02563048245614035 
0 0.6575712719298246 0.49122807017543857 0.02467288011695902 0.02631578947368421 
0 0.6968658625730995 0.4975328947368421 0.02796235380116963 0.01137609649122807 
0 0.6987847222222222 0.5067160087719298 0.015259502923976608 0.029468201754385966 
0 0.7158040935672515 0.5093887061403509 0.017863669590643276 0.021655701754385966 
0 0.7315204678362573 0.5006853070175439 0.014073464912280658 0.024945175438596492 
0 0.7580921052631578 0.41132127192982454 0.014347587719298286 0.015899122807017545 
0 0.7672313596491228 0.41831140350877194 0.01281249999999994 0.017612390350877194 
0 0.7720467836257311 0.4139939692982456 0.010281432748537885 0.01987390350877193 
0 0.7796783625730993 0.41824287280701755 0.011650219298245614 0.013843201754385965 
0 0.7641429093567252 0.4359923245614035 0.019601608187134377 0.018777412280701754 
0 0.7587975146198831 0.44174890350877194 0.019007675438596366 0.017064144736842105 
0 0.7779422514619883 0.4449013157894737 0.016036184210526317 0.016927083333333332 
0 0.7565588450292399 0.45867598684210525 0.009046052631578948 0.01987390350877193 
0 0.7671125730994153 0.45339912280701755 0.013342470760233791 0.017612390350877194 
0 0.7585690789473685 0.4621710526315789 0.01676900584795309 0.02432839912280702 
0 0.7727777777777778 0.47087445175438597 0.020241228070175313 0.02446546052631579 
0 0.7533607456140351 0.48601973684210525 0.016812865497076022 0.026384320175438597 
0 0.7349013157894737 0.4694353070175439 0.01416483918128659 0.02309484649122807 
0 0.7898209064327485 0.47443804824561403 0.02832785087719302 0.02309484649122807 
0 0.7966282894736841 0.4730674342105263 0.03075109649122815 0.018434758771929825 
0 0.7952576754385964 0.46594024122807015 0.02764437134502932 0.013843201754385965 
0 0.805858918128655 0.45339912280701755 0.01667580409356725 0.019805372807017545 
0 0.7909923245614036 0.48739035087719296 0.01955592105263145 0.010553728070175438 
0 0.7861494883040936 0.4956140350877193 0.031069078947368295 0.015487938596491228 
0 0.7959904970760233 0.4125548245614035 0.011878654970760233 0.014734100877192983 
0 0.8017214912280702 0.42221765350877194 0.016586257309941396 0.017406798245614034 
0 0.8161129385964913 0.4316063596491228 0.013479532163742564 0.01391173245614035 
0 0.3552832602339181 0.7105263157894737 0.017911184210526315 0.015899122807017545 
0 0.44885782163742693 0.6502192982456141 0.014256213450292354 0.027412280701754384 
0 0.6199141081871345 0.6820175438596491 0.028877923976608183 0.02850877192982456 
0 0.6933845029239766 0.7083333333333334 0.02083516081871349 0.022478070175438597 
0 0.752235014619883 0.7280701754385965 0.029972587719298286 0.02412280701754386 
0 0.8298665935672515 0.6912006578947368 0.015444078947368461 0.023300438596491228 
0 0.9766392543859649 0.7516447368421053 0.023393640350877234 0.023026315789473683 
0 0.9221747076023392 0.7538377192982456 0.02010416666666654 0.01864035087719298 
0 0.8260032894736843 0.7798190789473685 0.027412280701754384 0.026858552631578953 
0 0.5663633040935673 0.4828974780701754 0.021290204678362575 0.02685581140350878 
0 0.8053051900584796 0.43950383771929824 0.023483187134502925 0.017264254385964916 
0 0.38340460526315784 0.6784018640350877 0.015350877192982455 0.01890899122807018 
0 0.3903490497076023 0.6849780701754387 0.015350877192982455 0.023843201754385968 
0 0.3519718567251462 0.7830866228070175 0.03874269005847949 0.01918585526315796 
0 0.7761933479532164 0.5832456140350877 0.03047331871345029 0.024868421052631647 
