0 0.55375 0.36533333333333334 0.03175 0.049 
0 0.43225 0.017666666666666667 0.02625 0.06857333333333335 
0 0.28725 0.4656666666666667 0.0255 0.038 
0 0.437 0.24166666666666667 0.02775 0.044333333333333336 
0 0.47975249999999997 0.26887666666666665 0.026747500000000004 0.038123333333333335 
0 0.43425 0.30533333333333335 0.03375 0.036 
0 0.49325 0.30933333333333335 0.0265 0.042333333333333334 
0 0.3055 0.34 0.021 0.025333333333333333 
0 0.25675 0.4666666666666667 0.03 0.034333333333333334 
0 0.39825 0.07166666666666667 0.025 0.050333333333333334 
0 0.3275 0.3416666666666667 0.02875 0.03766666666666667 
0 0.91025 0.3893333333333333 0.0345 0.034666666666666665 
0 0.46075 0.27266666666666667 0.02425 0.030666666666666665 
0 0.46875 0.24033333333333334 0.042 0.030333333333333334 
0 0.231 0.28633333333333333 0.0580025 0.03766666666666667 
0 0.45825 0.316 0.03075 0.04733333333333333 
0 0.38475 0.026 0.02775 0.04033333333333333 
0 0.586 0.20633333333333334 0.03375 0.06066666666666667 
0 0.455 0.024666666666666667 0.03075 0.07634666666666667 
0 0.48875 0.19466666666666665 0.0275 0.043333333333333335 
0 0.40925 0.017333333333333333 0.029 0.058666666666666666 
0 0.31 0.076 0.0215 0.05566666666666667 
0 0.324 0.36466666666666664 0.03025 0.051 
0 0.4225 0.305 0.01125 0.03166666666666667 
0 0.23175 0.10233333333333333 0.05158499999999998 0.04622333333333334 
0 0.57625 0.4083333333333333 0.02275 0.016 
0 0.28475 0.066 0.02625 0.07066666666666667 
0 0.259335 0.05924666666666667 0.034 0.06798333333333333 
0 0.30483499999999997 0.12989666666666666 0.04625 0.04531999999999999 
0 0.32508499999999996 0.06324666666666667 0.039 0.07864666666666667 
0 0.32658499999999996 0.049916666666666665 0.05375 0.06198333333333333 
0 0.33558499999999997 0.03425333333333334 0.05025 0.05932000000000001 
0 0.377835 0.05824666666666667 0.0295 0.08098 
0 0.364085 0.10223666666666666 0.03675 0.08731 
0 0.329335 0.1139 0.04525 0.052653333333333344 
0 0.26408499999999996 0.12956333333333334 0.06025 0.04032333333333334 
0 0.25283500000000003 0.14822333333333335 0.041499999999999974 0.07031666666666667 
0 0.2023375 0.17855 0.061247499999999976 0.04398666666666668 
0 0.11833750000000001 0.20721 0.055 0.08064333333333332 
0 0.24758750000000002 0.23420333333333335 0.05624749999999997 0.06497999999999998 
0 0.42183499999999996 0.07868666666666667 0.057 0.05331999999999999 
0 0.441585 0.11500999999999999 0.05975 0.04365666666666668 
0 0.405335 0.12500999999999998 0.042 0.05665000000000001 
0 0.389335 0.10534666666666667 0.052 0.05765333333333333 
0 0.3965 -0.0008733333333333334 0.05675 0.029156666666666668 
0 0.322 0.16611 0.064125 0.03948999999999999 
0 0.345875 0.18910666666666667 0.059875 0.041486666666666644 
0 0.41075 0.16277999999999998 0.030875 0.053649999999999996 
0 0.434375 0.17877333333333334 0.03075 0.06748333333333331 
0 0.2807525 0.16561 0.061872500000000004 0.049819999999999996 
0 0.357375 0.20576666666666665 0.051875 0.05248666666666668 
0 0.40475 0.18345333333333333 0.0355 0.07997999999999998 
0 0.3580025 0.22627666666666668 0.0684975 0.05664999999999998 
0 0.4590025 0.16923666666666665 0.04625 0.03898999999999999 
0 0.4367525 0.15257333333333334 0.06325 0.02999333333333334 
0 0.3047525 0.20789333333333332 0.0565 0.060650000000000016 
0 0.2785025 0.18789666666666668 0.045 0.07531333333333332 
0 0.3060025 0.23821666666666666 0.04975 0.06098333333333335 
0 0.2950025 0.25854666666666665 0.04825 0.05731666666666668 
0 0.3112525 0.3032 0.046 0.048319999999999974 
0 0.3477525 0.27387333333333336 0.041 0.08531333333333331 
0 0.3827525 0.25954666666666665 0.04575 0.06631333333333335 
0 0.4020025 0.26721 0.04375 0.05598666666666668 
0 0.4305025 0.27920666666666666 0.055 0.041323333333333344 
0 0.3642525 0.29253666666666667 0.063 0.06031666666666664 
0 0.4970025 0.23221999999999998 0.0367475 0.07231333333333335 
0 0.4572525 0.1948966666666667 0.061497500000000004 0.05265333333333331 
0 0.51375 0.3078666666666667 0.0545 0.03132333333333334 
0 0.3840025 0.33354 0.0595 0.050319999999999976 
0 0.4222525 0.33854 0.0415 0.036989999999999974 
0 0.4847525 0.33787333333333336 0.0432475 0.04198999999999997 
0 0.5100025 0.3452033333333333 0.0494975 0.041990000000000006 
0 0.53775 0.32054333333333335 0.054 0.06264999999999998 
0 0.539 0.28855333333333333 0.06775 0.06731666666666665 
0 0.3512525 0.3575433333333334 0.05875 0.03965333333333327 
0 0.3497525 0.3865333333333333 0.0635 0.03432666666666667 
0 0.4052525 0.37787 0.0635 0.033990000000000006 
0 0.3940025 0.39586666666666664 0.03825 0.06631333333333335 
0 0.3287525 0.41785999999999995 0.0715 0.040656666666666674 
0 0.4262525 0.3945333333333333 0.05975 0.047320000000000015 
0 0.4295025 0.43087 0.06 0.03565666666666668 
0 0.4545025 0.36322000000000004 0.05625 0.03399333333333334 
0 0.5035025 0.38188333333333335 0.0599975 0.0376566666666666 
0 0.5845 0.36355333333333334 0.0555 0.0549866666666666 
0 0.5795 0.28924 0.06025 0.041323333333333344 
0 0.583 0.2662466666666667 0.07075 0.041323333333333344 
0 0.549 0.25725 0.0365 0.034323333333333345 
0 0.6475 0.21892666666666666 0.0375 0.07331333333333336 
0 0.567 0.4168733333333333 0.04675 0.06331666666666669 
0 0.5040025 0.41453999999999996 0.0582475 0.03399333333333334 
0 0.47975249999999997 0.39188 0.032250000000000056 0.07564666666666661 
0 0.5052525 0.4415333333333333 0.0572475 0.03799000000000001 
0 0.6105 0.4142066666666666 0.05175 0.04465666666666668 
0 0.5935 0.4472 0.062 0.03899000000000001 
0 0.6135 0.4691933333333333 0.0545 0.046320000000000014 
0 0.6705 0.47152666666666665 0.05325 0.06731666666666668 
0 0.237755 0.31856666666666666 0.0712475 0.041323333333333344 
0 0.2710025 0.3605566666666667 0.0545 0.03565666666666668 
0 0.2805025 0.38355000000000006 0.066 0.057983333333333276 
0 0.2590025 0.39421333333333336 0.05375 0.04665333333333327 
0 0.2980025 0.4442 0.0745 0.03632333333333334 
0 0.3457525 0.4355366666666666 0.057 0.07131333333333335 
0 0.19550499999999998 0.3442266666666667 0.0654975 0.047653333333333346 
0 0.22850499999999999 0.36122333333333334 0.0512475 0.05298333333333327 
0 0.2582525 0.4142066666666666 0.046 0.05198666666666668 
0 0.186005 0.42787 0.07374750000000001 0.04499000000000001 
0 0.211255 0.4465333333333333 0.0572475 0.04965333333333335 
0 0.13275499999999998 0.46586999999999995 0.0722475 0.034650000000000014 
0 0.1565025 0.4108833333333334 0.066 0.0469866666666666 
0 0.3822525 0.4502333333333334 0.05975 0.04398666666666668 
0 0.4290025 0.4618966666666667 0.081 0.04032333333333334 
0 0.4390025 0.4948866666666667 0.06475 0.03932333333333334 
0 0.4942525 0.46123000000000003 0.03575000000000006 0.07997666666666661 
0 0.5195025000000001 0.47489333333333333 0.06974749999999995 0.04398666666666668 
0 0.58575 0.48122333333333334 0.041 0.10730666666666662 
0 0.6295 0.49622000000000005 0.0455 0.05964999999999994 
0 0.61275 0.5332100000000001 0.06625 0.07031666666666661 
0 0.5125025000000001 0.51688 0.07699749999999994 0.0386566666666666 
0 0.5095025 0.5505399999999999 0.07424750000000001 0.03565666666666668 
0 0.5180025 0.5755333333333333 0.08299749999999995 0.04132000000000001 
0 0.5440025 0.5981933333333334 0.05599749999999994 0.07098000000000002 
0 0.2053775 0.47961666666666664 0.0668725 0.04665666666666667 
0 0.2787525 0.4749066666666667 0.02825 0.06664666666666669 
0 0.2832525 0.5182266666666667 0.0345 0.06331666666666669 
0 0.3097525 0.47758666666666666 0.027 0.08364333333333336 
0 0.3160025 0.46892 0.044 0.06131666666666668 
0 0.3232525 0.51824 0.0485 0.08231333333333335 
0 0.3600025 0.48725 0.046997500000000005 0.058983333333333346 
0 0.4025025 0.47158666666666665 0.031497500000000005 0.10197333333333336 
0 0.41975 0.5052433333333334 0.0285 0.09831000000000002 
0 0.44325 0.5235733333333333 0.04 0.06798333333333335 
0 0.45575 0.52824 0.0385 0.07598000000000002 
0 0.2102525 0.51591 0.052 0.047653333333333346 
0 0.2527525 0.4999133333333333 0.03075 0.08231000000000002 
0 0.2237525 0.5608966666666667 0.049 0.07131333333333335 
0 0.2685025 0.5768933333333334 0.05075 0.07197999999999995 
0 0.3097525 0.5722266666666667 0.035 0.06731666666666668 
0 0.35475249999999997 0.5489 0.044 0.09331000000000002 
0 0.3827525 0.51491 0.021997500000000003 0.0973066666666667 
0 0.3967525 0.5708933333333334 0.0354975 0.09097666666666661 
0 0.3832525 0.6315433333333333 0.0639975 0.05732000000000001 
0 0.3522525 0.6295466666666667 0.0637475 0.08397666666666669 
0 0.3192525 0.6315433333333333 0.035 0.08731333333333335 
0 0.3500025 0.6722 0.03625 0.0913100000000001 
0 0.1725025 0.5462333333333333 0.055 0.08564333333333335 
0 0.1462525 0.5795600000000001 0.052 0.07664666666666661 
0 0.1342525 0.6488733333333333 0.0715 0.04232333333333342 
0 0.2187525 0.60422 0.057 0.057316666666666606 
0 0.2192525 0.65787 0.044 0.07298333333333334 
0 0.2537525 0.6148833333333333 0.049 0.06664999999999995 
0 0.2667525 0.65354 0.06 0.047653333333333346 
0 0.2512525 0.6948599999999999 0.06425 0.06032000000000001 
0 0.3005025 0.6911966666666667 0.05975 0.07331333333333336 
0 0.4065025 0.5832233333333333 0.0525 0.054320000000000014 
0 0.4515025 0.5988866666666667 0.06975000000000006 0.05864999999999994 
0 0.4877525 0.5352366666666667 0.031750000000000056 0.08264333333333336 
0 0.5090025 0.6028833333333333 0.0512475 0.07064999999999994 
0 0.5502525 0.64354 0.034747499999999945 0.06631666666666676 
0 0.5075025 0.6612033333333333 0.046000000000000055 0.06231666666666668 
0 0.4685025 0.6138833333333333 0.035 0.07364666666666668 
0 0.4260025 0.6315433333333333 0.045 0.07864666666666668 
0 0.4412525 0.6821966666666667 0.02675 0.04632000000000009 
0 0.4582525 0.6688666666666666 0.05025 0.05032000000000001 
0 0.4777525 0.7065233333333334 0.05125000000000006 0.06464999999999994 
0 0.4110025 0.6855433333333334 0.035 0.08098000000000002 
0 0.4425025 0.7035399999999999 0.03925 0.07764666666666668 
0 0.3990025 0.7401966666666667 0.0345 0.1006566666666666 
0 0.4307525 0.76254 0.07025 0.05198666666666668 
0 0.4155025 0.8055300000000001 0.04275 0.06364999999999994 
0 0.3505025 0.72655 0.0675 0.07931333333333335 
0 0.3657525 0.7718700000000001 0.04175 0.07931333333333335 
0 0.3097525 0.74388 0.04675 0.08564333333333343 
0 0.3262525 0.8052166666666667 0.04275 0.09164000000000003 
0 0.6955 0.5355833333333333 0.054 0.05632000000000001 
0 0.7445025000000001 0.3135733333333333 0.0315 0.06465000000000001 
0 0.7320025 0.3642266666666667 0.05225 0.07231333333333327 
0 0.6985025 0.27058333333333334 0.039 0.07931333333333335 
0 0.6767525000000001 0.29457666666666665 0.05175 0.05765333333333335 
0 0.6757525000000001 0.18627333333333335 0.06175 0.04365333333333331 
0 0.6600025 0.09858333333333333 0.07375 0.04998666666666666 
0 0.96425 0.2875566666666666 0.019 0.021660000000000006 
