0 0.9665 0.6346666666666667 0.02325 0.041666666666666664 
0 0.567 0.5356666666666666 0.02275 0.03 
0 0.31425 0.5116666666666667 0.022 0.048666666666666664 
0 0.605 0.5526666666666666 0.0235 0.03866666666666667 
0 0.70075 0.5023333333333333 0.0205 0.04533333333333334 
0 0.3685 0.5082233333333334 0.03579000000000002 0.035109999999999975 
0 0.602 0.36833333333333335 0.0285 0.018 
0 0.65225 0.4643333333333333 0.0205 0.037333333333333336 
0 0.5415 0.453 0.021 0.027 
0 0.26425 0.433 0.02625 0.030666666666666665 
0 0.352 0.5836666666666667 0.022 0.046 
0 0.81525 0.5176666666666667 0.018 0.04466666666666667 
0 0.178 0.5506666666666666 0.0253125 0.05999666666666667 
0 0.0995 0.49933333333333335 0.01875 0.029 
0 0.65 0.5146666666666667 0.02025 0.045 
0 0.322 0.45 0.019 0.041666666666666664 
0 0.38375 0.5733333333333334 0.026 0.03933333333333333 
0 0.56525 0.5833333333333334 0.016 0.048666666666666664 
0 0.8295 0.5193333333333333 0.0235 0.043 
0 0.16025 0.529 0.02375 0.03966666666666667 
0 0.32675 0.353 0.0315 0.02266666666666667 
0 0.532 0.3526666666666667 0.0275 0.026333333333333334 
0 0.0685 0.36533333333333334 0.02375 0.02033333333333333 
0 0.67325 0.3466666666666667 0.0235 0.028 
0 0.09525 0.3616666666666667 0.02425 0.03766666666666667 
0 0.864 0.6363333333333333 0.02 0.048666666666666664 
0 0.2745 0.5703333333333334 0.024 0.04766666666666667 
0 0.45125 0.5693333333333334 0.0265 0.03866666666666667 
0 0.836 0.4493333333333333 0.0335 0.03833333333333333 
0 0.33825 0.36766666666666664 0.02675 0.018666666666666668 
0 0.40375 0.5983333333333334 0.02 0.04033333333333333 
0 0.63025 0.5956666666666667 0.0255 0.051333333333333335 
0 0.67325 0.6076666666666667 0.02175 0.04833333333333333 
0 0.4205 0.4176666666666667 0.0135 0.036333333333333336 
0 0.30025 0.4196666666666667 0.033 0.034 
0 0.60625 0.3466666666666667 0.02425 0.022 
0 0.566 0.5613333333333334 0.03375 0.025333333333333333 
0 0.97225 0.538 0.02475 0.035 
0 0.7445 0.3413333333333333 0.02075 0.024 
0 0.1265 0.4246666666666667 0.02675 0.03666666666666667 
0 0.5315 0.509 0.0275 0.035333333333333335 
0 0.48975 0.5336666666666666 0.027 0.043 
0 0.64625 0.36 0.01625 0.03666666666666667 
0 0.004 0.4886666666666667 0.029375 0.043333333333333335 
0 0.047 0.4653333333333333 0.008 0.012 
0 0.3335 0.58 0.02175 0.053 
0 0.3147075 0.49340333333333336 0.02754250000000002 0.03659666666666665 
0 0.6725 0.3323333333333333 0.01625 0.029333333333333333 
0 0.41575 0.5533333333333333 0.03025 0.042 
0 0.4295 0.4226666666666667 0.01875 0.03333333333333333 
0 0.11425 0.35933333333333334 0.02675 0.027666666666666666 
0 0.39925 0.517 0.03925 0.024666666666666667 
0 0.41725 0.458 0.0135 0.028333333333333332 
0 0.38425 0.38033333333333336 0.03675 0.017333333333333333 
0 0.66925 0.5426666666666666 0.0195 0.04733333333333333 
0 0.57675 0.43166666666666664 0.0175 0.036333333333333336 
0 0.76525 0.35 0.029 0.024666666666666667 
0 0.12625 0.48633333333333334 0.01775 0.04133333333333333 
0 0.8405 0.6183333333333333 0.02625 0.034 
0 0.2495 0.50599 0.03291500000000002 0.03934333333333333 
0 0.17175 0.4533333333333333 0.023 0.03133333333333333 
0 0.985 0.6346666666666667 0.0145 0.034333333333333334 
0 0.80125 0.44366666666666665 0.02375 0.042 
0 0.54525 0.5866666666666667 0.0215 0.048666666666666664 
0 0.41125 0.5953333333333334 0.03125 0.049666666666666665 
0 0.59425 0.3416666666666667 0.02375 0.028666666666666667 
0 0.1675 0.35033333333333333 0.02 0.030666666666666665 
0 0.89375 0.6416666666666667 0.02 0.04766666666666667 
0 0.34425 0.48733333333333334 0.0375 0.026333333333333334 
0 0.9702424999999999 0.5823333333333334 0.02900750000000005 0.049849999999999985 
0 0.925 0.527 0.019 0.03266666666666666 
0 0.29175 0.37433333333333335 0.02875 0.021 
0 0.871 0.5206666666666667 0.02175 0.03766666666666667 
0 0.41125 0.4818966666666667 0.03210250000000002 0.019436666666666647 
0 0.76475 0.4766666666666667 0.021 0.028666666666666667 
0 0.44975 0.5503333333333333 0.0405 0.02266666666666667 
0 0.9185 0.45966666666666667 0.0285 0.043 
0 0.74275 0.6133333333333333 0.0235 0.052 
0 0.742 0.45066666666666666 0.02325 0.042 
0 0.6005 0.42966666666666664 0.02 0.03866666666666667 
0 0.3934375 0.425 0.0280625 0.044650000000000016 
0 0.456 0.5106666666666667 0.01525 0.04 
0 0.78525 0.528 0.03125 0.036333333333333336 
0 0.81675 0.5903333333333334 0.02125 0.04666666666666667 
0 0.59975 0.6033333333333334 0.02925 0.033666666666666664 
0 0.1875 0.3353333333333333 0.0245 0.026333333333333334 
0 0.525 0.44033333333333335 0.02725 0.03333333333333333 
0 0.16875 0.435 0.0245 0.022 
0 0.82725 0.361 0.03075 0.017 
0 0.9015 0.6013333333333334 0.02475 0.029 
0 0.92975 0.43666666666666665 0.0225 0.03266666666666666 
0 0.23525 0.3616666666666667 0.0215 0.017666666666666667 
0 0.48675 0.496 0.028 0.04 
0 0.835 0.5663333333333334 0.03325 0.027333333333333334 
0 0.8915 0.44433333333333336 0.0225 0.043666666666666666 
0 0.2705 0.5066666666666667 0.019 0.04033333333333333 
0 0.348 0.42133333333333334 0.03676749999999998 0.027333333333333334 
0 0.85975 0.57 0.01925 0.03666666666666667 
0 0.2045 0.577 0.0315 0.03966666666666667 
0 0.027 0.5226666666666666 0.025 0.042 
0 0.62025 0.5096666666666667 0.03375 0.039 
0 0.692 0.632 0.037 0.029 
0 0.4365 0.6113333333333333 0.03375 0.043666666666666666 
0 0.07025 0.5073333333333333 0.033 0.03866666666666667 
0 0.31375 0.3463333333333333 0.02775 0.017333333333333333 
0 0.5325 0.543 0.03625 0.034 
0 0.8805 0.6226666666666667 0.01725 0.05 
0 0.8215 0.505 0.03475 0.016 
0 0.435 0.4713333333333333 0.029 0.026333333333333334 
0 0.366 0.35833333333333334 0.03475 0.016 
0 0.77625 0.6006666666666667 0.02375 0.05773333333333335 
0 0.76475 0.562 0.0215 0.03866666666666667 
0 0.552 0.41733333333333333 0.017 0.034666666666666665 
0 0.87025 0.474 0.0335 0.023 
0 0.005 0.4266666666666667 0.02 0.033 
0 0.4815 0.365 0.03025 0.017666666666666667 
0 0.42025 0.504 0.033 0.017666666666666667 
0 0.5035 0.5026666666666667 0.031 0.029 
0 0.39275 0.337 0.03 0.023 
0 0.83175 0.5953333333333334 0.01725 0.04666666666666667 
0 0.91375 0.6133333333333333 0.01825 0.04533333333333334 
0 0.12925 0.358 0.02425 0.028333333333333332 
0 0.72225 0.335 0.023 0.022 
0 0.872 0.68 0.02775 0.05733333333333333 
0 0.57 0.367 0.03025 0.016666666666666666 
0 0.33245749999999996 0.48857 0.021792500000000017 0.03576333333333332 
0 0.817 0.5526666666666666 0.025 0.036 
0 0.6225 0.4786666666666667 0.01825 0.028 
0 0.92225 0.667 0.02175 0.057666666666666665 
0 0.9315 0.6176666666666667 0.02875 0.051666666666666666 
0 0.81925 0.4563333333333333 0.02075 0.03866666666666667 
0 0.27725 0.346 0.02925 0.017 
0 0.1735 0.5286666666666666 0.0205 0.038 
0 0.01925 0.45966666666666667 0.028 0.014666666666666666 
0 0.48025 0.484 0.02425 0.043666666666666666 
0 0.18525 0.36666666666666664 0.0305 0.016 
0 0.28975 0.4846666666666667 0.0315 0.026 
0 0.63825 0.45366666666666666 0.02075 0.03866666666666667 
0 0.875 0.5743333333333334 0.02275 0.0487966666666667 
0 0.885 0.42 0.03525 0.019333333333333334 
0 0.681 0.476 0.01975 0.04033333333333333 
0 0.273 0.35833333333333334 0.031 0.019 
0 0.47125 0.33066666666666666 0.01625 0.027333333333333334 
0 0.20025 0.35733333333333334 0.02725 0.023666666666666666 
0 0.037375 0.4806666666666667 0.031125 0.032386666666666696 
0 0.71 0.4493333333333333 0.018 0.03966666666666667 
0 0.9234924999999999 0.58392 0.03925750000000005 0.03508 
0 0.55425 0.49 0.0205 0.035333333333333335 
0 0.2605 0.58 0.0195 0.043 
0 0.51675 0.41333333333333333 0.03925 0.021 
0 0.58175 0.49466666666666664 0.016 0.03833333333333333 
0 0.90425 0.7976666666666666 0.03 0.019333333333333334 
0 0.75625 0.6366666666666667 0.01825 0.03233333333333333 
0 0.10925 0.345 0.0195 0.022 
0 0.24 0.44633333333333336 0.02775 0.027 
0 0.3615 0.3506666666666667 0.018 0.015 
0 0.488 0.33566666666666667 0.0155 0.028333333333333332 
0 0.45925 0.33266666666666667 0.0155 0.03933333333333333 
0 0.16675 0.5056666666666667 0.015 0.028333333333333332 
0 0.36375 0.548 0.037 0.022 
0 0.72075 0.5213333333333333 0.024 0.045 
0 0.69925 0.474 0.02075 0.036333333333333336 
0 0.10175 0.4533333333333333 0.017 0.037 
0 0.801 0.5946666666666667 0.021 0.060333333333333336 
0 0.68075 0.326 0.025 0.013333333333333334 
0 0.161 0.45366666666666666 0.019 0.030666666666666665 
0 0.711 0.34 0.020452499999999988 0.03725 
0 0.163 0.48133333333333334 0.016 0.03233333333333333 
0 0.75225 0.56 0.01625 0.043666666666666666 
0 0.63225 0.496 0.03025 0.03333333333333333 
0 0.684 0.43733333333333335 0.01675 0.036333333333333336 
0 0.69725 0.5446666666666666 0.03825 0.03266666666666666 
0 0.1915 0.4186666666666667 0.0165 0.036 
0 0.47275 0.5773333333333334 0.02275 0.030666666666666665 
0 0.78525 0.36966666666666664 0.03875 0.022333333333333334 
0 0.25325 0.3536666666666667 0.014 0.029333333333333333 
0 0.783 0.5623333333333334 0.02275 0.053 
0 0.680745 0.55976 0.037505 0.021906666666666675 
0 0.737 0.326 0.015 0.023666666666666666 
0 0.96375 0.556 0.02199249999999995 0.061519999999999984 
0 0.374 0.5786666666666667 0.01775 0.04066666666666666 
0 0.262 0.342 0.013 0.03133333333333333 
0 0.72775 0.5983333333333334 0.0355 0.019666666666666666 
0 0.49025 0.43433333333333335 0.0415 0.017666666666666667 
0 0.29325 0.42133333333333334 0.01425 0.03266666666666666 
0 0.921 0.5123333333333333 0.03825 0.02033333333333333 
0 0.199 0.5226666666666666 0.0195 0.04833333333333333 
0 0.795 0.622 0.01625 0.04556333333333335 
0 0.21375 0.481 0.02025 0.04633333333333333 
0 0.2715 0.481 0.03375 0.026 
0 0.0395 0.46823000000000004 0.0299375 0.03349333333333334 
0 0.33375 0.4696666666666667 0.043079999999999986 0.02193666666666665 
0 0.11425 0.466 0.027 0.033666666666666664 
0 0.3645 0.479 0.02475 0.026 
0 0.966 0.4766666666666667 0.02075 0.04033333333333333 
0 0.2055 0.48333333333333334 0.01625 0.03866666666666667 
0 0.0955 0.565 0.01975 0.042 
0 0.98575 0.515 0.014 0.024333333333333332 
0 0.51275 0.5686666666666667 0.022622499999999945 0.03852333333333331 
0 0.61925 0.3616666666666667 0.0315 0.019333333333333334 
0 0.877 0.5586666666666666 0.04825 0.023333333333333334 
0 0.42775 0.6153333333333333 0.0175 0.037333333333333336 
0 0.8924924999999999 0.5726433333333334 0.03925750000000005 0.029356666666666646 
0 -0.0005 0.4263166666666667 0.01125 0.02849333333333334 
0 0.0155 0.4258166666666667 0.025625 0.03332666666666667 
0 0.03525 0.4189866666666667 0.020875 0.04049000000000001 
0 0.042875 0.4268166666666667 0.022875 0.03632333333333334 
0 0.055875 0.42465 0.026122500000000003 0.04532333333333334 
0 0.064 0.43632333333333334 0.024872500000000002 0.03248333333333335 
0 0.083875 0.42966 0.03075 0.01474333333333334 
0 0.1085625 0.41133000000000003 0.0295 0.02982666666666667 
0 0.070125 0.44965333333333335 0.040625 0.03815666666666668 
0 0.0822075 0.43846 0.030125 0.0373266666666666 
0 0.067145 0.4516233333333333 0.017625 0.042156666666666676 
0 0.057625 0.48414333333333337 0.03425 0.03749000000000001 
0 0.083125 0.46898 0.0215625 0.031160000000000007 
0 0.0683125 0.48614333333333337 0.0445625 0.033490000000000006 
0 0.05975 0.50822 0.029875 0.02524333333333334 
0 0.02875 0.46873000000000004 0.0195625 0.03532666666666667 
0 -0.000145 0.47950666666666664 0.030375 0.03674000000000001 
0 0.00010499999999999999 0.47217333333333333 0.033625 0.03191000000000001 
0 -2e-05 0.46042666666666665 0.0216875 0.03141000000000001 
0 -8.25e-05 0.45768 0.01625 0.018910000000000007 
0 -0.0002075 0.45409666666666665 0.008625 0.010663333333333337 
0 2e-05 0.5204133333333333 0.0059375 0.017576666666666674 
0 0.11625 0.48897666666666667 0.0168125 0.03949000000000001 
0 0.1115 0.45482 0.02225 0.03998666666666668 
0 0.1388125 0.48256000000000004 0.032310000000000005 0.03807333333333334 
0 0.141625 0.5004733333333333 0.021247500000000002 0.022993333333333338 
0 0.14175 0.46948 0.022935000000000004 0.039906666666666674 
0 0.133625 0.4583166666666667 0.0312475 0.02974333333333334 
0 0.1387075 0.5218566666666666 0.018375 0.024326666666666674 
0 0.15327000000000002 0.5129433333333333 0.015625 0.04257000000000001 
0 0.1745825 0.4744533333333333 0.0204375 0.047403333333333346 
0 0.1331875 0.4416 0.0421225 0.027160000000000007 
0 0.1810625 0.48899000000000004 0.024125 0.040156666666666674 
0 0.1924375 0.5019866666666667 0.019375 0.04490666666666668 
0 0.19975 0.46183 0.0241875 0.03749000000000001 
0 0.2096875 0.5218966666666667 0.02975 0.06257666666666667 
0 0.1465625 0.5712566666666666 0.0216875 0.04482000000000001 
0 0.162875 0.5636733333333334 0.0205 0.04324000000000001 
0 0.2216875 0.44715 0.0224375 0.040906666666666675 
0 0.1921875 0.45431333333333335 0.0285625 0.03474333333333334 
0 0.192875 0.43998000000000004 0.031875 0.033740000000000006 
0 0.23672749999999998 0.46291666666666664 0.04112500000000003 0.022410000000000006 
0 0.27304 0.45608333333333334 0.028875 0.03907333333333334 
0 0.2284775 0.47666333333333333 0.020125 0.04348666666666668 
0 0.2376025 0.48766 0.01375 0.032906666666666674 
0 0.2477275 0.47658 0.026250000000000027 0.04024000000000001 
0 0.248665 0.48324333333333336 0.030437500000000027 0.04532333333333334 
0 0.311145 0.4204833333333334 0.0377475 0.04498666666666668 
0 0.34164249999999996 0.45997333333333335 0.03325 0.014330000000000002 
0 0.37733 0.43994999999999995 0.0155 0.042156666666666676 
0 0.3774775 0.48448 0.023125 0.04498666666666668 
0 0.34604 0.5095566666666667 0.035625 0.03799000000000001 
0 0.342415 0.5108900000000001 0.031 0.030406666666666676 
0 0.39616500000000004 0.46740000000000004 0.021375 0.04432333333333334 
0 0.4028525 0.5013066666666667 0.0194375 0.020163333333333335 
0 0.4199775 0.4892266666666667 0.0403125 0.019163333333333338 
0 0.3471225 0.5555366666666667 0.0195 0.040156666666666674 
0 0.3799975 0.53271 0.031625 0.023826666666666597 
0 0.4028725 0.5353766666666667 0.0235 0.0404866666666666 
0 0.4384975 0.5711999999999999 0.019 0.04698666666666668 
0 0.4242475 0.5163800000000001 0.028125 0.03748999999999993 
0 0.4446225 0.52388 0.01425 0.03332333333333327 
0 0.4511225 0.49155333333333334 0.021 0.03049333333333334 
0 0.4581225 0.47722333333333333 0.026625 0.03199333333333334 
0 0.4721225 0.45623 0.01975 0.035323333333333345 
0 0.4669975 0.5058833333333334 0.015875 0.044986666666666605 
0 0.4924975 0.5635333333333333 0.018625 0.042656666666666676 
0 0.5206225 0.5475399999999999 0.0265 0.04965333333333335 
0 0.5253724999999999 0.5165466666666667 0.02175 0.028826666666666598 
0 0.4958725 0.45523 0.019749999999999945 0.042323333333333345 
0 0.5141224999999999 0.48089000000000004 0.01375 0.03049333333333334 
0 0.5108725 0.45006333333333337 0.017874999999999943 0.03949000000000001 
0 0.5363724999999999 0.4830566666666667 0.021375 0.04415333333333334 
0 0.4952475 0.40557 0.017124999999999942 0.03499666666666667 
0 0.515205 0.5898 0.03175 0.05615333333333327 
0 0.52183 0.6142933333333334 0.027625 0.0396566666666666 
0 0.580455 0.5818033333333333 0.019375 0.05065333333333327 
0 0.5964550000000001 0.5901333333333334 0.03575 0.026993333333333338 
0 0.6078300000000001 0.62146 0.02375 0.04765333333333327 
0 0.56008 0.44056666666666666 0.017 0.03999000000000001 
0 0.54783 0.47456000000000004 0.020125 0.03799000000000001 
0 0.561705 0.48855333333333334 0.022625 0.048990000000000006 
0 0.57233 0.4642266666666667 0.03275 0.040156666666666674 
0 0.59633 0.4672266666666667 0.020875 0.04432333333333334 
0 0.61283 0.4608966666666667 0.02225 0.05182000000000001 
0 0.60958 0.50905 0.0235 0.044819999999999936 
0 0.609205 0.5462066666666666 0.040875 0.026660000000000007 
0 0.591955 0.5067166666666667 0.018875 0.03748999999999993 
0 0.621745 0.57009 0.028 0.016326666666666673 
0 0.651245 0.58825 0.0165 0.03332666666666667 
0 0.659245 0.5837533333333333 0.02225 0.034323333333333345 
0 0.677245 0.5256 0.0205 0.041990000000000006 
0 0.678495 0.5154366666666667 0.03825 0.03449000000000001 
0 0.650745 0.49810666666666664 0.028875 0.04415666666666668 
0 0.667495 0.48228 0.019 0.039820000000000015 
0 0.67262 0.45000999999999997 0.015375 0.03099000000000001 
0 0.714745 0.49849666666666664 0.0295 0.026326666666666672 
0 0.719995 0.4680033333333333 0.02375 0.03715666666666668 
0 0.740495 0.4680033333333333 0.0185 0.04832333333333334 
0 0.7562450000000001 0.49783 0.01825 0.03849000000000001 
0 0.7290774999999999 0.5203233333333334 0.0315 0.040656666666666674 
0 0.7422025 0.5128266666666667 0.02925 0.04548666666666668 
0 0.7703274999999999 0.5266566666666667 0.017 0.04898666666666668 
0 0.7310774999999999 0.5696433333333334 0.022 0.03499333333333334 
0 0.7685775 0.6205766666666667 0.0225 0.04748666666666668 
0 0.79641 0.5453166666666667 0.024125 0.052653333333333344 
0 0.84941 0.5374866666666667 0.02475 0.034823333333333345 
0 0.7909125 0.49266333333333334 0.024747499999999947 0.040156666666666674 
0 0.7603274999999999 0.44423333333333337 0.02325 0.03915666666666667 
0 0.7828275 0.44106666666666666 0.023 0.04915333333333335 
0 0.87212 0.49 0.036247499999999946 0.03232333333333334 
0 0.88412 0.5256566666666667 0.029372499999999944 0.03499000000000001 
0 0.9054924999999999 0.5293233333333334 0.02025 0.03799000000000001 
0 0.82512 0.6464566666666667 0.022875 0.055820000000000015 
0 0.837245 0.6486233333333333 0.028 0.046320000000000014 
0 0.84937 0.6337933333333333 0.021875 0.053153333333333344 
0 0.8931174999999999 0.6171333333333333 0.034125 0.06264999999999994 
0 0.9279925 0.6411266666666667 0.02875 0.05332000000000001 
0 0.9094924999999999 0.5519266666666667 0.03975 0.04482333333333334 
0 0.9324925 0.5520933333333333 0.0315 0.04565666666666668 
0 0.9463674999999999 0.5427633333333334 0.02125 0.04548666666666668 
0 0.9433674999999999 0.5124366666666667 0.0295 0.03715666666666668 
0 0.9836174999999999 0.5699233333333333 0.016875 0.045820000000000013 
0 0.9487424999999999 0.5006066666666666 0.04125 0.042156666666666676 
0 0.9037425 0.49810666666666664 0.045125 0.019330000000000003 
0 0.9862424999999999 0.5392633333333333 0.01375 0.03632333333333334 
0 0.9752025 0.6641766666666666 0.024747500000000058 0.06897999999999994 
0 0.9647425 0.47128 0.0365 0.03549333333333334 
0 0.9933675 0.4507866666666666 0.006875 0.025326666666666674 
0 0.85741 0.42301666666666665 0.02225 0.042656666666666676 
0 0.81862 0.3719733333333334 0.034625 0.019330000000000003 
0 0.7285775 0.35725666666666667 0.0225 0.047320000000000015 
0 0.696455 0.3475933333333333 0.020622499999999946 0.035323333333333345 
0 0.626495 0.34226 0.034 0.019330000000000003 
0 0.633745 0.3302633333333333 0.02575 0.01999333333333334 
0 0.633495 0.3194333333333333 0.030875 0.02582666666666667 
0 0.5816224999999999 0.34248333333333336 0.021125 0.025326666666666674 
0 0.47095499999999996 0.34514666666666666 0.016875 0.037160000000000006 
0 0.44708 0.33598333333333336 0.01975 0.031160000000000007 
0 0.2465825 0.42479333333333336 0.033374999999999974 0.024826666666666598 
0 0.2813325 0.4182966666666667 0.013 0.03398999999999993 
0 0.1905425 0.34115 0.036125 0.02549333333333334 
0 0.14466749999999998 0.3520366666666666 0.02775 0.03082333333333334 
0 0.0846675 0.3603666666666666 0.019 0.022660000000000007 
0 0.2868325 0.5049 0.018625 0.053820000000000014 
0 0.2990825 0.5057333333333334 0.018375 0.058650000000000015 
0 0.26795749999999996 0.5323933333333334 0.0235 0.03982333333333334 
0 0.6799925 0.8683466666666666 0.0525 0.04665666666666675 
