0 0.3385 0.546 0.0135 0.017 
0 0.49 0.571 0.01975 0.019 
0 0.50975 0.5296666666666666 0.01375 0.026 
0 0.8705 0.496 0.02475 0.013666666666666667 
0 0.4675 0.5906666666666667 0.01325 0.020666666666666667 
0 0.75575 0.529 0.01925 0.024 
0 0.42175 0.48533333333333334 0.01075 0.02033333333333333 
0 0.6935 0.6556666666666666 0.02725 0.018666666666666668 
0 0.63925 0.5743333333333334 0.0195 0.023333333333333334 
0 0.2785 0.5356666666666666 0.023 0.02033333333333333 
0 0.473 0.48533333333333334 0.0105 0.018666666666666668 
0 0.601 0.6373333333333333 0.01975 0.022 
0 0.665 0.53 0.012 0.02266666666666667 
0 0.403 0.484 0.009 0.019666666666666666 
0 0.57225 0.6346666666666667 0.02475 0.018 
0 0.525 0.558 0.017 0.024333333333333332 
0 0.19025 0.5326666666666666 0.0215 0.017666666666666667 
0 0.68025 0.4796666666666667 0.01075 0.016666666666666666 
0 0.7495 0.592 0.01875 0.019666666666666666 
0 0.6145 0.482 0.011 0.019666666666666666 
0 0.467 0.5383333333333333 0.01925 0.021 
0 0.323 0.47933333333333333 0.0215 0.017333333333333333 
0 0.62775 0.6653333333333333 0.0115 0.019666666666666666 
0 0.5625 0.652 0.0265 0.023 
0 0.59625 0.507 0.0125 0.021666666666666667 
0 0.37575 0.5413333333333333 0.0115 0.02266666666666667 
0 0.535 0.48966666666666664 0.0135 0.024333333333333332 
0 0.5365 0.635 0.02175 0.029666666666666668 
0 0.646 0.5976666666666667 0.01325 0.024 
0 0.49725 0.5556666666666666 0.023 0.015333333333333332 
0 0.41125 0.4786666666666667 0.014 0.023333333333333334 
0 0.7495 0.5803333333333334 0.01475 0.021 
0 0.65775 0.506 0.0125 0.027333333333333334 
0 0.71775 0.62 0.02475 0.019666666666666666 
0 0.43325 0.4866666666666667 0.01725 0.019 
0 0.53225 0.563 0.01525 0.018666666666666668 
0 0.66875 0.48133333333333334 0.0115 0.017 
0 0.72775 0.5946666666666667 0.0265 0.039 
0 0.65525 0.47933333333333333 0.01675 0.014666666666666666 
0 0.482 0.49 0.019 0.019333333333333334 
0 0.68725 0.5183333333333333 0.00925 0.01633333333333333 
0 0.49625 0.489 0.0115 0.017333333333333333 
0 0.51025 0.6323333333333333 0.0175 0.029 
0 0.38725 0.47933333333333333 0.021 0.014666666666666666 
0 0.57425 0.6546666666666666 0.02325 0.023 
0 0.44075 0.6146666666666667 0.0215 0.024 
0 0.72575 0.6383333333333333 0.0145 0.01633333333333333 
0 0.51525 0.6083333333333333 0.01425 0.021 
0 0.45225 0.6076666666666667 0.01925 0.026333333333333334 
0 0.66775 0.6003333333333334 0.0135 0.022 
0 0.2035 0.5083333333333333 0.018 0.023333333333333334 
0 0.70275 0.6386666666666667 0.024 0.022333333333333334 
0 0.6795 0.514 0.01175 0.018 
0 0.2595 0.482 0.0165 0.02 
0 0.517 0.5253333333333333 0.0125 0.021666666666666667 
0 0.7065 0.5993333333333334 0.012 0.022 
0 0.5575 0.64 0.01925 0.023333333333333334 
0 0.6735 0.5276666666666666 0.0165 0.021333333333333333 
0 0.434 0.525 0.02425 0.013333333333333334 
0 0.64 0.484 0.016 0.017666666666666667 
0 0.6325 0.543 0.0125 0.018333333333333333 
0 0.54625 0.6273333333333333 0.01875 0.024666666666666667 
0 0.48775 0.527 0.0145 0.026333333333333334 
0 0.4245 0.5176666666666667 0.021 0.014333333333333333 
0 0.53875 0.608 0.00925 0.02666666666666667 
0 0.54175 0.5983333333333334 0.0115 0.025666666666666667 
0 0.629 0.523 0.00975 0.020666666666666667 
0 0.50075 0.6346666666666667 0.011 0.029 
0 0.5945 0.6643333333333333 0.01925 0.020666666666666667 
0 0.69625 0.5233333333333333 0.00975 0.013666666666666667 
0 0.52225 0.521 0.017 0.02 
0 0.7215 0.5186666666666667 0.01225 0.018333333333333333 
0 0.51425 0.597 0.01525 0.013 
0 0.652 0.662 0.0175 0.02033333333333333 
0 0.5615 0.47833333333333333 0.00875 0.018333333333333333 
0 0.6175 0.4156666666666667 0.01325 0.009333333333333334 
0 0.7 0.6256666666666667 0.012 0.017333333333333333 
0 0.8455 0.48433333333333334 0.01075 0.021333333333333333 
0 0.61075 0.665 0.02225 0.022333333333333334 
0 0.63625 0.5243333333333333 0.0115 0.02266666666666667 
0 0.61525 0.655 0.024 0.012333333333333333 
0 0.564 0.6286666666666667 0.025 0.013333333333333334 
0 0.266 0.5391366666666667 0.016207499999999982 0.018529999999999974 
0 0.518 0.4736666666666667 0.01625 0.016666666666666666 
0 0.654 0.526 0.01025 0.021666666666666667 
0 0.6325 0.4766666666666667 0.01875 0.020666666666666667 
0 0.61225 0.6366666666666667 0.02825 0.011666666666666667 
0 0.62525 0.4846666666666667 0.0085 0.019 
0 0.64775 0.6436666666666667 0.0055 0.009 
0 0.69925 0.594 0.01525 0.017 
0 0.5435 0.48733333333333334 0.01075 0.017333333333333333 
0 0.50975 0.5806666666666667 0.01575 0.021333333333333333 
0 0.46575 0.655 0.02025 0.028666666666666667 
0 0.6205 0.6483333333333333 0.02025 0.012666666666666666 
0 0.215895 0.47156000000000003 0.011375 0.01974666666666667 
0 0.226895 0.46648 0.01025 0.015660000000000007 
0 0.221645 0.47714333333333336 0.015875 0.020160000000000008 
0 0.23227 0.4759766666666667 0.015125 0.02074333333333334 
0 0.23895750000000002 0.47514333333333336 0.018999999999999972 0.022326666666666672 
0 0.24602000000000002 0.47897666666666666 0.014937499999999972 0.019660000000000007 
0 0.24802000000000002 0.4820566666666667 0.01818749999999997 0.02074666666666667 
0 0.2725825 0.4772266666666667 0.0131875 0.020410000000000005 
0 0.28052 0.47914333333333337 0.0124375 0.01824333333333334 
0 0.2909575 0.47797666666666666 0.020375 0.018496666666666668 
0 0.3014575 0.47714333333333336 0.0173125 0.016830000000000005 
0 0.317395 0.47664333333333336 0.0185 0.018496666666666668 
0 0.20570750000000002 0.5127266666666667 0.019875 0.024160000000000004 
0 0.20945750000000002 0.5188066666666666 0.0235625 0.025326666666666674 
0 0.2113325 0.5218066666666666 0.031125 0.025326666666666674 
0 0.21220750000000002 0.5298866666666667 0.0246875 0.023076666666666672 
0 0.23264500000000002 0.51331 0.018625 0.010913333333333336 
0 0.23595750000000001 0.5169733333333334 0.018 0.018246666666666668 
0 0.225895 0.5316366666666666 0.02075 0.01899666666666667 
0 0.243395 0.5208066666666666 0.013812499999999972 0.018580000000000003 
0 0.25220750000000003 0.5215566666666667 0.014499999999999971 0.019076666666666672 
0 0.2312075 0.53872 0.02537499999999997 0.016910000000000005 
0 0.25289500000000004 0.5249733333333334 0.013812499999999972 0.026910000000000007 
0 0.26614499999999996 0.5154733333333333 0.0130625 0.021163333333333336 
0 0.2733325 0.5195566666666667 0.01375 0.02182666666666667 
0 0.25902 0.5341366666666667 0.0156875 0.023660000000000007 
0 0.2829575 0.5163066666666667 0.0125 0.02099666666666667 
0 0.2912075 0.5151433333333334 0.0198125 0.017576666666666674 
0 0.27945749999999997 0.5289733333333334 0.022 0.01999333333333334 
0 0.3013325 0.5212233333333334 0.009125 0.025160000000000005 
0 0.30920749999999997 0.51831 0.0083125 0.020330000000000004 
0 0.30883249999999995 0.5332233333333334 0.0125 0.02574333333333334 
0 0.3207075 0.5288066666666666 0.0104375 0.028826666666666674 
0 0.31651999999999997 0.5149766666666666 0.0118125 0.020330000000000004 
0 0.326395 0.5133133333333334 0.0115625 0.019160000000000007 
0 0.330395 0.5172266666666667 0.0128125 0.023410000000000007 
0 0.34158249999999996 0.5101466666666666 0.01175 0.024160000000000004 
0 0.33995749999999997 0.5249766666666666 0.018125 0.023410000000000007 
0 0.32802 0.5351400000000001 0.014625 0.027160000000000007 
0 0.34939499999999996 0.5359733333333334 0.013 0.02649333333333334 
0 0.35527 0.5234766666666667 0.0145625 0.019910000000000008 
0 0.359645 0.5274733333333333 0.01325 0.019830000000000004 
0 0.35789499999999996 0.5455533333333333 0.0119375 0.023576666666666673 
0 0.36901999999999996 0.5408866666666667 0.0105625 0.02524333333333334 
0 0.3703325 0.5217266666666667 0.016 0.02049333333333334 
0 0.3835825 0.5289733333333334 0.0120625 0.01924666666666667 
0 0.38683249999999997 0.5471366666666667 0.00975 0.019160000000000007 
0 0.39714499999999997 0.52031 0.0125625 0.01974333333333334 
0 0.3927075 0.5300566666666667 0.0135625 0.017663333333333336 
0 0.39552 0.5443866666666667 0.012375 0.024326666666666674 
0 0.4083325 0.52156 0.0153125 0.020576666666666674 
0 0.4053325 0.53972 0.0101875 0.01799666666666667 
0 0.405395 0.5318033333333334 0.0179375 0.03699000000000001 
0 0.41958249999999997 0.5274733333333333 0.017875 0.018660000000000006 
0 0.41908249999999997 0.5366366666666667 0.0165 0.027576666666666673 
0 0.4309575 0.5371366666666667 0.01275 0.02582666666666667 
0 0.4415825 0.5378033333333334 0.010875 0.024160000000000004 
0 0.4505825 0.5343033333333334 0.011625 0.026910000000000007 
0 0.459395 0.5308033333333334 0.012 0.026660000000000007 
0 0.468895 0.5306366666666666 0.020875 0.014830000000000003 
0 0.4454575 0.48647333333333337 0.00975 0.018080000000000002 
0 0.4405825 0.47581 0.0156875 0.015413333333333336 
0 0.3882075 0.4749766666666667 0.022 0.011330000000000003 
0 0.45214499999999996 0.4782266666666667 0.0094375 0.021910000000000006 
0 0.45895749999999996 0.47739333333333334 0.01125 0.02224333333333334 
0 0.4647075 0.47581 0.011625 0.020826666666666674 
0 0.47026999999999997 0.47339333333333333 0.0093125 0.01324666666666667 
0 0.477645 0.47414333333333336 0.0119375 0.012163333333333337 
0 0.48289499999999996 0.48297666666666667 0.0125625 0.010580000000000003 
0 0.5034575 0.47356000000000004 0.009625 0.020913333333333336 
0 0.4885825 0.47514333333333336 0.011375 0.013663333333333336 
0 0.49127 0.46981333333333336 0.0070625 0.011663333333333336 
0 0.497145 0.47056333333333333 0.0086875 0.01832666666666667 
0 0.49754000000000004 0.5236066666666667 0.016872500000000002 0.01999333333333334 
0 0.5322875 0.5167766666666667 0.0145 0.02149333333333334 
0 0.5412875 0.51661 0.01675 0.02199333333333334 
0 0.5480375000000001 0.5144433333333334 0.015 0.014663333333333336 
0 0.5611625 0.5314366666666667 0.023125 0.015663333333333335 
0 0.5684125 0.52844 0.026875 0.01832666666666667 
0 0.5112875 0.47162 0.007125 0.017663333333333336 
0 0.5130375 0.47312 0.010875 0.018663333333333337 
0 0.5130375 0.48561666666666664 0.0185 0.011663333333333336 
0 0.5121625000000001 0.4912833333333333 0.0145 0.009330000000000003 
0 0.5287875000000001 0.4852833333333333 0.016625 0.01899666666666667 
0 0.5290825 0.47497333333333336 0.0116875 0.01199666666666667 
0 0.53377 0.47489000000000003 0.014375 0.013663333333333336 
0 0.5468525 0.47789000000000004 0.010167500000000019 0.014243333333333339 
0 0.5534574999999999 0.4798066666666667 0.00975 0.01874333333333334 
0 0.5684575 0.4861366666666667 0.012125 0.01774666666666667 
0 0.56877 0.47772333333333333 0.0171875 0.011913333333333337 
0 0.5785825 0.48122333333333334 0.020375 0.013826666666666673 
0 0.5812275 0.4869433333333333 0.0131875 0.022326666666666672 
0 0.58804 0.48727666666666664 0.013625 0.020660000000000005 
0 0.427205 0.63231 0.0235 0.024160000000000004 
0 0.430955 0.6239766666666667 0.0275 0.01899666666666667 
0 0.456455 0.60015 0.017625 0.021660000000000006 
0 0.47258 0.59865 0.013 0.02499333333333334 
0 0.46308 0.6203133333333334 0.02375 0.01849333333333334 
0 0.44858 0.6408066666666666 0.025625 0.018163333333333337 
0 0.46560250000000003 0.6366533333333333 0.0220625 0.027833333333333335 
0 0.48272750000000003 0.6299133333333333 0.0139375 0.03715666666666668 
0 0.45947750000000004 0.63241 0.0258125 0.012330000000000002 
0 0.48422750000000003 0.59084 0.011125 0.02574333333333334 
0 0.49141500000000005 0.5935866666666667 0.0113125 0.02932666666666667 
0 0.48322750000000003 0.6141666666666666 0.0176875 0.02157666666666667 
0 0.4971025 0.61675 0.0133125 0.021410000000000005 
0 0.494415 0.6332433333333334 0.0091875 0.02524333333333334 
0 0.5163525 0.5574233333333334 0.0155 0.023243333333333338 
0 0.4974775 0.5833333333333334 0.0133125 0.020826666666666674 
0 0.499415 0.59883 0.012624999999999944 0.02182666666666667 
0 0.5082275 0.6042433333333334 0.010187499999999943 0.027410000000000007 
0 0.52604 0.5855 0.0144375 0.027326666666666673 
0 0.523415 0.6080766666666667 0.015375 0.024326666666666674 
0 0.5272899999999999 0.6169933333333334 0.01325 0.024326666666666674 
0 0.550165 0.61891 0.01825 0.01999333333333334 
0 0.5524775 0.58925 0.0131875 0.02557666666666667 
0 0.5571025 0.6099933333333334 0.0200625 0.021413333333333336 
0 0.5663524999999999 0.6077433333333333 0.02075 0.022080000000000002 
0 0.5248524999999999 0.6392433333333334 0.012375 0.03199000000000001 
0 0.5172899999999999 0.6516566666666667 0.0211875 0.02949333333333334 
0 0.5323525 0.64066 0.020625 0.034156666666666675 
0 0.57933 0.67165 0.024875 0.027656666666666677 
0 0.5765800000000001 0.602 0.01775 0.024326666666666674 
0 0.58233 0.5973333333333334 0.018875 0.024660000000000005 
0 0.59333 0.5983333333333334 0.00925 0.03332666666666667 
0 0.5998300000000001 0.6041666666666666 0.014875 0.024826666666666674 
0 0.601205 0.5966666666666667 0.021125 0.027326666666666673 
0 0.608955 0.597 0.02075 0.021830000000000002 
0 0.60658 0.58284 0.017375 0.015826666666666673 
0 0.6150800000000001 0.5770066666666667 0.01475 0.01799666666666667 
0 0.6230800000000001 0.57734 0.0155 0.01999333333333334 
0 0.6220800000000001 0.5950033333333333 0.0125 0.016660000000000005 
0 0.6130800000000001 0.62166 0.017625 0.017163333333333336 
0 0.59308 0.6233266666666667 0.01675 0.021663333333333337 
0 0.5932050000000001 0.6443233333333334 0.02225 0.021660000000000006 
0 0.63958 0.66115 0.023875 0.02965999999999993 
0 0.6293300000000001 0.6353233333333334 0.024 0.018663333333333337 
0 0.64358 0.65232 0.014125 0.019330000000000003 
0 0.6523300000000001 0.6391566666666667 0.017 0.030160000000000006 
0 0.6373300000000001 0.6194966666666667 0.016 0.02449333333333334 
0 0.636955 0.5923366666666666 0.010375 0.028326666666666674 
0 0.6453300000000001 0.61633 0.0195 0.02999333333333334 
0 0.6553300000000001 0.6 0.014375 0.03299333333333334 
0 0.6615800000000001 0.6303266666666667 0.013125 0.03765666666666668 
0 0.6715800000000001 0.6479866666666667 0.01525 0.03349333333333334 
0 0.6629550000000001 0.60383 0.017 0.02582666666666667 
0 0.66683 0.6283233333333333 0.0155 0.01399666666666667 
0 0.672455 0.6418200000000001 0.0205 0.028656666666666674 
0 0.6775800000000001 0.62749 0.02175 0.029823333333333344 
0 0.6765800000000001 0.6054966666666667 0.018375 0.03165666666666667 
0 0.6845800000000001 0.6026633333333333 0.015625 0.026826666666666672 
0 0.69233 0.63282 0.02025 0.02049666666666667 
0 0.6968300000000001 0.6256566666666666 0.0085 0.01249666666666667 
0 0.68908 0.5969966666666666 0.019 0.02799333333333334 
0 0.7036024999999999 0.62008 0.0179375 0.02074333333333334 
0 0.7228300000000001 0.56884 0.01925 0.022826666666666672 
0 0.73858 0.5773366666666666 0.01125 0.023660000000000007 
0 0.7298300000000001 0.5903333333333334 0.01925 0.017830000000000002 
0 0.74833 0.6084966666666667 0.02175 0.029156666666666674 
0 0.60633 0.5349966666666667 0.015 0.023660000000000007 
0 0.62233 0.5328333333333334 0.012 0.025656666666666675 
0 0.6204550000000001 0.5145033333333333 0.012125 0.019826666666666673 
0 0.64358 0.5216666666666666 0.011625 0.02199666666666667 
0 0.64383 0.5040066666666667 0.0105 0.019493333333333338 
0 0.65183 0.5030066666666667 0.013 0.012163333333333337 
0 0.66808 0.51217 0.01275 0.017163333333333336 
0 0.69833 0.5376633333333334 0.0215 0.016663333333333336 
0 0.70608 0.524 0.018875 0.025160000000000005 
0 0.71533 0.5253333333333333 0.018 0.02399333333333334 
0 0.7314550000000001 0.5306666666666666 0.022 0.023160000000000007 
0 0.73933 0.5315 0.019375 0.02099333333333334 
0 0.7573300000000001 0.5385 0.014375 0.02349333333333334 
0 0.76758 0.5326666666666666 0.01925 0.02449333333333334 
0 0.7827050000000001 0.5331666666666667 0.02675 0.018660000000000006 
0 0.801705 0.5316666666666666 0.0185 0.021160000000000005 
0 0.80608 0.5235033333333333 0.015 0.01832666666666667 
0 0.816705 0.5203366666666667 0.01325 0.02549333333333334 
0 0.801705 0.4736666666666667 0.011875 0.017660000000000006 
0 0.8059550000000001 0.4874966666666667 0.019 0.02182666666666667 
0 0.812705 0.47866333333333333 0.01475 0.02249666666666667 
0 0.822955 0.48083 0.01025 0.017663333333333336 
0 0.82508 0.47916333333333333 0.014375 0.014830000000000003 
0 0.838705 0.48116333333333333 0.009875 0.017163333333333336 
0 0.83033 0.4933266666666667 0.01925 0.01899666666666667 
0 0.85458 0.4874966666666667 0.010875 0.019493333333333338 
0 0.855955 0.48333 0.01875 0.020326666666666673 
0 0.86283 0.47766333333333333 0.016125 0.011830000000000004 
0 0.8704550000000001 0.48466333333333333 0.02225 0.012663333333333337 
0 0.602205 0.4189833333333334 0.012125 0.010663333333333337 
0 0.7603300000000001 0.2660133333333333 0.006625 0.007 
0 0.72108 0.34866 0.011125 0.011330000000000003 
0 0.610325 0.5254833333333333 0.014375 0.02349333333333334 
0 0.632075 0.6056266666666668 0.009125 0.019329999999999927 
0 0.6228250000000001 0.6159600000000001 0.0135 0.019493333333333262 
0 0.7157875 0.5863233333333333 0.013875 0.02749333333333334 
0 0.7289125000000001 0.6071533333333333 0.0141875 0.018410000000000006 
0 0.7175375 0.60532 0.0221875 0.02249333333333334 
0 0.68033 0.38669 0.0105 0.015663333333333335 
0 0.60333 0.30538 0.00925 0.009663333333333336 
