0 0.93725 0.5553333333333333 0.0235 0.04033333333333333 
0 0.02 0.513 0.02175 0.03666666666666667 
0 0.89175 0.5306666666666666 0.017 0.03266666666666666 
0 0.2115 0.4603333333333333 0.02725 0.02666666666666667 
0 0.669 0.38166666666666665 0.0205 0.03 
0 0.73625 0.52 0.029 0.034 
0 0.47775 0.4726666666666667 0.0215 0.03766666666666667 
0 0.75175 0.47533333333333333 0.02375 0.043333333333333335 
0 0.2805 0.31466666666666665 0.025 0.016 
0 0.2925 0.5156666666666667 0.0215 0.042333333333333334 
0 0.46525 0.4696666666666667 0.02325 0.03166666666666667 
0 0.25325 0.31533333333333335 0.027 0.013666666666666667 
0 0.51925 0.5026666666666667 0.02025 0.044 
0 0.172 0.35733333333333334 0.0165 0.03166666666666667 
0 0.34475 0.4266666666666667 0.01425 0.036333333333333336 
0 0.3195 0.30366666666666664 0.01825 0.032 
0 0.4785 0.5266666666666666 0.01775 0.041666666666666664 
0 0.538 0.449 0.01825 0.038 
0 0.761 0.2926666666666667 0.01675 0.025666666666666667 
0 0.89775 0.30033333333333334 0.0325 0.01633333333333333 
0 0.4285 0.4583333333333333 0.031 0.032 
0 0.35325 0.514 0.02375 0.044 
0 0.30625 0.39466666666666667 0.023 0.03333333333333333 
0 0.7075 0.4176666666666667 0.0315 0.029333333333333333 
0 0.3635 0.37833333333333335 0.019 0.033666666666666664 
0 0.41275 0.44066666666666665 0.02825 0.028333333333333332 
0 0.25725 0.51 0.02 0.043666666666666666 
0 0.8625 0.5373333333333333 0.0275 0.051 
0 0.88075 0.576 0.02525 0.034333333333333334 
0 0.111 0.447 0.019 0.037333333333333336 
0 0.65525 0.4533333333333333 0.0315 0.026333333333333334 
0 0.6575 0.549 0.018 0.043666666666666666 
0 0.6635 0.2886666666666667 0.014 0.023 
0 0.60375 0.4513333333333333 0.0355 0.025666666666666667 
0 0.17825 0.294 0.02075 0.02666666666666667 
0 0.97275 0.5603333333333333 0.0235 0.047 
0 0.8335 0.447 0.018 0.03666666666666667 
0 0.93325 0.6103333333333333 0.03375 0.034666666666666665 
0 0.895 0.271 0.0265 0.01633333333333333 
0 0.03175 0.5086666666666667 0.02825 0.036333333333333336 
0 0.8795 0.5216666666666666 0.01975 0.030666666666666665 
0 0.52525 0.481 0.02775 0.023666666666666666 
0 0.10675 0.374 0.02275 0.029333333333333333 
0 0.732 0.29533333333333334 0.013 0.03233333333333333 
0 0.046 0.528 0.02375 0.034666666666666665 
0 0.416 0.2833333333333333 0.02375 0.021333333333333333 
0 0.44025 0.511 0.027 0.028333333333333332 
0 0.059 0.31266666666666665 0.022 0.014333333333333333 
0 0.828 0.4046666666666667 0.02375 0.03333333333333333 
0 0.2195 0.3616666666666667 0.0215 0.03133333333333333 
0 0.97625 0.47533333333333333 0.02225 0.04733333333333333 
0 0.45375 0.41833333333333333 0.03275 0.013666666666666667 
0 0.704 0.29333333333333333 0.0175 0.026 
0 0.19625 0.5043333333333333 0.019 0.043333333333333335 
0 0.64075 0.536 0.02275 0.042 
0 0.452 0.30366666666666664 0.0235 0.016666666666666666 
0 0.7215 0.378 0.01625 0.03233333333333333 
0 0.64725 0.49233333333333335 0.01675 0.03766666666666667 
0 0.75425 0.571 0.02225 0.02666666666666667 
0 0.9515 0.5566666666666666 0.024 0.03933333333333333 
0 0.43725 0.495 0.01325 0.036333333333333336 
0 0.22575 0.384 0.01875 0.033 
0 0.6745 0.2853333333333333 0.015 0.029 
0 0.48875 0.4266666666666667 0.023 0.034333333333333334 
0 0.2225 0.306 0.02125 0.021666666666666667 
0 0.95525 0.354 0.0325 0.019333333333333334 
0 0.6046825 0.5266666666666666 0.028317499999999995 0.051833333333333335 
0 0.91775 0.31766666666666665 0.01725 0.01633333333333333 
0 0.527 0.3403333333333333 0.03 0.018666666666666668 
0 0.8845 0.427 0.019 0.035333333333333335 
0 0.062 0.4886666666666667 0.036 0.035 
0 0.538285 0.417 0.031465000000000035 0.016 
0 0.5335 0.42766666666666664 0.01725 0.029666666666666668 
0 0.6175 0.5423333333333333 0.02825 0.03833333333333333 
0 0.322 0.283 0.019 0.015 
0 0.09275 0.302 0.02575 0.017666666666666667 
0 0.15325 0.29433333333333334 0.017 0.03133333333333333 
0 0.14125 0.29833333333333334 0.017 0.026 
0 0.25775 0.4023333333333333 0.018 0.03666666666666667 
0 0.51125 0.5253333333333333 0.01775 0.043333333333333335 
0 0.08525 0.434 0.035 0.026333333333333334 
0 0.02925 0.38166666666666665 0.031 0.020666666666666667 
0 0.92675 0.247 0.0255 0.018666666666666668 
0 0.8215 0.25966666666666666 0.01725 0.022333333333333334 
0 0.47875 0.30666666666666664 0.02525 0.015333333333333332 
0 0.61825 0.445 0.03925 0.026333333333333334 
0 0.05125 0.3933333333333333 0.02075 0.03766666666666667 
0 0.832 0.479 0.0225 0.04066666666666666 
0 0.64075 0.4756666666666667 0.02925 0.025 
0 0.19475 0.383 0.02625 0.033666666666666664 
0 0.072 0.539 0.03675 0.03666666666666667 
0 0.35375 0.4776666666666667 0.0235 0.027666666666666666 
0 0.2405 0.43633333333333335 0.02275 0.030333333333333334 
0 0.4575 0.37866666666666665 0.0215 0.03233333333333333 
0 0.5195 0.43533333333333335 0.019 0.018666666666666668 
0 0.97225 0.3863333333333333 0.02425 0.023666666666666666 
0 0.18975 0.44366666666666665 0.02 0.029333333333333333 
0 0.09925 0.457 0.01475 0.036333333333333336 
0 0.50225 0.404 0.02925 0.023 
0 0.39375 0.418 0.0165 0.035666666666666666 
0 0.195 0.359 0.0345 0.019333333333333334 
0 0.37 0.293 0.0165 0.029666666666666668 
0 0.447 0.467 0.02975 0.025333333333333333 
0 0.34925 0.2906666666666667 0.02475 0.027333333333333334 
0 0.01525 0.31266666666666665 0.0255 0.015333333333333332 
0 0.17125 0.319 0.026 0.015666666666666666 
0 0.49775 0.5476666666666666 0.02 0.04566666666666667 
0 0.57625 0.43766666666666665 0.01475 0.027 
0 0.94825 0.42833333333333334 0.0235 0.038 
0 0.33225 0.405 0.01575 0.034666666666666665 
0 0.73625 0.383 0.01825 0.041 
0 0.673 0.553 0.0205 0.03866666666666667 
0 0.41075 0.37333333333333335 0.02175 0.030333333333333334 
0 0.269 0.43366666666666664 0.026 0.03666666666666667 
0 0.89425 0.5906666666666667 0.03 0.03333333333333333 
0 0.53975 0.5373333333333333 0.019 0.051333333333333335 
0 0.003 0.5003333333333333 0.01625 0.029666666666666668 
0 0.38675 0.4716666666666667 0.0145 0.03166666666666667 
0 0.053 0.4756666666666667 0.0255 0.034666666666666665 
0 0.60825 0.469 0.03175 0.024666666666666667 
0 0.15475 0.534 0.02675 0.03166666666666667 
0 0.0 0.5196666666666667 0.02275 0.043 
0 0.136 0.4643333333333333 0.0335 0.03833333333333333 
0 0.58 0.4643333333333333 0.01775 0.04466666666666667 
0 0.25175 0.4726666666666667 0.03575 0.018333333333333333 
0 0.233 0.427 0.0185 0.033 
0 0.386 0.2846666666666667 0.01725 0.027666666666666666 
0 0.59425 0.418 0.02275 0.03233333333333333 
0 0.7575 0.32366666666666666 0.03425 0.017333333333333333 
0 0.52175 0.454 0.02375 0.03233333333333333 
0 0.595 0.38033333333333336 0.02175 0.029666666666666668 
0 0.90325 0.23433333333333334 0.01725 0.018 
0 0.07375 0.37833333333333335 0.03 0.035666666666666666 
0 0.41275 0.27166666666666667 0.016 0.022333333333333334 
0 0.779 0.25966666666666666 0.0155 0.022 
0 0.5895 0.43933333333333335 0.01975 0.030333333333333334 
0 0.3315 0.46066666666666667 0.031 0.02666666666666667 
0 0.30675 0.532 0.03775 0.026 
0 0.4615 0.642 0.02175 0.025 
0 0.347 0.49966666666666665 0.0305 0.02033333333333333 
0 0.37625 0.397 0.02325 0.033666666666666664 
0 0.783 0.603 0.018 0.05733333333333333 
0 0.16725 0.482 0.01825 0.034666666666666665 
0 0.45825 0.5556666666666666 0.0185 0.062 
0 0.572 0.4086666666666667 0.02025 0.03166666666666667 
0 0.91 0.5173333333333333 0.03425 0.016666666666666666 
0 0.86875 0.504 0.02 0.035666666666666666 
0 0.8095 0.452 0.02125 0.043333333333333335 
0 0.3525 0.28 0.01825 0.025333333333333333 
0 0.78725 0.543 0.02475 0.033666666666666664 
0 0.1075 0.41833333333333333 0.0245 0.019666666666666666 
0 0.831 0.5476666666666666 0.019 0.042 
0 0.9015 0.4703333333333333 0.0325 0.03266666666666666 
0 0.60225 0.5003333333333333 0.02425 0.02033333333333333 
0 0.58225 0.38466666666666666 0.01725 0.034333333333333334 
0 0.82625 0.2683333333333333 0.0195 0.021333333333333333 
0 0.884 0.5036666666666667 0.029 0.023333333333333334 
0 0.0795 0.429 0.025 0.017666666666666667 
0 0.487 0.29233333333333333 0.0255 0.017 
0 0.2265 0.5156666666666667 0.03275 0.03266666666666666 
0 0.81025 0.5446666666666666 0.0225 0.057666666666666665 
0 0.8065 0.49133333333333334 0.016 0.045 
0 0.954 0.5276666666666666 0.035 0.035 
0 0.63425 0.30566666666666664 0.0275 0.015 
0 0.40275 0.2793333333333333 0.01525 0.019666666666666666 
0 0.848 0.4086666666666667 0.022 0.039 
0 0.4185 0.45566666666666666 0.01875 0.037 
0 0.721 0.29833333333333334 0.01325 0.028333333333333332 
0 0.35175 0.40066666666666667 0.0135 0.030333333333333334 
0 0.874 0.226 0.01675 0.023666666666666666 
0 0.69475 0.464 0.02275 0.03133333333333333 
0 0.935 0.595 0.02825 0.024333333333333332 
0 0.91975 0.5323333333333333 0.036 0.018 
0 0.16225 0.43833333333333335 0.032 0.024333333333333332 
0 0.1655 0.402 0.01575 0.033666666666666664 
0 0.183 0.4723333333333333 0.0285 0.025333333333333333 
0 0.299 0.30766666666666664 0.028 0.01633333333333333 
0 0.1575 0.49666666666666665 0.01575 0.028666666666666667 
0 0.393 0.37766666666666665 0.017 0.03666666666666667 
0 0.1975 0.41833333333333333 0.01425 0.035333333333333335 
0 0.40625 0.30033333333333334 0.01475 0.03233333333333333 
0 0.4375 0.42833333333333334 0.0195 0.041 
0 0.0 0.407 0.01925 0.036 
0 0.31525 0.2926666666666667 0.024 0.012666666666666666 
0 0.0 0.379 0.03275 0.03166666666666667 
0 0.31975 0.43766666666666665 0.03425 0.027666666666666666 
0 0.50125 0.389 0.03125 0.02 
0 0.504 0.502 0.018 0.042333333333333334 
0 0.5755 0.516 0.03525 0.02 
0 0.20625 0.48233333333333334 0.031 0.023333333333333334 
0 0.34525 0.371 0.01325 0.029 
0 0.8761950000000001 0.25633333333333336 0.01862749999999994 0.026916666666666665 
0 0.28975 0.296 0.02175 0.020666666666666667 
0 0.01975 0.487 0.0385 0.021 
0 0.16875 0.37733333333333335 0.0375 0.019333333333333334 
0 0.5575 0.549 0.01925 0.043333333333333335 
0 0.00475 0.44033333333333335 0.0165 0.029333333333333333 
0 0.789 0.515 0.0225 0.03933333333333333 
0 0.696 0.5223333333333333 0.01775 0.043 
0 0.025 0.32866666666666666 0.034 0.020666666666666667 
0 0.282 0.426 0.02725 0.024666666666666667 
0 0.90675 0.5573333333333333 0.03975 0.041666666666666664 
0 0.06525 0.42333333333333334 0.02 0.032 
0 0.97275 0.298 0.01925 0.02266666666666667 
0 0.23125 0.532 0.02025 0.042666666666666665 
0 0.96625 0.316 0.031 0.02 
0 0.036 0.42966666666666664 0.02475 0.019 
0 0.66075 0.46266666666666667 0.02925 0.022 
0 0.79125 0.493 0.0185 0.033666666666666664 
0 0.0155 0.31833333333333336 0.04175 0.022333333333333334 
0 0.058 0.318 0.037 0.018333333333333333 
0 0.8355 0.43866666666666665 0.0345 0.02266666666666667 
0 0.03 0.45466666666666666 0.03375 0.03233333333333333 
0 0.89275 0.25066666666666665 0.0205 0.013333333333333334 
0 0.05975 0.459 0.037 0.02033333333333333 
0 0.00925 0.41533333333333333 0.03275 0.024666666666666667 
0 0.499 0.432 0.02925 0.027666666666666666 
0 0.496 0.45966666666666667 0.03175 0.022 
0 0.8309425 0.28375 0.018940000000000054 0.027666666666666666 
0 0.8528825000000001 0.2615 0.0149375 0.028833333333333332 
0 0.926575 0.2995833333333333 0.0194375 0.019916666666666666 
0 0.9522025 0.26966666666666667 0.0255625 0.024333333333333332 
0 0.7886525 0.3993333333333333 0.024875 0.036333333333333336 
0 0.7840750000000001 0.45466666666666666 0.022064999999999942 0.03891666666666667 
0 0.8000775 0.45916666666666667 0.019375 0.036333333333333336 
0 0.7810125 0.47991666666666666 0.0138125 0.03333333333333333 
0 0.7627 0.44783333333333336 0.0230625 0.049666666666666665 
0 0.735135 0.45366666666666666 0.034502500000000054 0.021083333333333332 
0 0.716945 0.4405833333333333 0.02050249999999994 0.043083333333333335 
0 0.7063200000000001 0.44516666666666665 0.02362749999999994 0.03916666666666667 
0 0.693005 0.44716666666666666 0.030190000000000054 0.036083333333333335 
0 0.6563775000000001 0.38533333333333336 0.01668999999999994 0.0315 
0 0.6452525 0.41841666666666666 0.02681499999999994 0.022916666666666665 
0 0.6553775000000001 0.4415 0.03806499999999994 0.016416666666666666 
0 0.68638 0.4553333333333333 0.014065000000000055 0.034916666666666665 
0 0.6795675 0.47308333333333336 0.0138125 0.0355 
0 0.6689425 0.48033333333333333 0.01331000000000006 0.03725 
0 0.006634999999999999 0.4558333333333333 0.038130000000000004 0.0345 
0 0.005634999999999999 0.456 0.0316275 0.027333333333333334 
0 -0.00049 0.442 0.00825 0.0405 
0 0.0160125 0.43433333333333335 0.032127499999999996 0.023333333333333334 
0 0.0421375 0.432 0.0271275 0.0355 
0 0.038512500000000005 0.47383333333333333 0.029877499999999998 0.019833333333333335 
0 0.1005175 0.47783333333333333 0.04538000000000001 0.025833333333333333 
0 0.0767675 0.4145 0.01275 0.017333333333333333 
0 0.0873925 0.4033333333333333 0.019125 0.026833333333333334 
0 0.09564249999999999 0.49883333333333335 0.03250250000000001 0.037333333333333336 
0 0.050515 0.5256666666666666 0.0371275 0.043166666666666666 
0 0.063265 0.5413333333333333 0.0238775 0.03233333333333333 
0 0.0831425 0.5025 0.01625 0.04083333333333333 
0 0.114895 0.505 0.023250000000000014 0.028166666666666666 
0 0.13577 0.492 0.020502499999999996 0.0385 
0 0.14902 0.5108333333333334 0.0358775 0.0505 
0 0.1817725 0.5071666666666667 0.018002499999999998 0.049833333333333334 
0 0.21227500000000002 0.5011666666666666 0.01725 0.043666666666666666 
0 0.22615000000000002 0.5036666666666667 0.03562749999999997 0.02666666666666667 
0 0.2439025 0.47533333333333333 0.01862499999999997 0.03383333333333333 
0 0.2584025 0.48833333333333334 0.024877499999999997 0.01633333333333333 
0 0.28028 0.49966666666666665 0.01375 0.030333333333333334 
0 0.288155 0.49816666666666665 0.018627500000000054 0.025833333333333333 
0 0.1797725 0.4495 0.016 0.025 
0 0.14189500000000002 0.43133333333333335 0.0340025 0.043666666666666666 
0 0.13652 0.4196666666666667 0.0306275 0.05383333333333333 
0 0.14389500000000002 0.4033333333333333 0.0145 0.028333333333333332 
0 0.132645 0.4191666666666667 0.015125 0.028666666666666667 
0 0.11151749999999999 0.43316666666666664 0.02450250000000001 0.025 
0 0.1260175 0.44616666666666666 0.013752500000000011 0.034333333333333334 
0 0.17588499999999999 0.421 0.014814999999999998 0.024666666666666667 
0 0.180635 0.39175 0.016314999999999996 0.04058333333333333 
0 0.2062 0.41141666666666665 0.0235025 0.033 
0 0.20457499999999998 0.4231666666666667 0.031564999999999996 0.035333333333333335 
0 0.21495 0.42475 0.026064999999999998 0.041416666666666664 
0 0.2570175 0.4364166666666667 0.018625 0.03866666666666667 
0 0.23478 0.40066666666666667 0.024127500000000027 0.033666666666666664 
0 0.241905 0.37166666666666665 0.021127500000000025 0.034833333333333334 
0 0.2650325 0.36916666666666664 0.020877499999999997 0.03383333333333333 
0 0.2714075 0.39616666666666667 0.0235025 0.0375 
0 0.27515750000000005 0.4065 0.024502499999999997 0.03 
0 0.2050275 0.3913333333333333 0.024877499999999997 0.0285 
0 0.29503500000000005 0.38383333333333336 0.0275025 0.0425 
0 0.287285 0.43816666666666665 0.025125 0.044333333333333336 
0 0.304535 0.427 0.017877499999999998 0.035 
0 0.3166625 0.448 0.01475 0.036 
0 0.30441 0.461 0.0160025 0.041666666666666664 
0 0.30991 0.47433333333333333 0.037627499999999994 0.020666666666666667 
0 0.3191625 0.4093333333333333 0.015 0.03283333333333333 
0 0.35229000000000005 0.43733333333333335 0.023375 0.04 
0 0.3292875 0.3805 0.01525 0.026 
0 0.36729 0.3905 0.025627499999999998 0.03666666666666667 
0 0.35554 0.4206666666666667 0.0255 0.019166666666666665 
0 0.36579 0.43783333333333335 0.021627499999999997 0.036 
0 0.378415 0.4305 0.020252499999999996 0.036833333333333336 
0 0.3977925 0.43933333333333335 0.017625 0.036333333333333336 
0 0.40754250000000003 0.3975 0.021502499999999997 0.0265 
0 0.373915 0.4671666666666667 0.016252499999999996 0.03783333333333333 
0 0.4001675 0.4685 0.020127499999999996 0.046 
0 0.42642 0.48633333333333334 0.01175 0.041166666666666664 
0 0.4547975 0.42833333333333334 0.016375 0.03866666666666667 
0 0.42317 0.4055 0.02625 0.037 
0 0.40654250000000003 0.49433333333333335 0.0195025 0.052 
0 0.3961675 0.5145 0.015125 0.04 
0 0.35841500000000004 0.533 0.020125 0.031 
0 0.37604000000000004 0.5205 0.017502499999999997 0.04033333333333333 
0 0.38879250000000004 0.5018333333333334 0.01425 0.04616666666666667 
0 0.42042 0.5346666666666666 0.015 0.049833333333333334 
0 0.43179500000000004 0.5395 0.0165 0.035 
0 0.440795 0.5211666666666667 0.0232525 0.04566666666666667 
0 0.4509225 0.5238333333333334 0.021875 0.0445 
0 0.4695475 0.5128333333333334 0.0187525 0.0445 
0 0.48605000000000004 0.5058333333333334 0.021875 0.051666666666666666 
0 0.49455 0.489 0.0275025 0.0275 
0 0.4958 0.469 0.0308775 0.027333333333333334 
0 0.47029750000000003 0.44233333333333336 0.017377499999999997 0.029833333333333333 
0 0.5421775 0.5238333333333334 0.02287749999999994 0.02266666666666667 
0 0.5615549999999999 0.5123333333333333 0.011375 0.0305 
0 0.5751799999999999 0.5416666666666666 0.013127500000000054 0.0375 
0 0.554805 0.4623333333333333 0.028625 0.0495 
0 0.5571799999999999 0.44866666666666666 0.02275 0.051166666666666666 
0 0.5504275 0.441 0.02037749999999994 0.036333333333333336 
0 0.5888075 0.4618333333333333 0.022 0.0505 
0 0.5940575 0.5256666666666666 0.019875 0.042833333333333334 
0 0.6285599999999999 0.49266666666666664 0.02 0.042666666666666665 
0 0.6629375 0.5125 0.020125 0.041833333333333333 
0 0.6806875 0.5146666666666667 0.018002500000000053 0.03716666666666667 
0 0.6958150000000001 0.5005 0.02387749999999994 0.044333333333333336 
0 0.7078150000000001 0.4825 0.02025249999999994 0.043 
0 0.7354425 0.4568333333333333 0.018377500000000054 0.04466666666666667 
0 0.7211925 0.481 0.017625 0.049833333333333334 
0 0.7300675 0.49033333333333334 0.020625 0.03716666666666667 
0 0.7595700000000001 0.515 0.02275 0.033166666666666664 
0 0.7768200000000001 0.5083333333333333 0.01612749999999994 0.03766666666666667 
0 0.764445 0.5446666666666666 0.03025249999999994 0.0505 
0 0.7443175 0.598 0.03375250000000005 0.024666666666666667 
0 0.7565700000000001 0.475 0.0245 0.0315 
0 0.8185725 0.5196666666666667 0.018002500000000053 0.036833333333333336 
0 0.8044475 0.5383333333333333 0.027877500000000055 0.0205 
0 0.821825 0.4905 0.01775 0.035666666666666666 
0 0.8479500000000001 0.47383333333333333 0.01737749999999994 0.0395 
0 0.8533275 0.5056666666666667 0.017 0.035166666666666666 
0 0.8618275 0.463 0.02025 0.04516666666666667 
0 0.8517 0.5516666666666666 0.030002499999999942 0.058166666666666665 
0 0.8487 0.5658333333333333 0.02787749999999994 0.04833333333333333 
0 0.904455 0.5261666666666667 0.02112749999999994 0.041666666666666664 
0 0.8820775 0.4671666666666667 0.025627500000000053 0.03266666666666666 
0 0.8763275 0.4751666666666667 0.026377500000000054 0.03783333333333333 
0 0.8997050000000001 0.44533333333333336 0.026002499999999942 0.03783333333333333 
0 0.918455 0.4625 0.03025249999999994 0.028833333333333332 
0 0.909455 0.5021666666666667 0.04287749999999994 0.03183333333333333 
0 0.9290825 0.4886666666666667 0.03125250000000006 0.021 
0 0.9333325 0.4603333333333333 0.025877500000000053 0.0385 
0 0.956835 0.4945 0.019 0.025666666666666667 
0 0.9398325 0.5076666666666667 0.035252500000000055 0.025333333333333333 
0 0.9523325 0.4663333333333333 0.034127500000000054 0.04816666666666667 
0 0.9885875 0.5091666666666667 0.012375 0.0315 
0 0.9922124999999999 0.5378333333333334 0.008625 0.022333333333333334 
0 0.9944625 0.563 0.005875 0.03866666666666667 
0 0.9839625 0.43366666666666664 0.015877500000000055 0.03766666666666667 
0 0.9890875 0.30383333333333334 0.010875 0.024166666666666666 
0 0.9898374999999999 0.24833333333333332 0.009875 0.018333333333333333 
0 0.650395 0.2916666666666667 0.020502500000000055 0.029666666666666668 
0 0.6136425000000001 0.36 0.01900249999999994 0.03933333333333333 
0 0.56114 0.3496666666666667 0.0195 0.033666666666666664 
0 0.5476375 0.37266666666666665 0.02000249999999994 0.03666666666666667 
0 0.5272825 0.40641666666666665 0.03862749999999994 0.01825 
0 0.554945 0.41933333333333334 0.02512749999999994 0.0265 
0 0.5293175 0.3621666666666667 0.016377500000000055 0.039 
0 0.499315 0.348 0.0192525 0.034833333333333334 
0 0.48144 0.36883333333333335 0.025125 0.034666666666666665 
0 0.432185 0.36516666666666664 0.0156275 0.044833333333333336 
0 0.4475625 0.365 0.016875 0.038 
0 0.43181 0.2895 0.029127499999999997 0.023333333333333334 
0 0.364555 0.2748333333333333 0.0236275 0.011333333333333334 
0 0.32592750000000004 0.27016666666666667 0.024127499999999996 0.023 
0 0.2734225 0.2905 0.030002499999999998 0.025833333333333333 
0 0.26667250000000003 0.29383333333333334 0.022002499999999998 0.021833333333333333 
0 0.159665 0.302 0.0155 0.032 
0 0.17004 0.29 0.012752499999999998 0.024833333333333332 
0 0.0726575 0.3378333333333333 0.03863 0.015 
0 0.097285 0.36916666666666664 0.018002499999999998 0.035833333333333335 
0 -9.75e-05 0.37633333333333335 0.0182525 0.028166666666666666 
0 -9.75e-05 0.31566666666666665 0.0102525 0.032 
0 0.409 0.8203766666666668 0.046 0.0653166666666666 
