0 0.37701023391812866 0.6337719298245614 0.02266081871345029 0.0381030701754386 
0 0.1251827485380117 0.5712719298245614 0.016812865497076022 0.03289473684210526 
0 0.9650950292397661 0.5019188596491229 0.02942251461988304 0.023848684210526317 
0 0.3088450292397661 0.5531798245614035 0.016264619883040937 0.025767543859649123 
0 0.6160453216374269 0.6200657894736842 0.022478070175438597 0.03673245614035088 
0 0.7536549707602339 0.5819627192982456 0.0268640350877193 0.04111842105263158 
0 0.40369152046783624 0.5740131578947368 0.017178362573099414 0.02905701754385965 
0 0.40076754385964913 0.609375 0.021929824561403508 0.036458333333333336 
0 0.10964912280701754 0.5128837719298246 0.022478070175438597 0.029331140350877194 
0 0.0851608187134503 0.4588815789473684 0.02631578947368421 0.01836622807017544 
0 0.38103070175438597 0.559484649122807 0.015350877192982455 0.027412280701754384 
0 0.6443402777777778 0.7199561403508772 0.019402412280701768 0.04868421052631577 
0 0.09173976608187134 0.5666118421052632 0.015533625730994151 0.018092105263157895 
0 0.9345760233918129 0.2894736842105263 0.015899122807017545 0.025767543859649123 
0 0.5692616959064327 0.5296052631578947 0.019005847953216373 0.03125 
0 0.6737938596491229 0.6170504385964912 0.021747076023391813 0.039473684210526314 
0 0.4926900584795322 0.7428728070175439 0.01882309941520468 0.04961622807017544 
0 0.8263888888888888 0.5233004385964912 0.024853801169590642 0.03782894736842105 
0 0.8457602339181286 0.6370614035087719 0.02101608187134503 0.046875 
0 0.5966739766081871 0.6058114035087719 0.01882309941520468 0.03755482456140351 
0 0.6138523391812866 0.5317982456140351 0.02284356725146199 0.04111842105263158 
0 0.6663011695906432 0.6570723684210527 0.01516812865497076 0.032072368421052634 
0 0.2633406432748538 0.6973355263157895 0.03423428362573098 0.03621710526315786 
0 0.12737573099415206 0.743421052631579 0.025219298245614034 0.0424890350877193 
0 0.72953216374269 0.7305372807017544 0.023574561403508772 0.03837719298245614 
0 0.7613304093567251 0.6792763157894737 0.015899122807017545 0.048793859649122806 
0 0.5250365497076024 0.5962171052631579 0.014071637426900584 0.03399122807017544 
0 0.006761695906432748 0.6310307017543859 0.02101608187134503 0.03399122807017544 
0 0.6781798245614035 0.6779057017543859 0.027412280701754384 0.04331140350877193 
0 0.39455409356725146 0.5592105263157895 0.015533625730994151 0.038651315789473686 
0 0.1840277777777778 0.6181469298245614 0.02010233918128655 0.047245065789473656 
0 0.6843932748538012 0.5901864035087719 0.0268640350877193 0.03070175438596491 
0 0.3883406432748538 0.6480263157894737 0.02138157894736842 0.028782894736842105 
0 0.1514985380116959 0.4934210526315789 0.018457602339181287 0.0268640350877193 
0 0.5897295321637427 0.6943530701754386 0.01918859649122807 0.04577850877192982 
0 0.40734649122807015 0.7412280701754386 0.019005847953216373 0.03755482456140351 
0 0.7468932748538012 0.5381030701754386 0.02448830409356725 0.039473684210526314 
0 0.28015350877192985 0.5287828947368421 0.012609649122807017 0.026041666666666668 
0 0.7507309941520468 0.6296600877192983 0.02046783625730994 0.04632675438596491 
0 0.38742690058479534 0.7713815789473685 0.021929824561403508 0.044956140350877194 
0 0.8746345029239766 0.5863486842105263 0.02448830409356725 0.04303728070175439 
0 0.7308114035087719 0.6351425438596491 0.01918859649122807 0.03179824561403509 
0 0.647843567251462 0.6365131578947368 0.013157894736842105 0.03070175438596491 
0 0.7825292397660819 0.5858004385964912 0.023574561403508772 0.04084429824561404 
0 0.7105263157894737 0.5507127192982456 0.017361111111111112 0.03453947368421053 
0 0.616593567251462 0.6419956140350878 0.019554093567251463 0.043859649122807015 
0 0.18804824561403508 0.7335526315789473 0.027595029239766082 0.04084429824561404 
0 0.5944809941520468 0.512609649122807 0.021198830409356724 0.03782894736842105 
0 0.6505847953216374 0.6781798245614035 0.014802631578947368 0.033717105263157895 
0 0.6546052631578947 0.6099232456140351 0.022112573099415205 0.04632675438596491 
0 0.27850877192982454 0.6370614035087719 0.02266081871345029 0.03782894736842105 
0 0.1164108187134503 0.4887609649122807 0.01644736842105263 0.02549342105263158 
0 0.3220029239766082 0.696546052631579 0.021747076023391813 0.04139254385964912 
0 0.08899853801169591 0.7075109649122807 0.022112573099415205 0.04906798245614035 
0 0.2150950292397661 0.7254851973684211 0.02710709064327484 0.052297149122806946 
0 0.3031798245614035 0.6924342105263158 0.027960526315789474 0.04742324561403509 
0 0.5963084795321637 0.3201754385964912 0.019736842105263157 0.01699561403508772 
0 0.5506213450292398 0.537828947368421 0.01699561403508772 0.03125 
0 0.32108918128654973 0.5279605263157895 0.018457602339181287 0.025767543859649123 
0 0.40826023391812866 0.6247258771929824 0.020650584795321638 0.033168859649122806 
0 0.8441154970760234 0.5896381578947368 0.025767543859649123 0.0424890350877193 
0 0.16904239766081872 0.6894188596491229 0.01644736842105263 0.03344298245614035 
0 0.057383040935672515 0.5693530701754386 0.029788011695906433 0.023574561403508772 
0 0.6514985380116959 0.5197368421052632 0.023574561403508772 0.043859649122807015 
0 0.5467836257309941 0.7804276315789473 0.035818713450292396 0.03892543859649123 
0 0.37390350877192985 0.5995065789473685 0.01114766081871345 0.032072368421052634 
0 0.7472587719298246 0.3360745614035088 0.011330409356725146 0.024396929824561403 
0 0.03545321637426901 0.5910087719298246 0.02101608187134503 0.02987938596491228 
0 0.2883771929824561 0.5370065789473685 0.020833333333333332 0.02055921052631579 
0 0.02266081871345029 0.5189144736842105 0.011513157894736841 0.03728070175438596 
0 0.05921052631578947 0.6918859649122807 0.0266812865497076 0.049890350877192985 
0 0.4767909356725146 0.5704495614035088 0.021198830409356724 0.017269736842105265 
0 0.5884502923976608 0.5830592105263158 0.03435672514619883 0.02412280701754386 
0 0.4415204678362573 0.5701754385964912 0.03070175438596491 0.02275219298245614 
0 0.40515350877192985 0.6962719298245614 0.014619883040935672 0.04577850877192982 
0 0.011513157894736841 0.4588815789473684 0.012609649122807017 0.03234649122807018 
0 0.3168859649122807 0.6359649122807017 0.01644736842105263 0.0268640350877193 
0 0.5124269005847953 0.6115679824561403 0.012244152046783625 0.043859649122807015 
0 0.7090643274853801 0.4857456140350877 0.017543859649122806 0.04194078947368421 
0 0.8099415204678363 0.5348135964912281 0.02046783625730994 0.047149122807017545 
0 0.1295687134502924 0.5285087719298246 0.018092105263157895 0.041666666666666664 
0 0.2134502923976608 0.5934758771929824 0.017178362573099414 0.03070175438596491 
0 0.24250730994152048 0.5657894736842105 0.017361111111111112 0.033168859649122806 
0 0.2733918128654971 0.6074396929824561 0.028294956140350862 0.052922149122807 
0 0.012426900584795321 0.6683114035087719 0.017178362573099414 0.046052631578947366 
0 0.764985380116959 0.7146381578947368 0.0222953216374269 0.03453947368421053 
0 0.1525950292397661 0.6313048245614035 0.01425438596491228 0.03453947368421053 
0 0.5533625730994152 0.6979166666666666 0.01663011695906433 0.04413377192982456 
0 0.4682017543859649 0.5307017543859649 0.014071637426900584 0.033717105263157895 
0 0.5884502923976608 0.6661184210526315 0.01882309941520468 0.03042763157894737 
0 0.7447002923976608 0.6504934210526315 0.01864035087719298 0.03508771929824561 
0 0.4232456140350877 0.5422149122807017 0.024671052631578948 0.01864035087719298 
0 0.7362938596491229 0.6721491228070176 0.021198830409356724 0.03262061403508772 
0 0.09904970760233918 0.28810307017543857 0.012244152046783625 0.015899122807017545 
0 0.5932017543859649 0.7428728070175439 0.020650584795321638 0.04029605263157895 
0 0.31834795321637427 0.3637609649122807 0.019371345029239765 0.020285087719298246 
0 0.2600511695906433 0.5578399122807017 0.0222953216374269 0.02850877192982456 
0 0.2567616959064328 0.5298793859649122 0.01516812865497076 0.025767543859649123 
0 0.07766812865497076 0.7220394736842105 0.019736842105263157 0.0512609649122807 
0 0.316703216374269 0.6535087719298246 0.01425438596491228 0.046875 
0 0.39491959064327486 0.7151864035087719 0.009502923976608187 0.020833333333333332 
0 0.09210526315789473 0.6578947368421053 0.012792397660818713 0.04057017543859649 
0 0.09758771929824561 0.6269188596491229 0.014437134502923976 0.03892543859649123 
0 0.46765350877192985 0.5200109649122807 0.01516812865497076 0.02138157894736842 
0 0.0842470760233918 0.5180921052631579 0.017543859649122806 0.033168859649122806 
0 0.0807748538011696 0.6373355263157895 0.01699561403508772 0.03508771929824561 
0 0.6858552631578947 0.7357456140350878 0.03234649122807018 0.02987938596491228 
0 0.6381578947368421 0.6716008771929824 0.017909356725146198 0.04276315789473684 
0 0.14930555555555555 0.5742872807017544 0.014802631578947368 0.03536184210526316 
0 0.42580409356725146 0.7225877192982456 0.017361111111111112 0.05921052631578947 
0 0.13523391812865498 0.5803179824561403 0.014071637426900584 0.03728070175438596 
0 0.8837719298245614 0.5600328947368421 0.030153508771929825 0.03536184210526316 
0 0.6323099415204678 0.5548245614035088 0.023940058479532164 0.03344298245614035 
0 0.2803362573099415 0.5693530701754386 0.011330409356725146 0.02768640350877193 
0 0.5188230994152047 0.7055921052631579 0.019736842105263157 0.02850877192982456 
0 0.23684210526315788 0.5348135964912281 0.03179824561403509 0.030153508771929825 
0 0.3927266081871345 0.7335526315789473 0.0210124269005848 0.05648848684210531 
0 0.05482456140350877 0.615953947368421 0.025950292397660817 0.023848684210526317 
0 0.3576388888888889 0.6304824561403509 0.018092105263157895 0.029331140350877194 
0 0.08845029239766082 0.6052631578947368 0.017543859649122806 0.02055921052631579 
0 0.29312865497076024 0.5460526315789473 0.02320906432748538 0.0200109649122807 
0 0.8667763157894737 0.6499451754385965 0.03545321637426901 0.027960526315789474 
0 0.22861842105263158 0.605375548245614 0.011999269005847968 0.04621436403508776 
0 0.14455409356725146 0.5178179824561403 0.01644736842105263 0.02412280701754386 
0 0.489766081871345 0.7047697368421053 0.020285087719298246 0.04194078947368421 
0 0.31012426900584794 0.5753837719298246 0.02266081871345029 0.016721491228070175 
0 0.52046783625731 0.5290570175438597 0.017726608187134504 0.021107456140350877 
0 0.6822002923976608 0.6567982456140351 0.02101608187134503 0.04194078947368421 
0 0.7123538011695907 0.6729714912280702 0.017543859649122806 0.038651315789473686 
0 0.3161549707602339 0.5890899122807017 0.014071637426900584 0.03892543859649123 
0 0.35910087719298245 0.5948464912280702 0.01699561403508772 0.034265350877192985 
0 0.5904605263157895 0.7283442982456141 0.019554093567251463 0.03892543859649123 
0 0.9066154970760234 0.5614035087719298 0.025219298245614034 0.03399122807017544 
0 0.28362573099415206 0.7044956140350878 0.017361111111111112 0.048793859649122806 
0 0.11239035087719298 0.5298793859649122 0.019005847953216373 0.03481359649122807 
0 0.2501827485380117 0.7297149122807017 0.03399122807017544 0.024671052631578948 
0 0.5341739766081871 0.7124451754385965 0.011878654970760233 0.033168859649122806 
0 0.19956140350877194 0.5874451754385965 0.012426900584795321 0.027412280701754384 
0 0.6222258771929825 0.7387362938596491 0.024155701754385934 0.05293037280701758 
0 0.023026315789473683 0.46875 0.022112573099415205 0.02631578947368421 
0 0.12189327485380116 0.6842105263157895 0.0268640350877193 0.027960526315789474 
0 0.8258406432748538 0.6000548245614035 0.02850877192982456 0.04632675438596491 
0 0.4928728070175439 0.5331688596491229 0.01516812865497076 0.04111842105263158 
0 0.21052631578947367 0.6883223684210527 0.01644736842105263 0.03481359649122807 
0 0.4854404239766082 0.6752741228070176 0.018580043859649138 0.03223684210526313 
0 0.629203216374269 0.6938048245614035 0.01663011695906433 0.044956140350877194 
0 0.3256578947368421 0.6000548245614035 0.02131944444444446 0.03837719298245614 
0 0.4725877192982456 0.6422697368421053 0.019919590643274854 0.02138157894736842 
0 0.25877192982456143 0.6085526315789473 0.01516812865497076 0.030153508771929825 
0 0.002010233918128655 0.5345394736842105 0.014985380116959063 0.02549342105263158 
0 0.10562865497076024 0.5805921052631579 0.021747076023391813 0.03892543859649123 
0 0.3236165935672515 0.5504385964912281 0.029270833333333347 0.016981907894736793 
0 0.6006944444444444 0.6373355263157895 0.01699561403508772 0.02412280701754386 
0 0.21268823099415204 0.6313048245614035 0.018123172514619895 0.04885964912280696 
0 0.4621710526315789 0.7351973684210527 0.01663011695906433 0.05290570175438596 
0 0.3644005847953216 0.5337171052631579 0.01516812865497076 0.02905701754385965 
0 0.6907894736842105 0.7606907894736842 0.03508771929824561 0.02905701754385965 
0 0.4859283625730994 0.6970942982456141 0.011878654970760233 0.03262061403508772 
0 0.1443092105263158 0.6899671052631579 0.024367690058479538 0.04331962719298251 
0 0.5060307017543859 0.7516447368421053 0.01663011695906433 0.05317982456140351 
0 0.5257675438596491 0.7689144736842105 0.01644736842105263 0.047149122807017545 
0 0.37737573099415206 0.7182017543859649 0.018092105263157895 0.05921052631578947 
0 0.3256578947368421 0.5866228070175439 0.01864035087719298 0.01864035087719298 
0 0.003837719298245614 0.5529057017543859 0.019005847953216373 0.03289473684210526 
0 0.22660818713450293 0.5515350877192983 0.01827485380116959 0.02412280701754386 
0 0.3530701754385965 0.6137609649122807 0.01516812865497076 0.022478070175438597 
0 0.5394736842105263 0.6790021929824561 0.021929824561403508 0.03919956140350877 
0 0.33114035087719296 0.6181469298245614 0.018092105263157895 0.04303728070175439 
0 0.5305190058479532 0.7357456140350878 0.014619883040935672 0.03508771929824561 
0 0.03326023391812866 0.5095942982456141 0.01425438596491228 0.03919956140350877 
0 0.2669956140350877 0.5304276315789473 0.015899122807017545 0.0268640350877193 
0 0.11421783625730994 0.634046052631579 0.015533625730994151 0.046875 
0 0.3848684210526316 0.6740679824561403 0.013523391812865496 0.0356359649122807 
0 0.0 0.49040570175438597 0.02101608187134503 0.03673245614035088 
0 0.1204312865497076 0.7064144736842105 0.01663011695906433 0.043859649122807015 
0 0.02101608187134503 0.5616776315789473 0.025888157894736846 0.02121710526315792 
0 0.044042397660818716 0.5032894736842105 0.019919590643274854 0.019462719298245616 
0 0.1695906432748538 0.5490679824561403 0.01644736842105263 0.024396929824561403 
0 0.8177997076023392 0.6746162280701754 0.02412280701754386 0.027138157894736843 
0 0.5003654970760234 0.6162280701754386 0.013523391812865496 0.03344298245614035 
0 0.9502923976608187 0.5257675438596491 0.031432748538011694 0.03070175438596491 
0 0.1067251461988304 0.559484649122807 0.01206140350877193 0.03700657894736842 
0 0.03070175438596491 0.5457785087719298 0.02138157894736842 0.023574561403508772 
0 0.3782894736842105 0.5507127192982456 0.023940058479532164 0.018092105263157895 
0 0.0 0.46902412280701755 0.010416666666666666 0.034265350877192985 
0 0.08442982456140351 0.5731907894736842 0.019371345029239765 0.029331140350877194 
0 0.020862573099415204 0.4558607456140351 0.029788011695906436 0.03206414473684211 
0 0.029725877192982454 0.48723958333333334 0.03298611111111112 0.015211074561403512 
0 0.009625365497076023 0.49340460526315794 0.022019371345029237 0.047138157894736854 
0 0.019126461988304092 0.4964199561403509 0.02010233918128655 0.04631578947368422 
0 0.04708698830409357 0.5149177631578947 0.029970760233918127 0.024665570175438602 
0 0.04553362573099415 0.5347861842105264 0.013797514619883046 0.02247258771929825 
0 0.05384868421052632 0.527250548245614 0.017726608187134504 0.035764802631578954 
0 0.06938230994152048 0.5188925438596491 0.01471125730994152 0.043848684210526324 
0 0.05658991228070176 0.4753179824561404 0.01699561403508772 0.04357456140350878 
0 0.0410562865497076 0.45640899122807016 0.027960526315789477 0.02904879385964913 
0 0.04023391812865497 0.4651781798245614 0.03298611111111112 0.024117324561403513 
0 0.06983918128654971 0.4691529605263158 0.01343201754385965 0.04590186403508773 
0 0.07422514619883042 0.4776480263157895 0.019097222222222224 0.037680921052631586 
0 0.08089546783625731 0.4720285087719298 0.03801169590643274 0.02959978070175439 
0 0.07824561403508773 0.48381304824561405 0.023574561403508762 0.04014802631578948 
0 0.09606359649122806 0.4984758771929825 0.019279970760233918 0.04288925438596492 
0 0.10236842105263157 0.5079303728070176 0.01653874269005848 0.0405592105263158 
0 0.07998172514619883 0.535608552631579 0.0173611111111111 0.03302357456140345 
0 0.09122076023391813 0.5443777412280703 0.022569444444444434 0.01808936403508772 
0 0.09697733918128654 0.556436403508772 0.009685672514619883 0.010139802631578888 
0 0.05942251461988304 0.5408168859649123 0.02147295321637427 0.030282346491228015 
0 0.08071271929824562 0.5608223684210527 0.010964912280701754 0.013703399122806957 
0 0.04726973684210527 0.5621929824561404 0.025767543859649123 0.01836074561403509 
0 0.012275219298245614 0.573703399122807 0.027136330409356726 0.02521107456140358 
0 0.01967470760233918 0.5549287280701755 0.008954678362573099 0.019185855263157834 
0 -0.0001516812865497076 0.5652055921052631 0.015625 0.03453125000000007 
0 0.020771198830409357 0.5697423245614035 0.036549707602339186 0.03466557017543861 
0 -0.00024488304093567254 0.6039967105263159 0.02631578947368421 0.033845942982456086 
0 0.0001206140350877193 0.5979687499999999 0.020650584795321638 0.02452850877192983 
0 0.020040204678362573 0.5978316885964912 0.015807748538011698 0.04288925438596492 
0 0.027258771929824562 0.6052302631578947 0.026955409356725153 0.04069627192982457 
0 0.053209064327485386 0.5813898026315789 0.033168859649122806 0.03439144736842106 
0 0.04653874269005848 0.6022176535087719 0.03563596491228071 0.03480263157894738 
0 0.07157529239766082 0.5967351973684211 0.02101608187134503 0.03576480263157902 
0 0.08500730994152048 0.5894736842105264 0.01873172514619882 0.020005482456140356 
0 0.10273391812865497 0.5816639254385965 0.0061220760233918125 0.02521107456140358 
0 0.061250000000000006 0.6252467105263159 0.039382309941520456 0.03466831140350872 
0 0.022233187134502924 0.6406003289473684 0.019005847953216373 0.05330317982456148 
0 -0.0006103801169590643 0.662250548245614 0.014619883040935672 0.04905427631578955 
0 -0.0003362573099415205 0.635391995614035 0.015807748538011698 0.03590186403508779 
0 0.034660087719298245 0.6340213815789473 0.018274853801169597 0.05015350877192983 
0 0.03429459064327485 0.6364884868421052 0.03408260233918129 0.07097861842105271 
0 0.0501937134502924 0.6507401315789474 0.031432748538011694 0.04343750000000001 
0 0.05010233918128655 0.6651260964912281 0.03444809941520468 0.037820723684210474 
0 0.05805190058479533 0.674454495614035 0.03527046783625731 0.044805372807017615 
0 0.08628654970760234 0.6829495614035088 0.011787280701754376 0.027266995614035033 
0 0.1010891812865497 0.6918558114035087 0.01882309941520468 0.05289199561403516 
0 0.10821637426900584 0.6743174342105263 0.015259502923976608 0.050424890350877265 
0 0.10209429824561403 0.6651343201754386 0.012883771929824562 0.028640350877192987 
0 0.1056578947368421 0.6182730263157895 0.01471125730994152 0.04754660087719293 
0 0.1168969298245614 0.6026507675438596 0.015716374269005847 0.040287828947368494 
0 0.11817616959064327 0.5341145833333334 0.018457602339181287 0.05508497807017545 
0 0.12941520467836257 0.5209594298245614 0.009137426900584795 0.015622258771929827 
0 0.13663377192982457 0.49643366228070174 0.017543859649122806 0.03233552631578948 
0 0.1286842105263158 0.49012883771929827 0.013249269005847953 0.03247532894736843 
0 0.1376388888888889 0.5363075657894737 0.01800073099415205 0.04275219298245609 
0 0.1513450292397661 0.5154797149122807 0.026955409356725146 0.05330317982456142 
0 0.14668494152046782 0.5613815789473684 0.020924707602339183 0.02110197368421053 
0 0.16157894736842104 0.5598766447368422 0.013980263157894737 0.04274945175438598 
0 0.1258516081871345 0.6209895833333333 0.008589181286549707 0.03631578947368422 
0 0.1286842105263158 0.6179797149122807 0.016812865497076022 0.050424890350877265 
0 0.13115131578947367 0.6156524122807018 0.027320906432748537 0.05357456140350879 
0 0.143578216374269 0.607702850877193 0.010782163742690058 0.020553728070175442 
0 0.15426900584795322 0.5920833333333334 0.023391812865497075 0.041107456140350884 
0 0.16413742690058478 0.5978371710526316 0.020833333333333332 0.05398848684210534 
0 0.18405701754385964 0.5375493421052632 0.02860014619883043 0.03576206140350878 
0 0.18442251461988304 0.5663212719298246 0.01434576023391815 0.029048793859649067 
0 0.17071637426900585 0.5694736842105264 0.014619883040935672 0.02535087719298246 
0 0.16304093567251463 0.5153481359649122 0.03335160818713452 0.04521929824561405 
0 0.1723611111111111 0.5285032894736842 0.02686403508771932 0.027266995614035096 
0 0.17702119883040934 0.5829029605263157 0.026955409356725166 0.03590186403508779 
0 0.17172149122807018 0.6122258771929825 0.020010964912280722 0.04343750000000001 
0 0.19483918128654973 0.6177083333333333 0.019919590643274854 0.053988486842105214 
0 0.193468567251462 0.5668722587719298 0.015990497076023392 0.030008223684210595 
0 0.22499269005847955 0.570844298245614 0.017726608187134504 0.03699835526315784 
0 0.21229166666666668 0.6133223684210527 0.018914473684210526 0.04782346491228071 
0 0.23851608187134504 0.5975657894736842 0.013066520467836257 0.04754660087719293 
0 0.1970321637426901 0.5393283991228071 0.027777777777777776 0.035216557017543865 
0 0.20644371345029242 0.5445367324561403 0.02722953216374269 0.04151864035087714 
0 0.1970321637426901 0.5776973684210527 0.01608187134502924 0.014797149122807022 
0 0.21357090643274856 0.5639939692982455 0.014985380116959063 0.024254385964912285 
0 0.20616959064327486 0.5857812499999999 0.01653874269005848 0.041518640350877205 
0 0.23239400584795322 0.5502905701754386 0.015533625730994151 0.048782894736842115 
0 0.24902412280701755 0.5715296052631579 0.01251827485380117 0.04727521929824562 
0 0.2588011695906433 0.5598821271929825 0.027503654970760235 0.045219298245613986 
0 0.28274122807017543 0.5556359649122807 0.020376461988304093 0.030145285087719242 
0 0.2632785087719298 0.5901672149122806 0.022934941520467836 0.036584429824561414 
0 0.27780701754385967 0.5849588815789474 0.020285087719298246 0.04480811403508773 
0 0.24664839181286552 0.6108580043859648 0.015442251461988304 0.051521381578947444 
0 0.257156432748538 0.6272998903508772 0.023300438596491228 0.052617872807017615 
0 0.13069444444444445 0.6862883771929824 0.023940058479532164 0.055493421052631595 
0 0.14220760233918128 0.7135553728070176 0.028143274853801168 0.043300438596491235 
0 0.15207602339181286 0.7120668859649123 0.0245796783625731 0.04932839912280709 
0 0.16084795321637427 0.7168640350877192 0.027412280701754405 0.04836896929824569 
0 0.15984283625730994 0.7411156798245614 0.03243786549707604 0.0449451754385965 
0 0.18314327485380116 0.6871189692982457 0.0323464912280702 0.05631578947368423 
0 0.18953947368421054 0.7213733552631579 0.026224415204678362 0.02672149122807018 
0 0.22581505847953218 0.7105482456140351 0.0201937134502924 0.054262609649122884 
0 0.21351059941520467 0.6935115131578947 0.019736842105263157 0.040422149122807026 
0 0.18518457602339183 0.6667927631578947 0.02448830409356723 0.05097313596491223 
0 0.14616776315789473 0.6495257675438596 0.018183479532163743 0.05015350877192983 
0 0.12898940058479533 0.6700822368421053 0.02046783625730994 0.029322916666666612 
0 0.1213139619883041 0.6641885964912281 0.022569444444444444 0.04261513157894738 
0 0.16407711988304094 0.6489802631578947 0.012883771929824562 0.04425712719298241 
0 0.1729404239766082 0.647609649122807 0.011513157894736841 0.035899122807017556 
0 0.17915387426900586 0.6711759868421052 0.012061403508771908 0.03823190789473691 
0 0.18874817251461987 0.6541858552631579 0.011970029239766082 0.05015076754385973 
0 0.23087171052631578 0.6928262061403508 0.021107456140350877 0.06097587719298247 
0 0.24878106725146198 0.6988569078947368 0.025767543859649123 0.03576206140350878 
0 0.21552083333333333 0.6777549342105262 0.010964912280701754 0.016578947368421058 
0 0.20608004385964915 0.6569325657894737 0.012881944444444446 0.03610745614035095 
0 0.22348501461988304 0.6458223684210527 0.021366959064327458 0.04932839912280697 
0 0.2347094298245614 0.6537691885964911 0.014894005847953216 0.04686403508771931 
0 0.24430372807017542 0.6891228070175439 0.022934941520467836 0.023843201754385968 
0 0.24110562865497076 0.6460964912280702 0.020924707602339183 0.04631304824561398 
0 0.2547203947368421 0.6574616228070176 0.02448830409356725 0.038640350877192996 
0 0.27317799707602336 0.6641748903508772 0.022934941520467836 0.04261513157894738 
0 0.2835032894736842 0.678015350877193 0.033717105263157895 0.025762061403508778 
0 0.2921838450292398 0.6341666666666667 0.015807748538011698 0.04576754385964913 
0 0.3075347222222222 0.6193695175438596 0.012335526315789474 0.06467653508771931 
0 0.29656980994152043 0.6116940789473684 0.01644736842105263 0.0352165570175438 
0 0.29964546783625734 0.7085553728070175 0.0222953216374269 0.03946546052631586 
0 0.3263578216374269 0.6593859649122807 0.01516812865497076 0.04343750000000001 
0 0.3391502192982456 0.680907346491228 0.016721491228070175 0.05658991228070177 
0 0.3177686403508772 0.5605756578947368 0.01827485380116959 0.01740131578947369 
0 0.33184027777777775 0.5655071271929824 0.01206140350877193 0.026447368421052636 
0 0.3386019736842105 0.5413925438596491 0.024762426900584795 0.038640350877192996 
0 0.343718932748538 0.558108552631579 0.025310672514619884 0.029597039473684156 
0 0.34627741228070175 0.5681112938596491 0.01864035087719298 0.04932839912280709 
0 0.34454130116959064 0.6190871710526316 0.012609649122807017 0.03507949561403516 
0 0.3396070906432748 0.637859100877193 0.0200109649122807 0.04987664473684218 
0 0.3060727339181286 0.5985334429824561 0.019371345029239765 0.04069627192982457 
0 0.29693530701754384 0.5645504385964912 0.021290204678362575 0.048782894736842115 
0 0.3267233187134503 0.5243941885964912 0.028691520467836257 0.030693530701754394 
0 0.3628161549707602 0.5737225877192983 0.013888888888888888 0.0280921052631579 
0 0.3576078216374269 0.5794791666666667 0.008771929824561403 0.017675438596491233 
0 0.3610800438596491 0.5565953947368422 0.014619883040935672 0.019046052631578953 
0 0.37423793859649124 0.5261759868421053 0.012701023391812866 0.031104714912280708 
0 0.3746034356725146 0.5635827850877192 0.010325292397660819 0.03713541666666673 
0 0.3800858918128655 0.5787938596491228 0.025584795321637425 0.034394188596491175 
0 0.39178179824561404 0.5992105263157895 0.026133040935672515 0.026718749999999944 
0 0.37615679824561404 0.6016776315789474 0.020741959064327485 0.04905427631578942 
0 0.4168183479532164 0.5838623903508772 0.020650584795321638 0.04234100877192983 
0 0.42732638888888885 0.5718064692982455 0.01882309941520468 0.041655701754385974 
0 0.4418548976608187 0.601266447368421 0.015716374269005847 0.04521655701754381 
0 0.3654660087719298 0.6318366228070176 0.01663011695906433 0.040833333333333346 
0 0.35980080409356724 0.6459484649122808 0.014802631578947368 0.0439857456140351 
0 0.3616282894736842 0.6693804824561403 0.026498538011695907 0.043848684210526324 
0 0.3439016812865497 0.669248903508772 0.022021198830409358 0.048234649122807026 
0 0.3639126461988304 0.6926809210526316 0.021929824561403508 0.03973684210526317 
0 0.3651005116959064 0.6939172149122806 0.027869152046783627 0.06919956140350879 
0 0.39662463450292396 0.6674725877192983 0.013706140350877192 0.036036184210526324 
0 0.40548793859649124 0.6541803728070175 0.014894005847953216 0.038777412280701765 
0 0.4173665935672515 0.6703481359649123 0.01781798245614035 0.01987116228070182 
0 0.4183717105263158 0.625953947368421 0.02320906432748538 0.036447368421052645 
0 0.41965095029239763 0.6478782894736842 0.03983918128654971 0.02781524122807012 
0 0.4163614766081871 0.6878892543859649 0.029331140350877194 0.03206414473684205 
0 0.4167269736842105 0.7135115131578947 0.01918859649122807 0.04686403508771931 
0 0.42367141812865494 0.6700740131578947 0.023026315789473683 0.027269736842105267 
0 0.4411239035087719 0.6593859649122807 0.01918859649122807 0.04987938596491229 
0 0.4494389619883041 0.7058388157894737 0.008223684210526315 0.021376096491228076 
0 0.4546472953216374 0.6452741228070176 0.017359283625731036 0.04809484649122802 
0 0.4553782894736842 0.6648684210526316 0.017998903508771973 0.048917214912280654 
0 0.43545869883040933 0.618141447368421 0.01471125730994152 0.04850877192982457 
0 0.394797149122807 0.690219298245614 0.019371345029239765 0.03425438596491229 
0 0.43947916666666664 0.7190021929824562 0.01699561403508772 0.05645559210526311 
0 0.4548300438596491 0.709547697368421 0.014071637426900584 0.07783168859649131 
0 0.4651553362573099 0.6951589912280702 0.013888888888888888 0.04850877192982457 
0 0.47146016081871345 0.7285937499999999 0.024396929824561403 0.04453399122807018 
0 0.4790442251461988 0.7399671052631579 0.024305555555555556 0.05083607456140346 
0 0.47392726608187136 0.6724150219298245 0.01425438596491228 0.05960526315789475 
0 0.507827119883041 0.6959813596491228 0.015807748538011698 0.05878563596491223 
0 0.47109466374269005 0.6559703947368422 0.018092105263157895 0.027269736842105267 
0 0.45473866959064324 0.6105975877192983 0.01114766081871345 0.0405592105263158 
0 0.4625054824561403 0.6160773026315789 0.027869152046783627 0.03453125000000007 
0 0.4871765350877193 0.6307401315789474 0.015807748538011698 0.047138157894736854 
0 0.49850694444444443 0.6401946271929824 0.018731725146198832 0.046041666666666675 
0 0.5039894005847954 0.6489638157894737 0.01918859649122807 0.0474122807017544 
0 0.5045376461988303 0.6911677631578947 0.023026315789473683 0.021650219298245617 
0 0.5178782894736842 0.6585553728070175 0.021929824561403508 0.03836896929824568 
0 0.5215332602339181 0.6275877192982456 0.015076754385964912 0.046726973684210533 
0 0.44139802631578945 0.525485197368421 0.027960526315789474 0.02589912280701755 
0 0.45702302631578945 0.5449424342105263 0.027320906432748537 0.030556469298245622 
0 0.4806889619883041 0.5278152412280702 0.015625 0.04275219298245609 
0 0.4699981725146199 0.5739912280701754 0.025127923976608187 0.03494243421052626 
0 0.4505354532163743 0.588516995614035 0.03444809941520468 0.02740405701754393 
0 0.4508095760233918 0.5956414473684211 0.029331140350877194 0.03206414473684205 
0 0.4881816520467836 0.5868722587719298 0.020741959064327485 0.03713541666666673 
0 0.4805062134502924 0.609344846491228 0.019919590643274854 0.03220120614035095 
0 0.5013395467836257 0.5823519736842105 0.015349049707602383 0.0317872807017544 
0 0.5101114766081871 0.5781030701754386 0.015349049707602383 0.03685855263157896 
0 0.5055427631578947 0.5609758771929825 0.030517178362573144 0.03192708333333328 
0 0.5038980263157895 0.5395997807017544 0.021927997076023435 0.022469846491228015 
0 0.5128527046783625 0.5365844298245614 0.018273026315789517 0.031652960526315735 
0 0.5291154970760235 0.5327467105263158 0.02138157894736842 0.048234649122807026 
0 0.5337774122807017 0.5940021929824562 0.01114766081871345 0.030830592105263104 
0 0.5385288742690059 0.5801644736842105 0.02320906432748538 0.042201206140350826 
0 0.5513212719298245 0.579890350877193 0.01663011695906433 0.040970394736842115 
0 0.5443768274853801 0.5642680921052631 0.027227704678362618 0.026447368421052636 
0 0.5642964181286549 0.5428919956140351 0.012425073099415249 0.03398300438596492 
0 0.5318585526315789 0.6212856359649123 0.017543859649122806 0.03562774122807025 
0 0.539077119883041 0.6347149122807018 0.015259502923976608 0.036447368421052645 
0 0.5327722953216374 0.6607483552631579 0.026589912280701754 0.038643092105263226 
0 0.5506816520467837 0.6218338815789474 0.01864035087719298 0.048231907894736914 
0 0.5249141081871345 0.6815871710526316 0.01827485380116959 0.028363486842105334 
0 0.5600932017543859 0.664594298245614 0.01608187134502924 0.03686129385964907 
0 0.5690478801169591 0.6844627192982456 0.015350877192982455 0.05138432017543855 
0 0.5822971491228071 0.6711732456140351 0.013249269005847953 0.05206962719298241 
0 0.5671290204678362 0.6411622807017544 0.019005847953216373 0.045904605263157906 
0 0.5716977339181286 0.6249945175438597 0.02238669590643275 0.045904605263157906 
0 0.5614638157894737 0.6212938596491228 0.01206140350877193 0.02658442982456141 
0 0.5826626461988303 0.6074561403508771 0.025582967836257353 0.04206688596491229 
0 0.592531067251462 0.6460964912280702 0.021379751461988346 0.03507949561403503 
0 0.605687134502924 0.680079495614035 0.01516812865497076 0.03411732456140352 
0 0.6103472222222223 0.6580180921052631 0.021107456140350877 0.05289199561403516 
0 0.5938687865497077 0.7515981359649122 0.03179824561403509 0.052617872807017615 
0 0.6072423245614035 0.701329495614035 0.017907529239766126 0.05193256578947376 
0 0.6178399122807018 0.7044819078947367 0.016355994152046784 0.03726973684210527 
0 0.6319115497076023 0.7336677631578947 0.025950292397660817 0.055630482456140364 
0 0.5682255116959064 0.7344901315789474 0.018457602339181287 0.05796052631578949 
0 0.5779111842105263 0.7074945175438596 0.015533625730994151 0.06604714912280703 
0 0.5557986111111111 0.7392845394736842 0.016904239766081873 0.05398848684210534 
0 0.5421838450292398 0.7077686403508772 0.015259502923976608 0.05947094298245609 
0 0.5409959795321637 0.7658771929824562 0.015899122807017545 0.04192982456140352 
0 0.5398994883040935 0.7587527412280701 0.007218567251461988 0.02808936403508779 
0 0.5188834064327486 0.7328563596491228 0.014071637426900584 0.052891995614035035 
0 0.6280756578947368 0.5363212719298246 0.0200109649122807 0.031652960526315735 
0 0.6367562134502924 0.628141447368421 0.016355994152046784 0.030693530701754332 
0 0.6332839912280701 0.6493804824561403 0.015259502923976608 0.040422149122807026 
0 0.6515588450292398 0.6428015350877193 0.019919590643274854 0.0352165570175438 
0 0.6525639619883041 0.6961156798245614 0.01800073099415205 0.03425438596491229 
0 0.6679148391812866 0.687891995614035 0.025219298245614034 0.048782894736842115 
0 0.6614272660818713 0.7218832236842104 0.015807748538011698 0.05069901315789481 
0 0.6732145467836257 0.725720942982456 0.018457602339181287 0.05960526315789475 
0 0.6912737573099416 0.7178837719298246 0.036366959064327485 0.030693530701754332 
0 0.6951114766081872 0.6532072368421052 0.014437134502923976 0.03699835526315784 
0 0.7029696637426901 0.6433415570175438 0.015533625730994151 0.04220394736842106 
0 0.7188687865497077 0.6342982456140351 0.019005847953216373 0.05316611842105258 
0 0.7265917397660818 0.6859923245614035 0.02206688596491228 0.05638432017543861 
0 0.7001845760233918 0.6870888157894737 0.03243786549707602 0.04398300438596486 
0 0.7033369883040935 0.711751644736842 0.029376827485380116 0.0444654605263158 
0 0.7362774122807018 0.6898273026315789 0.016904239766081873 0.04802905701754387 
0 0.7492525584795321 0.6848958333333334 0.016264619883040937 0.06138706140350879 
0 0.7745175438596491 0.6991447368421053 0.012335526315789474 0.019320175438596498 
0 0.7852083333333333 0.7010608552631579 0.031158625730994153 0.03165296052631586 
0 0.7756597222222222 0.6846189692982455 0.03572733918128655 0.021924342105263162 
0 0.7664163011695906 0.6404824561403509 0.022112573099415205 0.051247258771929774 
0 0.7642233187134503 0.6311650219298245 0.03517909356725146 0.041107456140350884 
0 0.7851480263157895 0.6674780701754386 0.02238669590643275 0.0220586622807017 
0 0.8047934941520468 0.6709018640350877 0.025491593567251423 0.04508223684210527 
0 0.7946509502923976 0.6263678728070174 0.023115862573099374 0.04631578947368422 
0 0.7823154239766081 0.6248629385964912 0.02147295321637427 0.043297697368421005 
0 0.8139290935672514 0.6393859649122807 0.016812865497076022 0.04001096491228071 
0 0.8057072368421052 0.6117077850877194 0.030608552631578908 0.04165570175438585 
0 0.8230665204678362 0.6413048245614035 0.02860014619883041 0.03562774122807012 
0 0.7154294590643274 0.583327850877193 0.019736842105263157 0.04576754385964913 
0 0.7204550438596491 0.5492077850877193 0.03033625730994152 0.04275219298245609 
0 0.737359283625731 0.5467434210526316 0.023574561403508772 0.03411732456140352 
0 0.7592891081871345 0.5397395833333334 0.021290204678362575 0.03206414473684211 
0 0.7537152777777778 0.525764802631579 0.036458333333333336 0.028637609649122816 
0 0.7323921783625731 0.47313870614035086 0.03892543859649115 0.045216557017543874 
0 0.8123775584795322 0.6014062499999999 0.028965643274853802 0.043848684210526324 
0 0.8258095760233918 0.5863322368421052 0.02887426900584795 0.038917214912280645 
0 0.8492013888888889 0.578796600877193 0.034994517543859606 0.04069627192982457 
0 0.8247130847953216 0.5379632675438597 0.023574561403508772 0.04823190789473685 
0 0.8436275584795322 0.559750548245614 0.029331140350877194 0.026033442982456148 
0 0.842531067251462 0.5315241228070176 0.03490497076023392 0.038640350877192996 
0 0.8673848684210527 0.5685197368421053 0.03015168128654967 0.0298711622807017 
0 0.8552320906432749 0.5296052631578947 0.0266812865497076 0.0405592105263158 
0 0.859343932748538 0.5180948464912281 0.03042580409356721 0.04206688596491229 
0 0.8772532894736842 0.5235745614035088 0.029877558479532124 0.04700109649122808 
0 0.8820047514619883 0.5094572368421053 0.039016812865497075 0.058234649122807035 
0 0.9108790204678362 0.525625 0.026224415204678362 0.048506030701754334 
0 0.9160873538011696 0.5150740131578947 0.0222953216374269 0.0449451754385965 
0 0.9347277046783625 0.5330235745614035 0.015897295321637386 0.04439692982456135 
0 0.9473044590643274 0.494780701754386 0.0266812865497076 0.0430263157894737 
0 0.3489236111111111 0.714797149122807 0.017543859649122806 0.05535635964912282 
0 0.005968567251461988 0.46818804824561405 0.009685672514619883 0.025487938596491233 
0 0.48440241228070174 0.31029605263157894 0.024671052631578948 0.01644462719298246 
0 0.4833059210526316 0.2669956140350877 0.015899122807017545 0.03124177631578948 
0 0.5236933479532164 0.015625 0.01608187134502924 0.03699561403508772 
0 0.7681487573099416 0.3184978070175439 0.01864035087719298 0.01421874999999997 
0 0.7945266812865497 0.3080838815789474 0.021564327485380116 0.013977521929824564 
0 0.8095120614035087 0.29986293859649127 0.017543859649122806 0.01671875 
0 0.9420047514619883 0.33028782894736847 0.015533625730994151 0.026033442982456086 
