0 0.481 0.4116666666666667 0.0185 0.036333333333333336 
0 0.242 0.5336666666666666 0.0205 0.03866666666666667 
0 0.303 0.5593333333333333 0.03375 0.04033333333333333 
0 0.874 0.5663333333333334 0.02325 0.043 
0 0.9035 0.30633333333333335 0.02375 0.027 
0 0.73575 0.37866666666666665 0.01875 0.036333333333333336 
0 0.62175 0.526 0.02 0.04833333333333333 
0 0.17675 0.39266666666666666 0.0335 0.032 
0 0.71375 0.4066666666666667 0.031 0.019333333333333334 
0 0.00275 0.4083333333333333 0.02725 0.03666666666666667 
0 0.759 0.526 0.02375 0.047 
0 0.33925 0.526 0.02125 0.028 
0 0.91625 0.541 0.0225 0.03866666666666667 
0 0.254 0.5276666666666666 0.02525 0.04 
0 0.40825 0.5293333333333333 0.01825 0.043333333333333335 
0 0.46525 0.49533333333333335 0.02225 0.033666666666666664 
0 0.123 0.4776666666666667 0.028 0.04033333333333333 
0 0.0435 0.33666666666666667 0.02275 0.030333333333333334 
0 0.06975 0.401 0.0165 0.033666666666666664 
0 0.63375 0.45866666666666667 0.0295 0.030666666666666665 
0 0.395 0.3973333333333333 0.02725 0.033 
0 0.79425 0.493 0.02525 0.036333333333333336 
0 0.60825 0.436 0.018 0.037333333333333336 
0 0.1155 0.3416666666666667 0.0195 0.018 
0 0.2715 0.47733333333333333 0.037 0.021 
0 0.89525 0.5606666666666666 0.02175 0.04666666666666667 
0 0.67375 0.319 0.03 0.016666666666666666 
0 0.3565 0.483 0.026 0.043 
0 0.3195 0.52 0.02425 0.035666666666666666 
0 0.132 0.545 0.0205 0.041 
0 0.08525 0.496 0.025 0.04666666666666667 
0 0.22525 0.396 0.03075 0.021333333333333333 
0 0.14725 0.43066666666666664 0.023 0.03166666666666667 
0 0.8715 0.404 0.02325 0.029333333333333333 
0 0.4045 0.435 0.018 0.039 
0 0.22175 0.5393333333333333 0.023 0.045 
0 0.387 0.49933333333333335 0.0215 0.03766666666666667 
0 0.0665 0.32033333333333336 0.0265 0.027333333333333334 
0 0.68825 0.3873333333333333 0.02675 0.03233333333333333 
0 0.0505 0.527 0.02125 0.04833333333333333 
0 0.62425 0.30133333333333334 0.0275 0.02266666666666667 
0 0.40925 0.4076666666666667 0.02275 0.027 
0 0.935 0.312 0.01725 0.030333333333333334 
0 0.965 0.308 0.0195 0.024666666666666667 
0 0.9145 0.576 0.02075 0.04566666666666667 
0 0.441 0.4206666666666667 0.0265 0.029333333333333333 
0 0.58675 0.412 0.0235 0.03966666666666667 
0 0.42875 0.446 0.02 0.037333333333333336 
0 0.481 0.45166666666666666 0.0315 0.035 
0 0.48575 0.42633333333333334 0.01925 0.025 
0 0.494 0.44266666666666665 0.02975 0.027 
0 0.51275 0.31633333333333336 0.01525 0.033666666666666664 
0 0.54225 0.557 0.035 0.024666666666666667 
0 0.4295 0.398 0.01475 0.034333333333333334 
0 0.0 0.4663333333333333 0.01825 0.04033333333333333 
0 0.65875 0.513 0.01775 0.03966666666666667 
0 0.88675 0.3983333333333333 0.0215 0.03133333333333333 
0 0.6685 0.396 0.0195 0.034333333333333334 
0 0.85694 0.5536666666666666 0.028059999999999946 0.0515 
0 0.2063925 0.4538333333333333 0.021607499999999988 0.03283333333333333 
0 0.2045 0.5406666666666666 0.02125 0.04766666666666667 
0 0.456 0.45366666666666666 0.019 0.033 
0 0.4255 0.5246666666666666 0.01575 0.045 
0 0.19725 0.42033333333333334 0.01975 0.03966666666666667 
0 0.2855 0.5056666666666667 0.03025 0.04066666666666666 
0 0.14275 0.41 0.02275 0.029 
0 0.55775 0.44266666666666665 0.0185 0.038 
0 0.56075 0.30466666666666664 0.017 0.028666666666666667 
0 0.87375 0.519 0.021 0.04466666666666667 
0 0.9445 0.5266666666666666 0.02875 0.03933333333333333 
0 0.19525 0.4623333333333333 0.0205 0.034666666666666665 
0 0.89075 0.475 0.02675 0.025666666666666667 
0 0.6955 0.5473333333333333 0.01825 0.044333333333333336 
0 0.6535 0.38366666666666666 0.02075 0.035666666666666666 
0 0.167 0.3436666666666667 0.02375 0.027 
0 0.75925 0.503 0.02975 0.024333333333333332 
0 0.049 0.45566666666666666 0.0195 0.038 
0 0.84225 0.48933333333333334 0.035 0.027666666666666666 
0 0.982 0.516 0.01775 0.036 
0 0.61575 0.38866666666666666 0.021 0.03333333333333333 
0 0.266 0.3506666666666667 0.033 0.016 
0 0.14725 0.5363333333333333 0.023 0.042666666666666665 
0 0.76625 0.4703333333333333 0.02225 0.03866666666666667 
0 0.52625 0.539 0.02025 0.043 
0 0.032 0.5056666666666667 0.0265 0.041 
0 0.46975 0.3273333333333333 0.02825 0.016666666666666666 
0 0.67625 0.4876666666666667 0.0305 0.025333333333333333 
0 0.5895 0.5356666666666666 0.02175 0.04666666666666667 
0 0.87125 0.299 0.02025 0.029 
0 0.0045 0.346 0.02525 0.027333333333333334 
0 0.28475 0.444 0.02575 0.018333333333333333 
0 0.19375 0.3243333333333333 0.028 0.016 
0 0.37175 0.456 0.03025 0.026333333333333334 
0 0.35875 0.3313333333333333 0.02625 0.014666666666666666 
0 0.078 0.547 0.02975 0.036 
0 0.73075 0.3546666666666667 0.031 0.019333333333333334 
0 0.27175 0.31233333333333335 0.0295 0.019333333333333334 
0 0.71075 0.494 0.0205 0.04066666666666666 
0 0.64275 0.318 0.03375 0.018 
0 0.2715 0.549 0.02125 0.038 
0 0.53725 0.45666666666666667 0.03425 0.028666666666666667 
0 0.8435 0.524 0.024 0.021 
0 0.308 0.43266666666666664 0.029 0.02266666666666667 
0 0.65825 0.4786666666666667 0.02575 0.034 
0 0.70675 0.5846666666666667 0.02175 0.05466666666666667 
0 0.40675 0.31766666666666665 0.02375 0.02266666666666667 
0 0.28225 0.5466666666666666 0.02725 0.043 
0 0.2725 0.39066666666666666 0.026 0.04033333333333333 
0 0.75925 0.389 0.024 0.03866666666666667 
0 0.80675 0.398 0.028 0.028333333333333332 
0 0.214 0.3406666666666667 0.029 0.02033333333333333 
0 0.3855 0.5553333333333333 0.02525 0.036333333333333336 
0 0.60525 0.294 0.0215 0.02266666666666667 
0 0.467 0.38266666666666665 0.02 0.036 
0 0.3255 0.30566666666666664 0.01425 0.029666666666666668 
0 0.93825 0.39466666666666667 0.02375 0.036 
0 0.6975 0.49 0.01875 0.034333333333333334 
0 0.514 0.4103333333333333 0.02075 0.035 
0 0.5995 0.3933333333333333 0.019 0.03833333333333333 
0 0.733 0.5153333333333333 0.02275 0.026 
0 0.336 0.30433333333333334 0.016 0.034333333333333334 
0 0.801 0.45666666666666667 0.021 0.03 
0 0.75925 0.44766666666666666 0.01725 0.030666666666666665 
0 0.25325 0.4106666666666667 0.0155 0.034 
0 0.55325 0.48033333333333333 0.03325 0.029333333333333333 
0 0.9565 0.4003333333333333 0.024 0.044333333333333336 
0 0.61275 0.5436666666666666 0.0195 0.038 
0 0.588 0.29 0.01875 0.02 
0 0.59525 0.31133333333333335 0.015 0.033666666666666664 
0 0.35 0.44166666666666665 0.02225 0.04066666666666666 
0 0.83325 0.319 0.0315 0.017333333333333333 
0 0.97325 0.4846666666666667 0.02375 0.034333333333333334 
0 0.397 0.48966666666666664 0.03375 0.028333333333333332 
0 0.7115 0.445 0.01875 0.03666666666666667 
0 0.331 0.43733333333333335 0.024 0.025666666666666667 
0 0.44375 0.38666666666666666 0.018 0.03233333333333333 
0 0.063 0.3516666666666667 0.0305 0.014666666666666666 
0 0.509 0.45666666666666667 0.01975 0.04133333333333333 
0 0.5345 0.466 0.018 0.037 
0 0.718 0.4196666666666667 0.02825 0.026333333333333334 
0 0.0975 0.42533333333333334 0.0245 0.03233333333333333 
0 0.36325 0.306 0.01675 0.026333333333333334 
0 0.68125 0.306 0.0275 0.017 
0 0.42175 0.37566666666666665 0.01675 0.03166666666666667 
0 0.829 0.5703333333333334 0.016 0.035666666666666666 
0 0.9725 0.2713333333333333 0.019 0.022 
0 0.2190175 0.478 0.035232499999999986 0.03 
0 0.037 0.43566666666666665 0.0195 0.025333333333333333 
0 0.141 0.32466666666666666 0.0145 0.029666666666666668 
0 0.39075 0.373 0.03475 0.02 
0 0.17175 0.478 0.018 0.049 
0 0.4425 0.32766666666666666 0.02725 0.014666666666666666 
0 0.14375 0.47733333333333333 0.0195 0.036 
0 0.42025 0.43966666666666665 0.02125 0.033 
0 0.66875 0.43533333333333335 0.0325 0.016 
0 0.93225 0.435 0.035 0.03 
0 0.08375 0.341 0.02175 0.022 
0 0.04925 0.4116666666666667 0.0195 0.025 
0 0.61375 0.49033333333333334 0.01725 0.034 
0 0.0495 0.43366666666666664 0.02125 0.030666666666666665 
0 0.47 0.49166666666666664 0.039 0.019333333333333334 
0 0.5415 0.4206666666666667 0.01625 0.035 
0 0.145 0.45166666666666666 0.03475 0.027 
0 0.7225 0.5513333333333333 0.01825 0.044 
0 0.729 0.495 0.03225 0.023666666666666666 
0 0.92225 0.311 0.01925 0.03 
0 0.816 0.43833333333333335 0.02525 0.032 
0 0.93175 0.5853333333333334 0.02575 0.034666666666666665 
0 0.5410425 0.49833333333333335 0.03070749999999998 0.015333333333333332 
0 0.24475 0.33 0.034 0.017333333333333333 
0 0.31925 0.49833333333333335 0.03775 0.025666666666666667 
0 0.7295 0.5363333333333333 0.022 0.044333333333333336 
0 0.2515 0.453 0.02025 0.03266666666666666 
0 0.07675 0.441 0.0215 0.03166666666666667 
0 0.132 0.33566666666666667 0.01375 0.028 
0 0.44525 0.44333333333333336 0.01675 0.034666666666666665 
0 0.24225 0.32466666666666666 0.01925 0.014 
0 0.814 0.4866666666666667 0.02275 0.04533333333333334 
0 0.95425 0.506 0.02125 0.043666666666666666 
0 0.50175 0.401 0.02 0.03866666666666667 
0 0.1705 0.39566666666666667 0.01475 0.030666666666666665 
0 0.7995 0.568 0.02 0.048666666666666664 
0 0.23539500000000002 0.5066666666666667 0.03610499999999999 0.021 
0 0.7426799999999999 0.4553333333333333 0.01732000000000005 0.029 
0 0.549 0.285 0.02325 0.011666666666666667 
0 0.663 0.5643333333333334 0.01825 0.04466666666666667 
0 0.01125 0.443 0.0265 0.025 
0 0.67825 0.5336666666666666 0.023 0.035666666666666666 
0 0.3045 0.38766666666666666 0.01875 0.03166666666666667 
0 0.713 0.5343333333333333 0.01475 0.048 
0 0.0355 0.462 0.01775 0.03 
0 0.73175 0.6773333333333333 0.01725 0.025 
0 0.5755 0.296 0.0145 0.026333333333333334 
0 0.071 0.498 0.01875 0.04633333333333333 
0 0.661 0.44733333333333336 0.016 0.043 
0 0.7575 0.43566666666666665 0.03225 0.017 
0 0.20225 0.328 0.037 0.025333333333333333 
0 0.559 0.41833333333333333 0.0175 0.03133333333333333 
0 0.0395 0.486 0.016 0.026 
0 0.859 0.3006666666666667 0.0195 0.024666666666666667 
0 0.57725 0.5223333333333333 0.0325 0.021333333333333333 
0 0.0345 0.537 0.01825 0.043 
0 0.4765 0.30733333333333335 0.023 0.018 
0 0.39375 0.4713333333333333 0.0175 0.02 
0 0.45725 0.5393333333333333 0.029 0.033666666666666664 
0 0.27375 0.49266666666666664 0.01925 0.03766666666666667 
0 0.5995 0.283 0.015 0.019666666666666666 
0 0.168 0.4553333333333333 0.02775 0.024333333333333332 
0 0.081 0.45766666666666667 0.0165 0.03866666666666667 
0 0.81825 0.54 0.04325 0.021 
0 0.12375 0.4036666666666667 0.0375 0.021666666666666667 
0 0.1528825 0.3253333333333333 0.03336750000000001 0.0255 
0 0.019 0.45366666666666666 0.0185 0.02266666666666667 
0 0.9271950000000001 0.4801666666666667 0.02855499999999995 0.03716666666666667 
0 0.96875 0.5033333333333333 0.017 0.04633333333333333 
0 0.23539500000000002 0.445 0.028604999999999988 0.021 
0 0.294 0.564 0.01775 0.034666666666666665 
0 0.7235 0.47933333333333333 0.0335 0.021333333333333333 
0 0.22014250000000002 0.4525 0.033607499999999985 0.022833333333333334 
0 0.67275 0.564 0.0205 0.034333333333333334 
0 0.81675 0.5733333333333334 0.0175 0.057666666666666665 
0 0.00025 0.449 0.01375 0.023 
0 0.90675 0.48433333333333334 0.02375 0.016666666666666666 
0 0.3785 0.5126666666666667 0.0185 0.034333333333333334 
0 0.882 0.4623333333333333 0.0365 0.01633333333333333 
0 -0.0003725 0.3998333333333333 0.01325 0.027833333333333335 
0 0.0106275 0.4235 0.041877500000000005 0.028166666666666666 
0 -0.0004975 0.43866666666666665 0.010125 0.0225 
0 0.0118775 0.4608333333333333 0.033752500000000005 0.035333333333333335 
0 0.0156275 0.4726666666666667 0.0103775 0.014333333333333333 
0 0.0138775 0.47883333333333333 0.022752500000000005 0.022833333333333334 
0 0.0110025 0.501 0.017252499999999997 0.0205 
0 0.0002525 0.4721666666666667 0.005875 0.013666666666666667 
0 0.0673825 0.4176666666666667 0.03437750000000001 0.0355 
0 0.0683825 0.43116666666666664 0.03175250000000001 0.04416666666666667 
0 0.054630000000000005 0.4671666666666667 0.02587749999999999 0.03766666666666667 
0 0.0652575 0.47983333333333333 0.019 0.03983333333333333 
0 0.08625749999999999 0.455 0.02437750000000001 0.0435 
0 0.10326 0.4513333333333333 0.021252499999999997 0.0405 
0 0.113135 0.4603333333333333 0.013002499999999998 0.032 
0 0.12276000000000001 0.44916666666666666 0.026377499999999984 0.035 
0 0.04513 0.502 0.02375249999999999 0.037 
0 0.026629999999999997 0.49083333333333334 0.014750000000000003 0.041166666666666664 
0 0.0175025 0.5471666666666667 0.0242525 0.0415 
0 0.14126249999999999 0.5008333333333334 0.021627499999999997 0.035333333333333335 
0 0.161015 0.4728333333333333 0.01675 0.05266666666666667 
0 0.11526 0.4195 0.03325249999999998 0.03133333333333333 
0 0.120385 0.4375 0.033377499999999984 0.022333333333333334 
0 0.12313500000000001 0.4543333333333333 0.031002499999999985 0.043333333333333335 
0 0.188515 0.47883333333333333 0.025502500000000025 0.044 
0 0.186765 0.4608333333333333 0.017252500000000025 0.017833333333333333 
0 0.2185175 0.42683333333333334 0.0310025 0.014833333333333334 
0 0.2106425 0.4375 0.0417525 0.016833333333333332 
0 0.2157675 0.473 0.0326275 0.03166666666666667 
0 0.161515 0.39216666666666666 0.014125 0.03666666666666667 
0 0.190515 0.391 0.03513000000000002 0.044833333333333336 
0 0.2690225 0.42983333333333335 0.02275 0.043 
0 0.239895 0.4701666666666667 0.037627499999999967 0.0395 
0 0.21764250000000002 0.5173333333333333 0.01925 0.035166666666666666 
0 0.25189500000000004 0.49233333333333335 0.03187749999999997 0.02 
0 0.30727499999999996 0.5231666666666667 0.0165 0.041166666666666664 
0 0.2931475 0.4691666666666667 0.0272525 0.04 
0 0.31389999999999996 0.48133333333333334 0.01475 0.028 
0 0.325275 0.46416666666666667 0.0155 0.041666666666666664 
0 0.34002499999999997 0.461 0.011752499999999997 0.04033333333333333 
0 0.2912725 0.4543333333333333 0.0348775 0.0245 
0 0.32115 0.45016666666666666 0.0200025 0.027166666666666665 
0 0.2892725 0.44966666666666666 0.0421275 0.02033333333333333 
0 0.28902249999999996 0.41833333333333333 0.01625 0.028666666666666667 
0 0.3455275 0.4191666666666667 0.018875 0.030833333333333334 
0 0.35277749999999997 0.44816666666666666 0.0330025 0.04733333333333333 
0 0.3612775 0.5118333333333334 0.016752499999999997 0.03966666666666667 
0 0.36802749999999995 0.4125 0.017877499999999998 0.03816666666666667 
0 0.384905 0.43566666666666665 0.0125 0.025 
0 0.381905 0.4083333333333333 0.0185 0.03783333333333333 
0 0.39853 0.4608333333333333 0.025752500000000053 0.032 
0 0.41790750000000004 0.42916666666666664 0.01975 0.03283333333333333 
0 0.3647775 0.3903333333333333 0.040127499999999997 0.019833333333333335 
0 0.3692775 0.36866666666666664 0.014127499999999998 0.032 
0 0.43003250000000004 0.4795 0.0236275 0.028666666666666667 
0 0.4291575 0.5008333333333334 0.0326275 0.025 
0 0.37853250000000005 0.5323333333333333 0.0331275 0.05316666666666667 
0 0.440535 0.5221666666666667 0.017752499999999997 0.04683333333333333 
0 0.4549125 0.5271666666666667 0.0342525 0.025833333333333333 
0 0.487165 0.5308333333333334 0.022625 0.04683333333333333 
0 0.481665 0.5106666666666667 0.025625 0.011833333333333333 
0 0.50829 0.5225 0.014377499999999998 0.0305 
0 0.5156675000000001 0.5196666666666667 0.02 0.028833333333333332 
0 0.4725375 0.455 0.020752499999999997 0.03816666666666667 
0 0.46553750000000005 0.41733333333333333 0.016252499999999996 0.037333333333333336 
0 0.5247925 0.4796666666666667 0.018625 0.044 
0 0.5130425000000001 0.44266666666666665 0.024625 0.03866666666666667 
0 0.4652875 0.5535 0.020752499999999997 0.047 
0 0.5287925 0.4256666666666667 0.01712749999999994 0.030166666666666668 
0 0.5357925 0.39666666666666667 0.012752499999999941 0.0265 
0 0.5456675 0.383 0.01925249999999994 0.039 
0 0.565545 0.3923333333333333 0.022877500000000054 0.039 
0 0.576545 0.4096666666666667 0.023377500000000054 0.034166666666666665 
0 0.57117 0.43833333333333335 0.025877500000000053 0.021166666666666667 
0 0.5804225000000001 0.4565 0.02825 0.034666666666666665 
0 0.581295 0.4975 0.022127500000000053 0.028 
0 0.6022949999999999 0.48683333333333334 0.015127500000000054 0.041666666666666664 
0 0.6287975 0.48966666666666664 0.021752499999999942 0.04733333333333333 
0 0.6199225 0.46016666666666667 0.0155 0.03766666666666667 
0 0.59592 0.44783333333333336 0.024377500000000055 0.04083333333333333 
0 0.5740449999999999 0.45566666666666666 0.025625 0.042333333333333334 
0 0.6199225 0.4141666666666667 0.01862749999999994 0.026833333333333334 
0 0.6359225000000001 0.38216666666666665 0.02087749999999994 0.045 
0 0.640675 0.42383333333333334 0.0225 0.03833333333333333 
0 0.6430499999999999 0.47433333333333333 0.0185 0.03716666666666667 
0 0.6352975 0.5411666666666667 0.01700249999999994 0.0405 
0 0.6002949999999999 0.5561666666666667 0.017002500000000056 0.0315 
0 0.6434249999999999 0.5171666666666667 0.021875 0.05616666666666666 
0 0.6694249999999999 0.5146666666666667 0.017877500000000053 0.044333333333333336 
0 0.6850525000000001 0.546 0.02000249999999994 0.04566666666666667 
0 0.673925 0.4493333333333333 0.021752500000000053 0.03916666666666667 
0 0.6916775000000001 0.46316666666666667 0.02125249999999994 0.029 
0 0.7131799999999999 0.4503333333333333 0.035877500000000055 0.0445 
0 0.74518 0.4246666666666667 0.03813 0.017 
0 0.7473075 0.471 0.0295 0.03816666666666667 
0 0.74218 0.5216666666666666 0.020127500000000055 0.051166666666666666 
0 0.790685 0.4675 0.019875 0.05583333333333333 
0 0.7776825 0.4593333333333333 0.02125249999999994 0.042833333333333334 
0 0.7480575 0.5683333333333334 0.0235 0.05316666666666667 
0 0.7544325 0.5483333333333333 0.024375 0.04666666666666667 
0 0.78906 0.551 0.030002500000000053 0.028333333333333332 
0 0.8035599999999999 0.5351666666666667 0.014752500000000054 0.017833333333333333 
0 0.8408125 0.5661666666666667 0.019752500000000055 0.03716666666666667 
0 0.8206875 0.4825 0.029127500000000056 0.05416666666666667 
0 0.8133125 0.4555 0.03025 0.042333333333333334 
0 0.8328125 0.4695 0.043377500000000055 0.030833333333333334 
0 0.8419375 0.4585 0.050754999999999995 0.035 
0 0.8744400000000001 0.497 0.03675249999999994 0.026833333333333334 
0 0.8810675 0.5081666666666667 0.03387750000000005 0.04833333333333333 
0 0.8646900000000001 0.43666666666666665 0.035252499999999944 0.025833333333333333 
0 0.9221950000000001 0.4658333333333333 0.03837749999999994 0.036333333333333336 
0 0.92132 0.49433333333333335 0.01925 0.03933333333333333 
0 0.9094425 0.5013333333333333 0.021877500000000053 0.04 
0 0.916695 0.4685 0.025 0.0435 
0 0.8971925 0.49716666666666665 0.016752500000000056 0.013333333333333334 
0 0.9350700000000001 0.4646666666666667 0.03425249999999994 0.0415 
0 0.9460700000000001 0.45916666666666667 0.029252499999999942 0.043 
0 0.9320700000000001 0.5393333333333333 0.01887749999999994 0.044833333333333336 
0 0.944195 0.5425 0.02275249999999994 0.051166666666666666 
0 0.98795 0.543 0.01175 0.03383333333333333 
0 0.9716975 0.4735 0.029627500000000053 0.025 
0 0.994325 0.49766666666666665 0.005625 0.0265 
0 0.8250625 0.37716666666666665 0.022127500000000053 0.0385 
0 0.793935 0.3973333333333333 0.023627500000000055 0.04 
0 0.7770575 0.43433333333333335 0.02475249999999994 0.03266666666666666 
0 0.783435 0.4251666666666667 0.03225250000000005 0.034333333333333334 
0 0.7696825 0.36733333333333335 0.02000249999999994 0.033 
0 0.9676275000000001 0.33866666666666667 0.03200249999999994 0.02033333333333333 
0 0.8479650000000001 0.3045833333333333 0.02662749999999994 0.037083333333333336 
0 0.497535 0.3035 0.0336275 0.017333333333333333 
0 0.50316 0.294 0.025249999999999943 0.013 
0 0.50416 0.2795 0.0268775 0.0235 
0 0.48440750000000005 0.31933333333333336 0.03250249999999994 0.017666666666666667 
0 0.4640325 0.30283333333333334 0.02575 0.029833333333333333 
0 0.45290499999999995 0.3045 0.020627500000000056 0.023833333333333335 
0 0.5377875 0.2886666666666667 0.018 0.029333333333333333 
0 0.5381625 0.30033333333333334 0.02525249999999994 0.0325 
0 0.3461475 0.31333333333333335 0.0188775 0.0345 
0 0.3503975 0.3006666666666667 0.014377499999999998 0.018333333333333333 
0 0.1542575 0.337 0.0331275 0.020166666666666666 
0 0.0690025 0.3273333333333333 0.038502499999999995 0.024333333333333332 
0 0.0226225 0.3406666666666667 0.0285025 0.0295 
0 -0.0002525 0.346 0.020125 0.028666666666666667 
0 -0.0007524999999999999 0.3353333333333333 0.00975 0.0205 
0 0.5855175 0.7933333333333333 0.065755 0.044333333333333336 
0 0.7063200000000001 0.35863000000000006 0.018 0.039989999999999935 
0 0.294495 0.38309 0.015 0.03765666666666668 
