0 0.472 0.7636666666666667 0.025 0.059 
0 0.15075 0.402 0.02675 0.036333333333333336 
0 0.55475 0.433 0.04 0.026333333333333334 
0 0.68725 0.531 0.0275 0.033666666666666664 
0 0.41625 0.39366666666666666 0.024 0.05466666666666667 
0 0.27025 0.43533333333333335 0.02425 0.03866666666666667 
0 0.57925 0.5026666666666667 0.0325 0.035333333333333335 
0 0.49625 0.5736666666666667 0.0305 0.024333333333333332 
0 0.29575 0.49033333333333334 0.02675 0.051666666666666666 
0 0.34875 0.5896666666666667 0.02175 0.035666666666666666 
0 0.2805 0.36033333333333334 0.02525 0.046 
0 0.5005 0.52114 0.03125 0.04919333333333331 
0 0.023 0.324 0.02925 0.027666666666666666 
0 0.6455 0.5126666666666667 0.02 0.050666666666666665 
0 0.60575 0.498 0.02375 0.048 
0 0.2525 0.20833333333333334 0.03825 0.042333333333333334 
0 0.13575 0.456 0.023 0.033666666666666664 
0 0.66275 0.511 0.01925 0.05266666666666667 
0 0.547 0.8253333333333334 0.02775 0.04733333333333333 
0 0.55 0.566 0.02475 0.048666666666666664 
0 0.25275 0.3476666666666667 0.02475 0.05 
0 0.6055 0.5423333333333333 0.02475 0.06 
0 0.6805 0.5243333333333333 0.01775 0.030666666666666665 
0 0.4915 0.4666666666666667 0.01725 0.051666666666666666 
0 0.34 0.436 0.02325 0.051333333333333335 
0 0.43075 0.4703333333333333 0.0285 0.0474666666666667 
0 0.64425 0.6806666666666666 0.03025 0.048666666666666664 
0 0.71825 0.6236666666666667 0.0195 0.061 
0 0.5445 0.37566666666666665 0.0255 0.059666666666666666 
0 0.4855 0.357 0.0315 0.052 
0 0.6445 0.5733333333333334 0.02175 0.054 
0 0.4505 0.507 0.02675 0.057 
0 0.524 0.4836666666666667 0.02175 0.05533333333333333 
0 0.364 0.436 0.03625 0.027333333333333334 
0 0.14175 0.4246666666666667 0.03175 0.05 
0 0.56175 0.7526666666666667 0.02175 0.03933333333333333 
0 0.3015 0.5906666666666667 0.02275 0.029333333333333333 
0 0.6825 0.5643333333333334 0.0305 0.034333333333333334 
0 0.272 0.4046666666666667 0.0285 0.035666666666666666 
0 0.429 0.4103333333333333 0.02225 0.054 
0 0.52975 0.593 0.0265 0.029 
0 0.6695 0.563 0.028 0.021333333333333333 
0 0.51375 0.5843333333333334 0.03175 0.027666666666666666 
0 0.62825 0.47733333333333333 0.0175 0.05633333333333333 
0 0.34675 0.368 0.02825 0.07330000000000003 
0 0.5815 0.529 0.0245 0.05466666666666667 
0 0.6355 0.599 0.018 0.037333333333333336 
0 0.53225 0.618 0.023 0.02666666666666667 
0 0.4955 0.486 0.028747499999999947 0.067 
0 0.7375 0.61 0.0255 0.06133333333333333 
0 0.7105 0.5353333333333333 0.035 0.023333333333333334 
0 0.362 0.869 0.02475 0.025333333333333333 
0 0.31775 0.4 0.027 0.046 
0 0.3315 0.44066666666666665 0.01375 0.04766666666666667 
0 0.2845 0.5646666666666667 0.02425 0.04733333333333333 
0 0.5618725 0.526 0.019627500000000055 0.061 
0 0.70975 0.5583333333333333 0.01125 0.018333333333333333 
0 0.0585 0.3283333333333333 0.03025 0.04766666666666667 
0 0.00025 0.30432000000000003 0.027 0.060316666666666685 
0 0.0 0.3449766666666667 0.0339975 0.05731666666666668 
0 0.019375 0.32598 0.0488725 0.06965000000000002 
0 0.0347475 0.3736366666666667 0.026 0.0671466666666666 
0 0.055247500000000005 0.35697333333333336 0.038625 0.08930999999999994 
0 0.0704975 0.3538066666666667 0.03375 0.07664666666666661 
0 0.0963725 0.3553066666666667 0.034125 0.08181333333333328 
0 0.1154975 0.3799666666666667 0.0325 0.08280999999999994 
0 0.0799975 0.28466 0.04125 0.06931333333333335 
0 0.10574750000000001 0.2769933333333333 0.04375 0.06898333333333335 
0 0.1099975 0.31398333333333334 0.047625 0.053986666666666676 
0 0.12974750000000002 0.32265 0.035 0.06148333333333335 
0 0.1417475 0.33231333333333335 0.037375 0.07731333333333335 
0 0.1576225 0.34448 0.028625 0.060650000000000016 
0 0.1827475 0.34381333333333336 0.0195 0.045653333333333344 
0 0.1884975 0.33831666666666665 0.029625 0.05481666666666668 
0 0.1978725 0.30482333333333334 0.031375 0.02932666666666667 
0 0.2037475 0.34581333333333336 0.02925 0.07348000000000002 
0 -0.001875 0.3846466666666667 0.03175 0.08030999999999995 
0 0.018625 0.39214333333333334 0.0422475 0.08880999999999994 
0 0.0639975 0.4353 0.03325 0.050986666666666604 
0 0.0703725 0.4246366666666667 0.046 0.03299000000000001 
0 0.0432475 0.44448000000000004 0.025875 0.05331666666666668 
0 0.0564975 0.44431333333333334 0.058875 0.06448000000000002 
0 0.0924975 0.45598333333333335 0.043375 0.07631333333333336 
0 0.1164975 0.4838066666666667 0.0275 0.07248333333333327 
0 0.1277475 0.49763666666666667 0.0605 0.04099000000000001 
0 -0.0007524999999999999 0.4616266666666667 0.022 0.04665333333333327 
0 0.009747500000000001 0.47762 0.0375 0.05798666666666668 
0 0.019747499999999998 0.4972833333333333 0.044 0.046320000000000014 
0 0.038747500000000004 0.49761666666666665 0.0555 0.07464666666666668 
0 -0.0002525 0.53694 0.04175 0.035323333333333345 
0 0.0779975 0.5296066666666667 0.04975 0.036326666666666674 
0 0.0992475 0.5542666666666667 0.02375 0.049323333333333344 
0 0.0127475 0.5689299999999999 0.0595 0.03399333333333334 
0 0.1252475 0.5352733333333333 0.0305 0.09031000000000002 
0 0.1487475 0.5362733333333333 0.023 0.10930333333333336 
0 0.15999750000000001 0.51861 0.03225 0.07364666666666668 
0 0.1812475 0.5056133333333334 0.025497500000000003 0.09197666666666669 
0 0.0674975 0.5626 0.0335 0.028656666666666674 
0 0.0519975 0.5849266666666667 0.05475 0.06431666666666669 
0 0.0302475 0.59459 0.03575 0.05765333333333335 
0 0.0642475 0.6009233333333334 0.05075 0.05465000000000002 
0 0.1022475 0.5805933333333333 0.0405 0.07265000000000002 
0 0.1699975 0.38831333333333334 0.0372475 0.07830999999999995 
0 0.1622475 0.45296000000000003 0.03725 0.05531999999999994 
0 0.1949975 0.4156366666666667 0.0312475 0.08131333333333328 
0 0.216495 0.3569866666666667 0.037 0.06665000000000001 
0 0.2242475 0.3973066666666667 0.04475 0.0543166666666666 
0 0.2259975 0.3923066666666667 0.0315 0.04599000000000001 
0 0.2494975 0.4189666666666667 0.0335 0.08930999999999994 
0 0.2324975 0.44862666666666673 0.036 0.08630999999999994 
0 0.2824975 0.4416266666666667 0.039997500000000005 0.10230666666666662 
0 0.3064975 0.47895 0.029247500000000003 0.08631333333333335 
0 0.3143725 0.42449000000000003 0.035875 0.06648333333333335 
0 0.2957475 0.36665333333333333 0.03925 0.05915333333333334 
0 0.3131225 0.38898 0.020875 0.03782333333333334 
0 0.2941225 0.42464 0.023875 0.04898666666666668 
0 0.3708725 0.40515 0.0465 0.03549000000000001 
0 0.3598725 0.39448666666666665 0.032625 0.05581666666666668 
0 0.3779975 0.43964000000000003 0.05125 0.044653333333333343 
0 0.3671225 0.4576366666666667 0.03 0.08447666666666662 
0 0.3932475 0.46798 0.03775 0.08730999999999994 
0 0.4114975 0.4691466666666667 0.0305 0.09530666666666661 
0 0.4399975 0.4178266666666667 0.055625 0.07581333333333336 
0 0.4374975 0.48964 0.03575 0.07097999999999995 
0 0.4627475 0.5189733333333334 0.0395 0.07714666666666661 
0 0.4679975 0.45082666666666665 0.03 0.07098000000000002 
0 0.5359974999999999 0.46515666666666666 0.022 0.06565000000000001 
0 0.5559974999999999 0.47848666666666667 0.02825 0.07131333333333335 
0 0.1939975 0.48360666666666663 0.0325 0.07298000000000002 
0 0.2027475 0.5045999999999999 0.0345 0.08164666666666669 
0 0.2174975 0.4526133333333333 0.02825 0.07431666666666668 
0 0.2282475 0.5006033333333333 0.033 0.09530666666666669 
0 0.2362475 0.53926 0.0485 0.07598000000000002 
0 0.2642475 0.49027 0.03275 0.07365000000000002 
0 0.3227475 0.48427333333333333 0.031497500000000005 0.07964666666666669 
0 0.3519975 0.47261 0.0242475 0.04998666666666668 
0 0.066125 0.6431366666666667 0.040372500000000006 0.030160000000000006 
0 0.0932475 0.6299733333333334 0.06225 0.08630999999999994 
0 0.1032475 0.6546333333333334 0.0525 0.07681333333333336 
0 0.1664975 0.5829766666666667 0.02675 0.0826466666666666 
0 0.1894975 0.5834766666666666 0.04075 0.06865000000000002 
0 0.1981225 0.6236333333333334 0.035625 0.08431333333333335 
0 0.2167475 0.5896433333333334 0.026 0.10130666666666661 
0 0.24683000000000002 0.6024166666666667 0.05037499999999997 0.07598000000000002 
0 0.24083000000000002 0.5824233333333333 0.04674999999999997 0.07231333333333335 
0 0.0641225 0.6674133333333333 0.039875 0.07114666666666661 
0 0.1157475 0.6569166666666667 0.049 0.08664333333333328 
0 0.16149750000000002 0.66808 0.039625 0.08915333333333327 
0 0.15924750000000001 0.6445966666666667 0.0555 0.055983333333333274 
0 0.1257475 0.6910833333333334 0.052125 0.08081333333333335 
0 0.0941225 0.7279066666666666 0.061875 0.03815666666666675 
0 0.0483725 0.6865833333333333 0.046875 0.09214333333333329 
0 0.0288725 0.6869166666666666 0.0355 0.08064666666666669 
0 0.0968725 0.74925 0.050625 0.07798000000000002 
0 0.0757475 0.7660799999999999 0.043625 0.0988066666666667 
0 0.0527475 0.7594133333333333 0.030625 0.08481333333333335 
0 0.1237475 0.7577466666666666 0.041625 0.053153333333333344 
0 0.1511225 0.7445866666666667 0.063 0.04398666666666653 
0 0.1549975 0.7785766666666667 0.038625 0.08197666666666661 
0 0.1083725 0.8047466666666666 0.051875 0.06715000000000008 
0 0.1742475 0.7795866666666668 0.030125 0.11713666666666663 
0 0.188245 0.8218333333333333 0.044 0.09364333333333327 
0 0.208245 0.8484933333333333 0.04375 0.08497666666666662 
0 0.197245 0.6968666666666666 0.0255 0.06698333333333342 
0 0.198745 0.7488533333333333 0.04125 0.09130999999999995 
0 0.218745 0.76918 0.0475 0.07598000000000002 
0 0.21054 0.69011 0.040875 0.0873100000000001 
0 0.240165 0.6507866666666666 0.03474750000000003 0.08297666666666668 
0 0.236415 0.7221000000000001 0.027625000000000028 0.06498333333333327 
0 0.260415 0.6781133333333333 0.038872500000000004 0.0921400000000001 
0 0.246415 0.6437733333333333 0.05000000000000003 0.049153333333333424 
0 0.29591500000000004 0.6161133333333333 0.039122500000000004 0.06231666666666668 
0 0.291165 0.6714333333333333 0.030747500000000004 0.07231333333333327 
0 0.31679 0.64744 0.028622500000000002 0.09197333333333328 
0 0.311915 0.5987866666666666 0.0407475 0.04798666666666668 
0 0.34103750000000005 0.6154466666666666 0.025375 0.05965333333333334 
0 0.26657749999999997 0.7391833333333334 0.04675 0.06864999999999993 
0 0.3053275 0.7208566666666667 0.0365 0.06298333333333327 
0 0.3323275 0.5122433333333334 0.0285 0.09364333333333336 
0 0.29379 0.5384533333333333 0.046747500000000004 0.06415000000000001 
0 0.361245 0.52335 0.045997500000000004 0.05665333333333335 
0 0.40299250000000003 0.55001 0.0315 0.045986666666666676 
0 0.4274925 0.5533433333333333 0.03375 0.060650000000000016 
0 0.4447425 0.5606733333333334 0.04325 0.06431666666666669 
0 0.4734925 0.6016633333333333 0.048999999999999946 0.05098666666666668 
0 0.34787250000000003 0.53352 0.036 0.06415000000000001 
0 0.3638725 0.5826733333333334 0.02725 0.05715000000000001 
0 0.3818725 0.5746766666666666 0.069125 0.07897666666666668 
0 0.4272475 0.5940033333333333 0.042875 0.06698333333333335 
0 0.3903725 0.602 0.044875 0.06898333333333335 
0 0.3648725 0.6239966666666666 0.0315 0.07431333333333327 
0 0.3378725 0.6685 0.035625 0.07148000000000002 
0 0.3652475 0.69166 0.023375 0.05981666666666661 
0 0.3738725 0.68616 0.036125 0.07981333333333335 
0 0.3948725 0.6588333333333334 0.0415 0.0446566666666666 
0 0.4243725 0.65517 0.034375 0.07081333333333327 
0 0.45724750000000003 0.61368 0.026622500000000004 0.0978066666666667 
0 0.3365775 0.6986600000000001 0.046 0.07364666666666668 
0 0.24907749999999998 0.7963 0.0445 0.07298000000000002 
0 0.2315775 0.7853033333333332 0.04025 0.06598333333333342 
0 0.2865775 0.7833033333333332 0.035 0.09297666666666676 
0 0.3043275 0.7679733333333334 0.037 0.05865333333333334 
0 0.3420775 0.7946333333333334 0.037 0.07498000000000002 
0 0.3328275 0.74898 0.071 0.05498333333333327 
0 0.29732749999999997 0.8226266666666667 0.04475 0.07064666666666669 
0 0.2338275 0.8542833333333333 0.04425 0.07731333333333335 
0 0.25757749999999996 0.84462 0.037 0.08597666666666662 
0 0.27007749999999997 0.8769466666666668 0.0385 0.09664000000000002 
0 0.3153275 0.83729 0.04625 0.09697333333333336 
0 0.2965775 0.8882766666666666 0.0315 0.10463666666666661 
0 0.32507749999999996 0.8872766666666666 0.044 0.10097333333333336 
0 0.3565775 0.9146033333333333 0.0425 0.0636500000000001 
0 0.3665775 0.83129 0.051 0.08764333333333343 
0 0.3525775 0.7559766666666666 0.06425 0.06831666666666676 
0 0.3730775 0.8072966666666667 0.032 0.06531666666666676 
0 0.39707749999999997 0.8429533333333333 0.0604975 0.09330999999999995 
0 0.3750775 0.90427 0.07399750000000001 0.05598666666666668 
0 0.4035775 0.6996600000000001 0.025497500000000003 0.05831666666666661 
0 0.4145775 0.7086566666666666 0.046997500000000005 0.08497666666666677 
0 0.4140775 0.74398 0.0589975 0.07531333333333336 
0 0.418825 0.7799699999999999 0.0595 0.07265000000000009 
0 0.451575 0.83029 0.06600000000000006 0.04365666666666675 
0 0.424325 0.86295 0.056 0.06498333333333342 
0 0.5398275 0.6246466666666667 0.02675 0.06498333333333327 
0 0.5618275 0.60965 0.02525 0.07797999999999994 
0 0.5778274999999999 0.59432 0.03075 0.08731000000000003 
0 0.5210775 0.5456666666666666 0.03875 0.041990000000000006 
0 0.6008275 0.60665 0.01825 0.05898666666666668 
0 0.49082749999999997 0.6143166666666667 0.0465 0.06398333333333335 
0 0.4678275 0.64031 0.031 0.06797999999999994 
0 0.4993275 0.6643033333333334 0.03025 0.07064666666666661 
0 0.5263275 0.6396433333333333 0.0225 0.06331666666666669 
0 0.5218275 0.6912966666666667 0.0315 0.07664333333333342 
0 0.5495774999999999 0.6699666666666667 0.04775 0.053986666666666676 
0 0.4743275 0.6922933333333333 0.04 0.07231666666666661 
0 0.4613275 0.7089566666666667 0.02375 0.06631666666666676 
0 0.4918275 0.7322833333333333 0.04025 0.07598000000000002 
0 0.5248275 0.7219533333333333 0.0345 0.09597666666666661 
0 0.4608275 0.8055966666666666 0.055 0.04132333333333342 
0 0.4968275 0.7849366666666666 0.0385 0.06498333333333342 
0 0.5313275 0.7736066666666668 0.03975 0.07931333333333335 
0 0.5680775 0.7752733333333334 0.06224750000000006 0.04998666666666668 
0 0.6085775 0.7876033333333333 0.07124750000000006 0.05598333333333343 
0 0.6130774999999999 0.7232866666666667 0.06449750000000005 0.06698333333333327 
0 0.5863275 0.7232866666666667 0.049997500000000056 0.05931666666666661 
0 0.5543275 0.70096 0.0445 0.06064999999999994 
0 0.5875775 0.6862966666666667 0.04574750000000006 0.05132000000000001 
0 0.6118275 0.65697 0.03574750000000006 0.058986666666666604 
0 0.639325 0.6319766666666667 0.049 0.09031000000000002 
0 0.6090774999999999 0.6053166666666667 0.02999750000000006 0.06731666666666668 
0 0.6248250000000001 0.53167 0.0325 0.06998333333333334 
0 0.656325 0.6149833333333333 0.0445 0.08131000000000002 
0 0.6913250000000001 0.59532 0.052 0.028660000000000005 
0 0.7163250000000001 0.5546633333333333 0.0255 0.04565666666666668 
0 0.692075 0.6243133333333334 0.029 0.09530666666666669 
0 0.717325 0.6693 0.028 0.07998000000000002 
0 0.6335375 0.7106466666666666 0.05775 0.04882000000000001 
0 0.6840375000000001 0.7028166666666666 0.03475 0.05698333333333343 
0 0.7521625000000001 0.6115633333333333 0.054125 0.10314000000000002 
0 0.7732875 0.6982066666666666 0.0765 0.06382000000000002 
0 0.7361625 0.6990433333333333 0.0405 0.08947666666666661 
0 0.8040375000000001 0.6438933333333333 0.038 0.058150000000000014 
0 0.5604925 0.8545033333333334 0.046 0.062316666666666604 
0 0.238745 0.30856666666666666 0.0577475 0.05198666666666668 
0 0.202245 0.14594333333333334 0.04875 0.05131666666666666 
0 0.158995 0.11128333333333335 0.0395 0.07497999999999998 
0 0.470325 0.18592999999999998 0.025 0.05032000000000001 
0 0.3879925 0.09200666666666667 0.0275 0.05665000000000001 
