0 0.644875 0.27136 0.014875 0.03598999999999997 
0 0.709625 0.2771666666666667 0.018625 0.028183333333333317 
0 0.268875 0.2835 0.022 0.017 
0 0.4329575 0.2818566666666667 0.017875 0.04698999999999997 
0 0.686 0.28968666666666665 0.01875 0.03582333333333334 
0 0.745625 0.29018666666666665 0.026 0.032646666666666685 
0 0.589375 0.29783333333333334 0.0255 0.024666666666666667 
0 0.926 0.3284566666666667 0.031625 0.06104333333333333 
0 0.6071675 0.3322866666666667 0.03270749999999998 0.029546666666666662 
0 0.5410825 0.33552333333333334 0.01704250000000002 0.021643333333333317 
0 0.706875 0.3418333333333333 0.02075 0.03 
0 0.450625 0.3455 0.0195 0.02 
0 0.583875 0.35283333333333333 0.03625 0.021666666666666667 
0 0.599875 0.36984666666666666 0.015 0.038653333333333345 
0 0.570375 0.38216666666666665 0.01925 0.043 
0 0.584125 0.40116666666666667 0.03775 0.04133333333333333 
0 0.545875 0.4055 0.03075 0.027333333333333334 
0 0.585625 0.42283333333333334 0.02725 0.018333333333333333 
0 0.599375 0.44016666666666665 0.03275 0.021666666666666667 
0 0.301625 0.3541666666666667 0.02975 0.04933333333333333 
0 0.310625 0.3621666666666667 0.020875 0.016 
0 0.210625 0.36916666666666664 0.02725 0.03833333333333333 
0 0.228625 0.37783333333333335 0.01825 0.032 
0 0.173625 0.3908333333333333 0.01925 0.042 
0 0.349125 0.39116666666666666 0.015 0.037333333333333336 
0 0.279875 0.3965 0.02825 0.03833333333333333 
0 0.340375 0.4015 0.01075 0.020666666666666667 
0 0.204125 0.4018333333333333 0.01375 0.045 
0 0.355125 0.4035 0.01725 0.032 
0 0.187625 0.4063333333333333 0.017 0.0175 
0 0.332375 0.4115 0.0185 0.04533333333333334 
0 0.189125 0.4211666666666667 0.017 0.042666666666666665 
0 0.359875 0.42483333333333334 0.0245 0.06333333333333334 
0 0.175625 0.4251666666666667 0.014 0.04 
0 0.282625 0.43016666666666664 0.01525 0.035333333333333335 
0 0.315875 0.4315 0.04075 0.042 
0 0.225875 0.43516666666666665 0.01775 0.043 
0 0.24173 0.43516666666666665 0.01614500000000001 0.04033333333333333 
0 0.304625 0.4355 0.0165 0.04933333333333333 
0 0.349125 0.43683333333333335 0.017 0.036 
0 0.271875 0.4405 0.01825 0.042 
0 0.309625 0.45416666666666666 0.01975 0.05333333333333334 
0 0.154375 0.4585 0.0495 0.08533333333333333 
0 0.193875 0.45916666666666667 0.031 0.037 
0 0.351125 0.46016666666666667 0.02375 0.045 
0 0.16773 0.4605766666666667 0.02439500000000001 0.05531666666666668 
0 0.252375 0.4638333333333333 0.01625 0.035 
0 0.263875 0.4668333333333333 0.01725 0.03866666666666667 
0 0.335625 0.4675 0.01975 0.03966666666666667 
0 0.315875 0.4705 0.02175 0.04566666666666667 
0 0.213605 0.4714066666666667 0.01752000000000001 0.019093333333333323 
0 0.223375 0.47783333333333333 0.02775 0.047896666666666685 
0 0.258125 0.4805 0.01525 0.043333333333333335 
0 0.241375 0.4845 0.01675 0.044 
0 0.297625 0.48483333333333334 0.0205 0.04633333333333333 
0 0.205625 0.4855 0.02725 0.03131666666666668 
0 0.2040425 0.4871666666666667 0.01583250000000001 0.016666666666666666 
0 0.352125 0.4885 0.02825 0.039 
0 0.179625 0.49463333333333337 0.02491749999999999 0.0530333333333333 
0 0.274375 0.49916666666666665 0.026 0.04933333333333333 
0 0.338125 0.5061666666666667 0.01875 0.052 
0 0.19452 0.5088333333333334 0.0193125 0.036669999999999994 
0 0.3564575 0.5115 0.030667500000000018 0.05466666666666667 
0 0.209875 0.5148333333333334 0.0175 0.04033333333333333 
0 0.279125 0.5178333333333334 0.03175 0.050333333333333334 
0 0.318875 0.5251666666666667 0.0195 0.04833333333333333 
0 0.224875 0.5258333333333334 0.00875 0.021333333333333333 
0 0.231375 0.52542 0.01475 0.03274666666666667 
0 0.2440825 0.5250633333333333 0.01979249999999999 0.03676999999999998 
0 0.331375 0.5301666666666667 0.0145 0.042333333333333334 
0 0.307125 0.5318333333333334 0.01525 0.06066666666666667 
0 0.145125 0.5323266666666667 0.03670750000000001 0.06183999999999999 
0 0.175375 0.5371666666666667 0.031 0.03333333333333333 
0 0.205375 0.5398333333333334 0.03825 0.06466666666666666 
0 0.257875 0.5478333333333333 0.0235 0.04766666666666667 
0 0.2209175 0.5460533333333334 0.01775 0.03344666666666664 
0 0.334625 0.5515 0.039 0.029 
0 0.236375 0.5528333333333333 0.0125 0.031 
0 0.367375 0.5545 0.01975 0.05324666666666667 
0 0.182125 0.5530566666666666 0.0315 0.03444333333333331 
0 0.126625 0.5585 0.022625 0.04733333333333333 
0 0.156125 0.5601533333333334 0.02125 0.038346666666666654 
0 0.20760499999999998 0.5641666666666667 0.012625 0.024333333333333332 
0 0.314625 0.5658333333333333 0.02025 0.052333333333333336 
0 0.331375 0.5676666666666667 0.0395 0.03716666666666667 
0 0.09933249999999999 0.5715 0.0320425 0.02666666666666667 
0 0.292375 0.5738333333333333 0.02375 0.10133333333333333 
0 0.184605 0.5777433333333334 0.02902000000000001 0.026423333333333326 
0 0.041625 0.5811666666666667 0.023 0.048636666666666696 
0 0.235125 0.5841666666666666 0.02275 0.03233333333333333 
0 0.262375 0.5858333333333333 0.0155 0.029 
0 0.267625 0.5868333333333333 0.0265 0.03 
0 0.199375 0.58724 0.02122999999999999 0.028593333333333325 
0 0.215375 0.5901666666666666 0.017 0.051666666666666666 
0 0.304875 0.5911666666666666 0.0165 0.039 
0 0.332625 0.5941666666666666 0.0285 0.028 
0 0.360875 0.5975 0.03375 0.04133333333333333 
0 0.067375 0.5981666666666666 0.026980000000000004 0.04757333333333334 
0 0.032125 0.5991666666666666 0.029 0.049 
0 0.230625 0.5998333333333333 0.03125 0.051 
0 0.055625 0.6038333333333333 0.02225 0.04566666666666667 
0 0.219625 0.6058333333333333 0.02175 0.044 
0 0.10352 0.6046433333333333 0.029375000000000016 0.03157666666666667 
0 0.246875 0.6068333333333333 0.05425 0.097 
0 0.1921675 0.6084033333333333 0.025957500000000012 0.05976333333333332 
0 0.17860499999999999 0.6102366666666666 0.0255625 0.061596666666666654 
0 0.331375 0.6121666666666666 0.01725 0.04766666666666667 
0 0.267125 0.6148333333333333 0.022 0.05 
0 0.243625 0.6168333333333333 0.0265 0.041 
0 0.10002 0.6265 0.032605 0.038179999999999985 
0 0.356625 0.6265 0.02675 0.043666666666666666 
0 0.062625 0.6361666666666667 0.018 0.026 
0 0.157875 0.6365 0.0285 0.04033333333333333 
0 0.374125 0.6381666666666667 0.0225 0.023333333333333334 
0 0.065375 0.6411666666666667 0.03225 0.033666666666666664 
0 0.134375 0.6455 0.03 0.023666666666666666 
0 0.351375 0.6598333333333334 0.03575 0.04666666666666667 
0 0.059875 0.6625 0.019957499999999996 0.028 
0 0.153375 0.6651666666666667 0.03 0.022 
0 0.367625 0.6681666666666667 0.023 0.051666666666666666 
0 0.131625 0.6691666666666667 0.02475 0.051 
0 0.183625 0.6725 0.03375 0.034666666666666665 
0 0.137875 0.6769033333333333 0.0305 0.04626333333333332 
0 0.159875 0.6808333333333333 0.02725 0.023 
0 0.340875 0.6828333333333333 0.01875 0.04633333333333333 
0 0.357875 0.6868333333333333 0.0225 0.042666666666666665 
0 0.163375 0.6908333333333333 0.032 0.047 
0 0.230875 0.6915 0.027 0.031 
0 0.186125 0.7021666666666667 0.01875 0.06 
0 0.157625 0.7031666666666667 0.0165 0.03333333333333333 
0 0.222625 0.7115 0.0245 0.03133333333333333 
0 0.172125 0.7158333333333333 0.01875 0.04633333333333333 
0 0.224875 0.7201900000000001 0.036 0.04430999999999995 
0 0.194625 0.7318333333333333 0.01375 0.049666666666666665 
0 0.151125 0.7375 0.024 0.06233333333333333 
0 0.239375 0.73852 0.02825 0.040646666666666685 
0 0.162375 0.7565 0.03075 0.050666666666666665 
0 0.435625 0.35483333333333333 0.01833249999999998 0.03683 
0 0.427875 0.36083333333333334 0.011 0.022 
0 0.451375 0.3555 0.02075 0.023666666666666666 
0 0.483875 0.38233333333333336 0.02425 0.03983333333333333 
0 0.757625 0.3561666666666667 0.0305 0.03216000000000001 
0 0.85075 0.3605 0.025875 0.027660000000000007 
0 0.561125 0.3585 0.01375 0.03233333333333333 
0 0.6932075 0.35600333333333334 0.01675 0.018830000000000003 
0 0.718875 0.3585 0.025 0.03 
0 0.324125 0.36083333333333334 0.03575 0.03833333333333333 
0 0.833375 0.36083333333333334 0.034 0.041666666666666664 
0 0.843875 0.38116666666666665 0.017125 0.049666666666666665 
0 0.856625 0.3875 0.01825 0.04633333333333333 
0 0.813375 0.3621666666666667 0.021 0.041 
0 0.831625 0.36883333333333335 0.01475 0.057 
0 0.887125 0.36283333333333334 0.01725 0.02982666666666667 
0 0.388125 0.36383333333333334 0.01375 0.024 
0 0.677625 0.36383333333333334 0.02025 0.025666666666666667 
0 0.291125 0.36483333333333334 0.01275 0.03233333333333333 
0 0.650875 0.36483333333333334 0.0175 0.027333333333333334 
0 0.157625 0.3665 0.01625 0.021 
0 0.149125 0.37516666666666665 0.0185 0.023 
0 0.136875 0.3805 0.02308250000000001 0.047 
0 0.173625 0.3665 0.01275 0.028 
0 0.153375 0.38516666666666666 0.022 0.043 
0 0.168625 0.3925 0.015375 0.028983333333333347 
0 0.1597075 0.4176566666666667 0.018625 0.04415666666666668 
0 0.129375 0.4216566666666667 0.0315 0.05317666666666666 
0 0.126125 0.42383333333333334 0.0245 0.041 
0 0.13248 0.45058 0.03389500000000001 0.031586666666666666 
0 0.1634575 0.45916666666666667 0.01875 0.028973333333333358 
0 0.110125 0.4638333333333333 0.02225 0.053 
0 0.155125 0.47199 0.01625 0.043843333333333324 
0 0.12929249999999998 0.4776533333333333 0.020875 0.03517999999999999 
0 0.145625 0.4815 0.01625 0.035666666666666666 
0 0.120125 0.4975 0.019 0.049666666666666665 
0 0.1335 0.5051666666666667 0.03341749999999999 0.034333333333333334 
0 0.108625 0.5138333333333334 0.022 0.04566666666666667 
0 0.1094575 0.5395 0.045167500000000006 0.03664666666666668 
0 0.446375 0.36616666666666664 0.03525 0.03166666666666667 
0 0.473125 0.37916666666666665 0.0175 0.034 
0 0.461125 0.3888333333333333 0.01625 0.019 
0 0.452125 0.3965 0.01275 0.014 
0 0.665625 0.3665 0.02625 0.027666666666666666 
0 0.765875 0.36716666666666664 0.0255 0.03233333333333333 
0 0.750625 0.3795 0.02075 0.030333333333333334 
0 0.526125 0.36783333333333335 0.03225 0.024666666666666667 
0 0.798625 0.36783333333333335 0.021 0.041666666666666664 
0 0.094875 0.36883333333333335 0.031 0.021 
0 0.187375 0.3685 0.00975 0.022333333333333334 
0 0.193875 0.3715 0.01425 0.035666666666666666 
0 0.205625 0.37283333333333335 0.01425 0.027666666666666666 
0 0.358625 0.36816666666666664 0.012 0.033 
0 0.680625 0.3915 0.016 0.029333333333333333 
0 0.747375 0.39132666666666666 0.02333249999999998 0.054320000000000014 
0 0.695625 0.3968333333333333 0.0155 0.035 
0 0.683375 0.4018333333333333 0.01375 0.02266666666666667 
0 0.7105825 0.4088233333333333 0.01729250000000002 0.04500999999999999 
0 0.6618324999999999 0.4255 0.03429250000000002 0.02 
0 0.7248325 0.42032 0.022875 0.030656666666666676 
0 0.747125 0.4295 0.01525 0.020666666666666667 
0 0.679125 0.43883333333333335 0.01875 0.03233333333333333 
0 0.667125 0.43999333333333335 0.013832499999999982 0.020173333333333328 
0 0.694375 0.4505 0.029 0.046 
0 0.783875 0.37183333333333335 0.015 0.034 
0 0.7867075 0.39716666666666667 0.018417500000000017 0.03833333333333333 
0 0.407125 0.37283333333333335 0.02275 0.023 
0 0.381375 0.38116666666666665 0.01475 0.043333333333333335 
0 0.399625 0.3895 0.01675 0.016666666666666666 
0 0.410375 0.39416666666666667 0.02225 0.023666666666666666 
0 0.418875 0.40116 0.02275 0.04267333333333333 
0 0.408625 0.4121666666666667 0.0185 0.037333333333333336 
0 0.379625 0.4221666666666667 0.022 0.033666666666666664 
0 0.904375 0.37383333333333335 0.00975 0.03266666666666666 
0 0.367625 0.3755 0.0145 0.039 
0 0.7979575 0.37716666666666665 0.01525 0.033656666666666675 
0 0.108875 0.38099333333333335 0.0165 0.039173333333333324 
0 0.088125 0.4005 0.0225 0.023333333333333334 
0 0.118375 0.40765333333333337 0.02058250000000001 0.04775 
0 0.0659575 0.41332 0.025167500000000002 0.04151333333333332 
0 0.270875 0.37816666666666665 0.0225 0.03333333333333333 
0 0.256375 0.3835 0.02425 0.03 
0 0.710125 0.37916666666666665 0.021082499999999983 0.045820000000000013 
0 0.698375 0.3795 0.02375 0.03133333333333333 
0 0.665625 0.37983333333333336 0.017082499999999983 0.048163333333333336 
0 0.885125 0.3835 0.02275 0.05 
0 0.319875 0.38383333333333336 0.0235 0.026333333333333334 
0 0.313625 0.3918333333333333 0.02025 0.041666666666666664 
0 0.428875 0.38416666666666666 0.02675 0.03266666666666666 
0 0.432125 0.41483333333333333 0.0215 0.03 
0 0.520375 0.3835 0.014 0.04466666666666667 
0 0.533875 0.38516666666666666 0.02525 0.027 
0 0.543375 0.39216666666666666 0.02575 0.028833333333333332 
0 0.648875 0.3858333333333333 0.01675 0.023 
0 0.503125 0.3875 0.01425 0.02 
0 0.645375 0.39216666666666666 0.0205 0.042333333333333334 
0 0.511375 0.3928333333333333 0.014 0.04566666666666667 
0 0.496625 0.4055 0.01525 0.029333333333333333 
0 0.56775 0.4211666666666667 0.022375 0.04466666666666667 
0 0.555875 0.42783333333333334 0.04125 0.078 
0 0.546125 0.43283333333333335 0.021 0.045 
0 0.651625 0.43383333333333335 0.0175 0.04133333333333333 
0 0.413875 0.44182 0.02625 0.02267999999999999 
0 0.464125 0.4475 0.0225 0.052333333333333336 
0 0.526875 0.4475 0.013 0.031 
0 0.430375 0.4505 0.0205 0.048666666666666664 
0 0.544875 0.4515 0.01225 0.023333333333333334 
0 0.395125 0.45216666666666666 0.0295 0.022333333333333334 
0 0.607625 0.4578333333333333 0.03525 0.024 
0 0.570625 0.46316666666666667 0.0165 0.023333333333333334 
0 0.400875 0.4638333333333333 0.03175 0.024 
0 0.562875 0.4665 0.02825 0.043 
0 0.640875 0.46715333333333336 0.02825 0.04067999999999999 
0 0.439375 0.4698333333333333 0.01775 0.046 
0 0.459125 0.47783333333333333 0.0185 0.04733333333333333 
0 0.608375 0.4781666666666667 0.03925 0.028 
0 0.513625 0.4770933333333333 0.018605000000000017 0.04440666666666668 
0 0.491875 0.4821666666666667 0.02379250000000002 0.03899666666666667 
0 0.412875 0.4821666666666667 0.02025 0.042 
0 0.483875 0.48383333333333334 0.01825 0.04566666666666667 
0 0.619125 0.49083333333333334 0.03575 0.028666666666666667 
0 0.447625 0.4955 0.0195 0.043666666666666666 
0 0.432375 0.49783333333333335 0.01375 0.048666666666666664 
0 0.465375 0.5021666666666667 0.02325 0.043333333333333335 
0 0.569625 0.5031666666666667 0.02525 0.044 
0 0.585125 0.5058333333333334 0.016 0.044 
0 0.598375 0.5105 0.0215 0.050666666666666665 
0 0.505625 0.5111666666666667 0.0185 0.05466666666666667 
0 0.443125 0.5168333333333334 0.02025 0.049666666666666665 
0 0.490375 0.5205 0.02025 0.04633333333333333 
0 0.555375 0.5211666666666667 0.02075 0.048 
0 0.480875 0.5365 0.01575 0.048 
0 0.527625 0.5458333333333333 0.01975 0.029 
0 0.436375 0.5461666666666667 0.024 0.035333333333333335 
0 0.49320749999999997 0.55294 0.022167500000000017 0.05156000000000002 
0 0.469125 0.5578333333333333 0.01825 0.028333333333333332 
0 0.576375 0.5608333333333333 0.017 0.03966666666666667 
0 0.431875 0.5651666666666667 0.02725 0.033 
0 0.514375 0.5678333333333333 0.0345 0.03266666666666666 
0 0.565375 0.5698333333333333 0.01825 0.049 
0 0.434125 0.5881666666666666 0.0245 0.049 
0 0.454125 0.5951666666666666 0.02475 0.04766666666666667 
0 0.504125 0.5985 0.035 0.02666666666666667 
0 0.610125 0.6018333333333333 0.04575 0.04 
0 0.575875 0.5983966666666667 0.018667500000000017 0.052436666666666645 
0 0.481125 0.6158333333333333 0.01725 0.03866666666666667 
0 0.394875 0.6275 0.014125 0.014 
0 0.464125 0.6291666666666667 0.01975 0.057666666666666665 
0 0.439875 0.6371666666666667 0.02425 0.072 
0 0.395375 0.6413333333333333 0.0355 0.029833333333333333 
0 0.428625 0.6445 0.0195 0.054 
0 0.482625 0.6518333333333334 0.02475 0.037 
0 0.461625 0.6728333333333333 0.02225 0.048 
0 0.487875 0.6775 0.01925 0.039 
0 0.451375 0.6788333333333333 0.02825 0.057 
0 0.483375 0.6955 0.01875 0.03233333333333333 
0 0.479875 0.7201666666666666 0.0435 0.029666666666666668 
0 0.471375 0.7301666666666666 0.0155 0.06633333333333333 
0 0.7260825 0.38366333333333336 0.014292500000000019 0.04317 
0 0.773375 0.3938333333333333 0.014 0.043333333333333335 
0 0.044332500000000004 0.39816666666666667 0.032792499999999995 0.04631000000000002 
0 0.633875 0.3985 0.017 0.042 
0 0.816125 0.40016 0.02708249999999998 0.05067333333333333 
0 0.255125 0.4045 0.017792500000000017 0.02748666666666668 
0 0.217625 0.4048333333333333 0.01275 0.029666666666666668 
0 0.7649575 0.40315666666666666 0.017667500000000017 0.04200999999999999 
0 0.805125 0.4098333333333333 0.016957499999999983 0.03266666666666666 
0 0.800125 0.4181666666666667 0.016207499999999982 0.03966666666666667 
0 0.219625 0.40962 0.02475 0.0355466666666667 
0 0.204625 0.4395 0.019 0.036333333333333336 
0 0.527625 0.4111666666666667 0.019 0.03666666666666667 
0 0.470625 0.4125 0.01325 0.044 
0 0.483875 0.4215 0.01625 0.042333333333333334 
0 0.481875 0.4555 0.03525 0.03266666666666666 
0 0.369625 0.4155 0.0105 0.022333333333333334 
0 0.688125 0.4225 0.026 0.029976666666666686 
0 0.643625 0.4279966666666667 0.013832499999999982 0.04050333333333333 
0 0.784125 0.43448333333333333 0.026 0.034683333333333316 
0 0.105125 0.4461466666666667 0.019 0.04968666666666665 
0 0.092125 0.4569766666666667 0.01875 0.05118999999999998 
0 0.066875 0.4538333333333333 0.0265 0.03322666666666669 
0 0.378375 0.45516666666666666 0.0225 0.058333333333333334 
0 0.061125 0.4667366666666667 0.022042500000000003 0.025096666666666656 
0 0.078875 0.4814 0.014167500000000005 0.019330000000000003 
0 0.052875 0.48273333333333335 0.029667500000000003 0.034156666666666675 
0 0.401125 0.4891666666666667 0.0245 0.051 
0 0.385625 0.4915 0.02875 0.048 
0 0.381375 0.5151666666666667 0.037875 0.04733333333333333 
0 0.419875 0.5241666666666667 0.0155 0.047 
0 0.389625 0.5505 0.02025 0.041 
0 0.402625 0.5511666666666667 0.01675 0.04933333333333333 
0 0.383375 0.5745 0.0145 0.03966666666666667 
0 0.395125 0.5838333333333333 0.00775 0.019 
0 0.09048 0.49498000000000003 0.020125 0.03840666666666668 
0 0.072125 0.49983333333333335 0.02475 0.03 
0 0.075125 0.5245 0.01525 0.012 
0 0.044270000000000004 0.51614 0.033062499999999995 0.042073333333333345 
0 0.086875 0.5268866666666667 0.022769999999999995 0.01899666666666667 
0 0.063125 0.5371666666666667 0.02475 0.037 
0 0.659625 0.5031666666666667 0.0285 0.023333333333333334 
0 0.231125 0.5062333333333333 0.0131875 0.020933333333333318 
0 0.636875 0.5125 0.03575 0.02266666666666667 
0 0.617125 0.5175 0.03125 0.028666666666666667 
0 0.622375 0.5385 0.03575 0.042666666666666665 
0 0.643875 0.5275 0.02825 0.025333333333333333 
0 0.557375 0.5401666666666667 0.0085 0.027 
0 0.081145 0.5441566666666666 0.03298 0.025343333333333325 
0 0.070875 0.5568333333333333 0.033 0.029 
0 0.093375 0.5645 0.017125 0.013 
0 0.648625 0.5455 0.0275 0.04933333333333333 
0 0.623125 0.5588333333333333 0.03225 0.04466666666666667 
0 0.622125 0.5781666666666667 0.02925 0.035333333333333335 
0 0.0526875 0.5610466666666667 0.0196875 0.04078666666666663 
0 0.538875 0.5688333333333333 0.02925 0.042666666666666665 
0 0.553875 0.5878333333333333 0.022 0.055 
0 0.537625 0.6111666666666666 0.04279250000000002 0.054 
0 0.070625 0.5761666666666667 0.029 0.027666666666666666 
0 0.497875 0.6058333333333333 0.021 0.042666666666666665 
0 0.497125 0.6328333333333334 0.022 0.041666666666666664 
0 0.348125 0.6101666666666666 0.022 0.023666666666666666 
0 0.316625 0.6165 0.01725 0.05433333333333333 
0 0.308875 0.6595 0.01975 0.053 
0 0.325375 0.6631666666666667 0.0175 0.05633333333333333 
0 0.297375 0.6685 0.01575 0.06 
0 0.280125 0.6748333333333333 0.0185 0.058 
0 0.337375 0.7284666666666667 0.02025 0.05236666666666664 
0 0.317375 0.7648333333333334 0.02625 0.05566666666666667 
0 0.324875 0.7815 0.0305 0.049 
0 0.338625 0.6315 0.021 0.055 
0 0.535875 0.6491666666666667 0.03025 0.03833333333333333 
0 0.533625 0.6691666666666667 0.03025 0.04766666666666667 
0 0.087375 0.6508333333333334 0.04575 0.03833333333333333 
0 0.070875 0.6556866666666666 0.030875 0.055870000000000045 
0 0.088375 0.6858333333333333 0.02475 0.018 
0 0.077625 0.6975 0.02475 0.024666666666666667 
0 0.076625 0.7041666666666667 0.03675 0.043 
0 0.385125 0.6528333333333334 0.01975 0.04633333333333333 
0 0.403875 0.6701666666666667 0.03 0.043 
0 0.383875 0.6811666666666667 0.02725 0.059333333333333335 
0 0.410125 0.7011666666666667 0.03125 0.044 
0 0.435625 0.7018333333333333 0.02775 0.035666666666666666 
0 0.38329250000000004 0.7175 0.02933249999999998 0.04533333333333334 
0 0.440125 0.7255 0.018 0.063 
0 0.456375 0.7331666666666666 0.01675 0.052333333333333336 
0 0.408375 0.7746200000000001 0.03575 0.05821333333333329 
0 0.505625 0.6748333333333333 0.03225 0.03 
0 0.507875 0.6885 0.028 0.051666666666666666 
0 0.256625 0.6971666666666667 0.0265 0.03333333333333333 
0 0.524875 0.7031666666666667 0.03075 0.039 
0 0.131125 0.7108333333333333 0.0285 0.050666666666666665 
0 0.093125 0.7138333333333333 0.02725 0.04033333333333333 
0 0.106125 0.7148333333333333 0.03125 0.05 
0 0.351125 0.7215 0.02875 0.10666666666666667 
0 0.372375 0.7608333333333334 0.02475 0.06433333333333334 
0 0.208375 0.7228333333333333 0.0165 0.056666666666666664 
0 0.279625 0.7231666666666666 0.01875 0.062 
0 0.293875 0.7295 0.02225 0.091 
0 0.306875 0.7671666666666667 0.01625 0.03833333333333333 
0 0.267375 0.7821666666666667 0.03025 0.06133333333333333 
0 0.251625 0.7825066666666667 0.026 0.03432666666666667 
0 0.260625 0.7235 0.0225 0.06333333333333334 
0 0.366125 0.7259666666666666 0.0195 0.06919999999999997 
0 0.486875 0.7358333333333333 0.03025 0.057666666666666665 
0 0.425125 0.7371666666666666 0.024 0.06566666666666666 
0 0.484875 0.7478333333333333 0.0175 0.050333333333333334 
0 0.211625 0.7568466666666667 0.0285 0.03732000000000001 
0 0.116375 0.7611666666666667 0.0375 0.029666666666666668 
0 0.244375 0.7671666666666667 0.02275 0.029333333333333333 
0 0.27625 0.8201666666666667 0.038375 0.03933333333333333 
0 0.326375 0.8501666666666666 0.0405 0.043 
0 0.0757925 0.39449333333333336 0.0235 0.041823333333333344 
0 0.0847925 0.38966333333333336 0.026 0.016826666666666674 
0 0.11779250000000001 0.376 0.022499999999999985 0.04365333333333334 
0 0.0977925 0.41299 0.029 0.044653333333333343 
0 0.08704250000000001 0.42332000000000003 0.01875 0.041490000000000006 
0 0.09073 0.6030666666666666 0.019 0.05032000000000001 
0 0.09360500000000001 0.5879033333333333 0.034125 0.02799333333333334 
0 0.15872999999999998 0.5660733333333333 0.0260625 0.03632333333333334 
0 0.127355 0.5878166666666667 0.031374999999999986 0.053653333333333345 
0 0.1754375 0.5910366666666667 0.025125 0.04798666666666668 
0 0.1620625 0.59537 0.019 0.047903333333333346 
0 0.1299375 0.6002 0.036625 0.05357000000000001 
0 0.1108325 0.6580933333333333 0.030500000000000013 0.05631666666666668 
0 0.11708249999999999 0.66659 0.033125000000000016 0.05232000000000001 
0 0.1996675 0.63821 0.0205 0.05198333333333327 
0 0.21141749999999998 0.64754 0.035875 0.04848666666666668 
0 0.21441749999999998 0.6552033333333332 0.034625 0.07214666666666676 
0 0.19989500000000002 0.7019333333333334 0.01725 0.029573333333333267 
0 0.24395750000000002 0.6596866666666666 0.03856249999999997 0.02474333333333334 
0 0.24277 0.64644 0.04293749999999997 0.02399333333333334 
0 0.2460425 0.55655 0.018500000000000027 0.040489999999999936 
0 0.2540425 0.50473 0.02187500000000003 0.05965333333333334 
0 0.27541750000000004 0.5273933333333334 0.041 0.0646466666666666 
0 0.26991750000000003 0.47990333333333335 0.025 0.054153333333333345 
0 0.2485425 0.4150333333333333 0.019125000000000027 0.05032000000000001 
0 0.2639175 0.4105333333333333 0.02125 0.053986666666666676 
0 0.29666750000000003 0.40186999999999995 0.023 0.045986666666666676 
0 0.2876675 0.4411933333333333 0.0195 0.05398333333333335 
0 0.3159175 0.49773333333333336 0.02175 0.040156666666666674 
0 0.39425 0.3741 0.022625 0.03899000000000001 
0 0.39525 0.40859 0.01975 0.027826666666666673 
0 0.38925 0.4202533333333333 0.0225 0.03282333333333334 
0 0.443625 0.4006466666666667 0.032875 0.04599000000000001 
0 0.448375 0.4396366666666667 0.019875 0.04918666666666665 
0 0.48552 0.36155000000000004 0.0154375 0.0431566666666666 
0 0.49051999999999996 0.35497 0.0340625 0.03599000000000001 
0 0.4994575 0.42377 0.019875 0.04773666666666668 
0 0.5089575 0.43701999999999996 0.0218125 0.05440000000000002 
0 0.3910425 0.6051366666666667 0.040875 0.03165666666666667 
0 0.4166675 0.5678133333333334 0.020125 0.04829333333333329 
0 0.4012925 0.6121333333333334 0.045 0.04815333333333327 
0 0.4575425 0.5771433333333333 0.031875 0.05132000000000001 
0 0.47454250000000003 0.5789766666666667 0.03175 0.03732333333333334 
0 0.458625 0.5369866666666667 0.0225 0.041823333333333344 
0 0.5169575 0.6181333333333333 0.03925 0.042319999999999934 
0 0.5140825 0.6332966666666667 0.023125 0.05615000000000001 
0 0.5117075 0.5083633333333333 0.02875 0.07164666666666668 
0 0.5257075 0.48969999999999997 0.02125 0.03282666666666667 
0 0.5317075 0.44288000000000005 0.025625 0.05281666666666661 
0 0.5473325 0.4777033333333333 0.024875 0.03815666666666668 
0 0.5400825 0.48619999999999997 0.027875 0.03882333333333334 
0 0.5400425 0.5185866666666666 0.019 0.05548333333333335 
0 0.5726675 0.53808 0.03525 0.03965666666666667 
0 0.5902925 0.5645733333333334 0.024875 0.03549000000000001 
0 0.6069175 0.5424133333333333 0.018625 0.06165000000000002 
0 0.5907925 0.5857333333333333 0.019 0.055653333333333346 
0 0.30766750000000004 0.7059166666666666 0.02275 0.07314666666666668 
0 0.3225425 0.7162466666666666 0.022 0.0656500000000001 
0 0.4079575 0.7151233333333333 0.0195 0.06631666666666676 
0 0.3962075 0.7564466666666667 0.01675 0.04148666666666668 
0 0.3800825 0.7896033333333333 0.02425 0.05815000000000009 
0 0.40345749999999997 0.7924366666666667 0.024 0.05048666666666668 
0 0.5897925 0.46875666666666665 0.02925 0.04865333333333335 
0 0.5880425 0.43909666666666664 0.022125 0.03665666666666668 
0 0.579625 0.3731133333333333 0.024 0.03765666666666668 
0 0.601125 0.36711666666666665 0.03125 0.05015333333333335 
0 0.61525 0.39160999999999996 0.031875 0.06998000000000001 
0 0.7337075 0.369 0.020625 0.052653333333333344 
0 0.7128325 0.4519766666666667 0.03225 0.04049000000000001 
0 0.7260825 0.4411466666666667 0.04525 0.02932666666666667 
0 0.7199575 0.46814 0.0485 0.034823333333333345 
0 0.857125 0.35400333333333334 0.026875 0.03615666666666668 
0 0.86975 0.38882666666666665 0.020875 0.04649000000000001 
0 0.6629575 0.45322 0.020875 0.04865333333333327 
0 0.6780825 0.46921333333333337 0.0225 0.027326666666666596 
0 0.44983249999999997 0.30785 0.027625 0.04482333333333334 
