0 0.6465 0.12333333333333334 0.03025 0.021666666666666667 
0 0.87175 0.279 0.0255 0.05 
0 0.91625 0.10766666666666666 0.02625 0.03933333333333333 
0 0.37975 0.18 0.02625 0.024666666666666667 
0 0.55875 0.06766666666666667 0.023 0.041666666666666664 
0 0.32625 0.5026666666666667 0.03 0.026 
0 0.50875 0.18166666666666667 0.025 0.03133333333333333 
0 0.31075 0.2816666666666667 0.02875 0.035333333333333335 
0 0.474 0.124 0.03275 0.03933333333333333 
0 0.42725 0.21033333333333334 0.022 0.04133333333333333 
0 0.5395 0.2753333333333333 0.023 0.049666666666666665 
0 0.81125 0.167 0.0245 0.034 
0 0.6165 0.11966666666666667 0.02875 0.041666666666666664 
0 0.461 0.233 0.01875 0.04466666666666667 
0 0.383 0.205 0.02075 0.04466666666666667 
0 0.73725 0.137 0.02075 0.035333333333333335 
0 0.897 0.146 0.01275 0.035 
0 0.90825 0.17333333333333334 0.0265 0.04766666666666667 
0 0.18225 0.229 0.02125 0.056 
0 0.785 0.19566666666666666 0.02675 0.03833333333333333 
0 0.1765 0.30733333333333335 0.034 0.04 
0 0.27725 0.2793333333333333 0.025 0.03 
0 0.07275 0.24866666666666667 0.0255 0.056 
0 0.54675 0.39666666666666667 0.0325 0.031 
0 0.7605 0.097 0.025 0.025 
0 0.2855 0.3416666666666667 0.02375 0.06733333333333333 
0 0.22825 0.24366666666666667 0.02575 0.056666666666666664 
0 0.69375 0.39666666666666667 0.0285 0.050666666666666665 
0 0.479 0.20066666666666666 0.0265 0.04566666666666667 
0 0.008 0.244 0.01825 0.051 
0 0.5275 0.24133333333333334 0.021 0.044 
0 0.7755 0.14633333333333334 0.0205 0.027 
0 0.076 0.36533333333333334 0.038 0.041666666666666664 
0 0.7125 0.7496666666666667 0.02375 0.06766666666666667 
0 0.8515 0.49233333333333335 0.028 0.03966666666666667 
0 0.70675 0.10866666666666666 0.01725 0.03 
0 0.309 0.554 0.0305 0.027333333333333334 
0 0.11625 0.157 0.03925 0.04466666666666667 
0 0.3275 0.42333333333333334 0.0295 0.049666666666666665 
0 0.7535 0.21933333333333332 0.0225 0.050333333333333334 
0 0.38925 0.151 0.02775 0.027666666666666666 
0 0.296 0.65264 0.047375 0.03269333333333331 
0 0.908 0.15066666666666667 0.0305 0.028333333333333332 
0 0.9425 0.5233333333333333 0.0275 0.04566666666666667 
0 0.2395 0.2876666666666667 0.035 0.041 
0 0.5105 0.146 0.02475 0.033666666666666664 
0 0.5335 0.718 0.0315 0.03933333333333333 
0 0.38225 0.392 0.0295 0.03966666666666667 
0 0.65 0.13566666666666666 0.02375 0.05333333333333334 
0 0.51975 0.2906666666666667 0.02375 0.053 
0 0.5485 0.33566666666666667 0.03 0.04466666666666667 
0 0.218 0.30033333333333334 0.02325 0.04766666666666667 
0 0.653 0.8396666666666667 0.0225 0.04666666666666667 
0 0.325 0.7133333333333334 0.026 0.03866666666666667 
0 0.25075 0.25333333333333335 0.01675 0.035333333333333335 
0 0.85225 0.1 0.017 0.025 
0 0.071 0.21033333333333334 0.02425 0.039 
0 0.73875 0.19733333333333333 0.01525 0.026333333333333334 
0 0.7285 0.26266666666666666 0.024 0.049666666666666665 
0 0.4025 0.20633333333333334 0.01875 0.023666666666666666 
0 0.939 0.133 0.0235 0.041666666666666664 
0 0.474 0.3576666666666667 0.037 0.025333333333333333 
0 0.52975 0.15766666666666668 0.038 0.019333333333333334 
0 0.806 0.13433333333333333 0.0185 0.043 
0 0.64725 0.18233333333333332 0.02125 0.047 
0 0.90975 0.24033333333333334 0.024 0.055 
0 0.79325 0.147 0.02025 0.04666666666666667 
0 0.53175 0.17366666666666666 0.033 0.018666666666666668 
0 0.96 0.11666666666666667 0.02325 0.05266666666666667 
0 0.86775 0.09833333333333333 0.019 0.041666666666666664 
0 0.47775 0.16933333333333334 0.02175 0.03966666666666667 
0 0.05 0.231 0.021 0.05633333333333333 
0 0.09775 0.227 0.02225 0.04833333333333333 
0 0.32475 0.52 0.0365 0.03933333333333333 
0 0.896 0.25666666666666665 0.021 0.055 
0 0.86975 0.244 0.029 0.02266666666666667 
0 0.587 0.13233333333333333 0.027 0.019666666666666666 
0 0.52175 0.5173333333333333 0.0255 0.05266666666666667 
0 0.40475 0.457 0.028 0.058666666666666666 
0 0.86675 0.22166666666666668 0.03275 0.027666666666666666 
0 0.74975 0.167 0.0275 0.047 
0 0.7965 0.4156666666666667 0.027 0.030333333333333334 
0 0.788 0.095 0.0285 0.029 
0 0.5155 0.19666666666666666 0.02125 0.05566666666666667 
0 0.65975 0.21633333333333332 0.02125 0.056666666666666664 
0 0.7565 0.5293333333333333 0.02425 0.044 
0 0.49175 0.144 0.019 0.045 
0 0.45975 0.5036666666666667 0.0385 0.036333333333333336 
0 0.2495 0.37266666666666665 0.03275 0.034333333333333334 
0 0.64075 0.10333333333333333 0.023 0.025666666666666667 
0 0.601 0.12433333333333334 0.024 0.028 
0 0.805 0.5803333333333334 0.02175 0.03133333333333333 
0 0.29775 0.6023333333333334 0.032 0.030333333333333334 
0 0.366 0.6643333333333333 0.0335 0.03766666666666667 
0 0.5505 0.21833333333333332 0.0265 0.042 
0 0.709 0.127 0.02775 0.024333333333333332 
0 0.23775 0.5766666666666667 0.038 0.04133333333333333 
0 0.3635 0.515 0.031 0.028 
0 0.59975 0.15233333333333332 0.02225 0.05466666666666667 
0 0.84125 0.5816666666666667 0.034 0.034333333333333334 
0 0.69825 0.147 0.01925 0.03 
0 0.745 0.21733333333333332 0.01725 0.024333333333333332 
0 0.55 0.26066666666666666 0.0425 0.028333333333333332 
0 0.1515 0.5616666666666666 0.0325 0.05533333333333333 
0 0.33575 0.181 0.015 0.028333333333333332 
0 0.32825 0.6486666666666666 0.03775 0.051333333333333335 
0 0.83625 0.12333333333333334 0.02125 0.041 
0 0.48225 0.49366666666666664 0.024 0.034333333333333334 
0 0.4955 0.8736666666666667 0.02875 0.04566666666666667 
0 0.41475 0.185 0.0195 0.011666666666666667 
0 0.4105 0.15933333333333333 0.01525 0.028333333333333332 
0 0.76625 0.115 0.03075 0.02 
0 0.0215 0.23933333333333334 0.0295 0.05533333333333333 
0 0.88275 0.108 0.0135 0.035666666666666666 
0 0.43975 0.4096666666666667 0.0325 0.048 
0 0.437 0.7853333333333333 0.026 0.039 
0 0.817 0.10233333333333333 0.0225 0.025333333333333333 
0 0.83675 0.5263333333333333 0.02425 0.043 
0 0.671 0.135 0.015 0.03666666666666667 
0 0.93675 0.08033333333333334 0.0205 0.023 
0 0.586 0.144 0.0145 0.036 
0 0.62525 0.18833333333333332 0.022 0.041666666666666664 
0 0.4885 0.38066666666666665 0.03275 0.04 
0 0.26575 0.22866666666666666 0.02875 0.05633333333333333 
0 0.72875 0.16833333333333333 0.021 0.033666666666666664 
0 0.49875 0.453 0.0395 0.034 
0 0.134 0.25933333333333336 0.0235 0.038 
0 0.595625 0.49066666666666664 0.043625 0.036 
0 0.54775 0.30766666666666664 0.02975 0.033666666666666664 
0 0.96125 0.09866666666666667 0.03 0.028666666666666667 
0 0.70925 0.2793333333333333 0.027 0.05466666666666667 
0 0.42525 0.15533333333333332 0.01625 0.03266666666666666 
0 0.61825 0.16733333333333333 0.01975 0.03666666666666667 
0 0.26825 0.47433333333333333 0.0325 0.029666666666666668 
0 0.674 0.13966666666666666 0.02375 0.06566666666666666 
0 0.39475 0.191 0.0225 0.021333333333333333 
0 0.79575 0.5156666666666667 0.021 0.05433333333333333 
0 0.719 0.36233333333333334 0.02675 0.04466666666666667 
0 0.52775 0.7893333333333333 0.0245 0.06733333333333333 
0 0.33025 0.20866666666666667 0.01775 0.025666666666666667 
0 0.289 0.40066666666666667 0.0395 0.027333333333333334 
0 0.411 0.194 0.0325 0.025 
0 0.70025 0.31566666666666665 0.02675 0.05 
0 0.73925 0.11933333333333333 0.02625 0.022333333333333334 
0 -0.0008349999999999999 0.17088333333333333 0.02325 0.055320000000000015 
0 0.011415 0.16188666666666668 0.03 0.04898666666666666 
0 -0.000585 0.24353000000000002 0.0155 0.05598666666666664 
0 0.10791500000000001 0.23620000000000002 0.03349999999999999 0.06897999999999999 
0 0.144165 0.23153333333333334 0.02625 0.05398666666666664 
0 0.161165 0.22753333333333334 0.02325 0.06065333333333331 
0 0.20670750000000002 0.23393666666666665 0.03375 0.054320000000000014 
0 0.14241499999999999 0.34151333333333334 0.05925 0.042656666666666676 
0 0.19883250000000002 0.22977333333333336 0.019125 0.041153333333333306 
0 0.176165 0.2869233333333333 0.04875 0.025660000000000006 
0 0.174165 0.26993 0.03775 0.03282333333333334 
0 0.1972075 0.32919000000000004 0.05775 0.044323333333333305 
0 0.2344575 0.33452333333333334 0.033374999999999974 0.07197999999999997 
0 0.2548325 0.3225266666666667 0.03262499999999997 0.06964666666666665 
0 0.26154 0.30834999999999996 0.03675 0.046570000000000014 
0 0.293165 0.21480666666666665 0.02225 0.06681666666666668 
0 0.31054000000000004 0.21330999999999997 0.017375 0.03099000000000001 
0 0.30829 0.22813666666666665 0.0225 0.05298666666666668 
0 0.327415 0.21697333333333332 0.017875 0.04432333333333334 
0 0.29704 0.2902866666666667 0.02 0.04465666666666668 
0 0.31679 0.25712999999999997 0.04375 0.028826666666666674 
0 0.31954000000000005 0.27296 0.033 0.04415333333333334 
0 0.30504000000000003 0.3047933333333333 0.025875 0.05048666666666664 
0 0.3539575 0.18104666666666666 0.020497500000000002 0.03449000000000001 
0 0.3432075 0.20770666666666668 0.016625 0.03649000000000001 
0 0.3553325 0.21803666666666668 0.020872500000000002 0.054486666666666676 
0 0.37057999999999996 0.20154 0.018625 0.05248666666666668 
0 0.413205 0.21898 0.014625 0.044656666666666636 
0 0.44208 0.1921 0.022875 0.054486666666666676 
0 0.436205 0.14578 0.02775 0.05148333333333333 
0 0.452955 0.17643666666666666 0.02075 0.05198666666666668 
0 0.464955 0.18043666666666666 0.0255 0.05465000000000002 
0 0.49857999999999997 0.21109333333333333 0.02687500000000006 0.054153333333333345 
0 0.47182999999999997 0.24375333333333332 0.019375 0.03032333333333334 
0 0.48607999999999996 0.24475333333333332 0.016375 0.025326666666666674 
0 0.44170499999999996 0.24442 0.02025 0.05198666666666668 
0 0.3776225 0.23859 0.039125 0.06548333333333335 
0 0.4221225 0.24325666666666665 0.026625 0.06298333333333335 
0 0.4006225 0.26525 0.02575 0.05115333333333334 
0 0.3852475 0.27358333333333335 0.031875 0.05615000000000001 
0 0.3659975 0.24375666666666665 0.027875 0.06265000000000001 
0 0.3507475 0.27142333333333335 0.02125 0.05065333333333335 
0 0.3267475 0.3162466666666667 0.04075 0.03849000000000001 
0 0.36299750000000003 0.3045833333333333 0.029 0.05415000000000002 
0 0.3804975 0.32974333333333333 0.01475 0.03882333333333334 
0 0.31766500000000003 0.33674 0.034375 0.06098333333333335 
0 0.355165 0.3497366666666667 0.0435 0.03599000000000001 
0 0.344415 0.35057 0.02025 0.04832000000000001 
0 0.357165 0.3832266666666667 0.0285 0.036160000000000005 
0 0.30654000000000003 0.37273 0.038875 0.043323333333333346 
0 0.33266500000000004 0.39705666666666667 0.029375 0.05098666666666668 
0 0.400915 0.3059133333333333 0.02725 0.05715333333333335 
0 0.421665 0.2990833333333333 0.02275 0.04482000000000001 
0 0.39404 0.32874333333333333 0.015625 0.04315333333333334 
0 0.43929 0.30263666666666666 0.024372500000000002 0.038990000000000045 
0 0.44766500000000004 0.2876433333333333 0.0237475 0.039653333333333346 
0 0.397915 0.3456266666666667 0.04275 0.039989999999999935 
0 0.4829125 0.2633166666666667 0.047 0.04365333333333331 
0 0.4835375 0.30596999999999996 0.030875 0.05231999999999998 
0 0.4674125 0.28631 0.03275 0.05831666666666672 
0 0.46066250000000003 0.30996999999999997 0.026 0.061149999999999975 
0 0.433165 0.33946 0.02475 0.06881666666666664 
0 0.439415 0.36128999999999994 0.0327475 0.06465000000000001 
0 0.46266250000000003 0.37628666666666666 0.0445 0.05565000000000001 
0 0.3874975 0.3781733333333333 0.03625 0.01899666666666667 
0 0.3061225 0.43216 0.023875 0.05232000000000001 
0 0.22775 0.42341 0.0419975 0.06298333333333335 
0 0.2354975 0.40608333333333335 0.04975 0.033323333333333344 
0 0.2497475 0.43241 0.03425 0.04532000000000001 
0 0.2684975 0.41408 0.0375 0.045653333333333344 
0 0.2787475 0.4547366666666667 0.02725 0.023326666666666673 
0 0.25525 0.49169999999999997 0.047625 0.06698000000000001 
0 0.306915 0.46548333333333336 0.02525 0.046320000000000014 
0 0.35591500000000004 0.4094966666666667 0.03 0.054153333333333345 
0 0.3834975 0.4396 0.02175 0.04615666666666668 
0 0.4017475 0.40077666666666667 0.02625 0.04449000000000001 
0 0.4139975 0.3876133333333333 0.026875 0.06398333333333335 
0 0.4072475 0.3606233333333333 0.0335 0.05431666666666668 
0 0.4272475 0.42727 0.017875 0.03732333333333334 
0 0.36441500000000004 0.4458766666666667 0.02225 0.05948333333333327 
0 0.345415 0.4707033333333333 0.02825 0.04815333333333335 
0 0.324915 0.4463766666666667 0.023125 0.06398333333333327 
0 0.384915 0.4818666666666666 0.023625 0.05932000000000001 
0 0.42104 0.4941966666666666 0.029375 0.05598666666666668 
0 0.40404 0.5073599999999999 0.028875 0.05848666666666668 
0 0.46016500000000005 0.4163866666666667 0.03425 0.07114666666666661 
0 0.33804 0.5341333333333333 0.049375 0.03548999999999993 
0 0.26716500000000004 0.5178033333333334 0.028 0.05914999999999994 
0 0.29154 0.5068066666666667 0.02475 0.045653333333333344 
0 0.275165 0.5449633333333334 0.042125 0.06464999999999994 
0 0.3594975 0.5369633333333333 0.055 0.0431566666666666 
0 0.4069975 0.5348 0.058 0.0613166666666666 
0 0.42957999999999996 0.45382 0.022 0.045653333333333344 
0 0.44133 0.46348333333333336 0.025625 0.030826666666666672 
0 0.47533 0.46781666666666666 0.05850000000000006 0.03982333333333334 
0 0.4979975 0.5051433333333334 0.03674999999999994 0.06098333333333335 
0 0.46175 0.5328 0.025375 0.04232333333333327 
0 0.487625 0.5561833333333334 0.05362249999999995 0.04932000000000001 
0 0.472625 0.5765133333333333 0.05274749999999995 0.039820000000000015 
0 0.443375 0.5684600000000001 0.035625 0.026323333333333268 
0 0.45975 0.5827866666666667 0.0421225 0.054320000000000014 
0 0.38083249999999996 0.56024 0.052 0.039653333333333346 
0 0.42208249999999997 0.5908966666666667 0.042625 0.03266000000000001 
0 0.5334575 0.19344666666666668 0.019 0.049653333333333306 
0 0.5452075 0.19011333333333336 0.02325 0.05065333333333331 
0 0.5794575 0.16828666666666667 0.022 0.054653333333333345 
0 0.612165 0.2095533333333333 0.024375 0.06265000000000001 
0 0.6310399999999999 0.21055333333333331 0.024625 0.06265000000000001 
0 0.589665 0.24720999999999999 0.0245 0.054320000000000014 
0 0.5717925 0.21488666666666664 0.027247499999999945 0.058150000000000014 
0 0.61979 0.26692666666666665 0.028625 0.06331666666666669 
0 0.60054 0.26659333333333335 0.021625 0.06548333333333335 
0 0.5831649999999999 0.3012533333333333 0.03575 0.07398000000000002 
0 0.581915 0.33224333333333333 0.023375 0.06181666666666668 
0 0.5685425000000001 0.30042 0.018997499999999945 0.06231666666666668 
0 0.49929250000000003 0.34757333333333335 0.015875 0.01399666666666667 
0 0.5117925 0.32708 0.021375 0.041990000000000006 
0 0.5237925 0.34224333333333334 0.026875 0.05348333333333335 
0 0.5336675000000001 0.36623666666666665 0.033 0.03915666666666667 
0 0.5071675 0.35590666666666665 0.03275 0.06498000000000002 
0 0.5656675 0.36790333333333336 0.022125 0.05398333333333335 
0 0.49166750000000004 0.4317733333333333 0.045 0.023160000000000007 
0 0.54152 0.4043933333333333 0.032 0.09181666666666669 
0 0.510375 0.4134066666666667 0.029875 0.019493333333333338 
0 0.61925 0.3176833333333333 0.040872499999999944 0.07381666666666668 
0 0.6714574999999999 0.23037333333333335 0.034625 0.05915333333333334 
0 0.6438325 0.24203666666666668 0.018 0.042823333333333345 
0 0.6375824999999999 0.27253 0.024875 0.06881333333333331 
0 0.6533325 0.2790266666666667 0.027 0.06798333333333331 
0 0.6820825 0.24120333333333333 0.042747500000000056 0.06132000000000001 
0 0.6788325 0.29036 0.02975 0.062316666666666645 
0 0.6797475 0.18288666666666667 0.028375 0.054820000000000015 
0 0.7151225 0.15039666666666668 0.022625 0.03332333333333332 
0 0.7119975 0.1722233333333333 0.018625 0.03765666666666668 
0 0.6921225 0.17055666666666666 0.02025 0.025326666666666654 
0 0.7033725 0.19338333333333332 0.02325 0.05248666666666668 
0 0.7249975 0.20521333333333333 0.020875 0.055820000000000015 
0 0.594375 0.20121666666666665 0.021625 0.06265000000000001 
0 0.7583724999999999 0.15089666666666668 0.034375 0.05498333333333333 
0 0.7228724999999999 0.14189666666666667 0.02475 0.03548999999999999 
0 0.79683 0.21499000000000001 0.034625 0.05265333333333331 
0 0.759955 0.12767 0.03375 0.018330000000000003 
0 0.8139550000000001 0.12217333333333333 0.0245 0.04415333333333334 
0 0.8574550000000001 0.13267 0.0255 0.04798666666666668 
0 0.8717050000000001 0.1415 0.026875 0.054653333333333345 
0 0.8478300000000001 0.16499333333333335 0.027625 0.048156666666666674 
0 0.8328300000000001 0.16049666666666668 0.015625 0.02549333333333334 
0 0.8104125 0.18249 0.04125 0.03849000000000001 
0 0.8194125 0.20948333333333335 0.028125 0.05748333333333331 
0 0.8430375 0.20032000000000003 0.025875 0.05664999999999998 
0 0.7736225 0.22492333333333334 0.02725 0.058483333333333345 
0 0.7489975 0.2677466666666667 0.04975 0.04798666666666668 
0 0.7359975 0.28974 0.06775 0.041156666666666675 
0 0.8278724999999999 0.26408 0.02975 0.058483333333333345 
0 0.7963724999999999 0.26641333333333334 0.016 0.05381666666666668 
0 0.8089974999999999 0.25708000000000003 0.025625 0.06615000000000001 
0 0.8383725 0.2544166666666667 0.053625 0.03699000000000001 
0 0.8505375000000001 0.28618333333333335 0.025625 0.06681666666666668 
0 0.8742875 0.32350999999999996 0.025 0.07331333333333336 
0 0.8872074999999999 0.30884666666666666 0.03008000000000004 0.059650000000000016 
0 0.7370800000000001 0.31523333333333337 0.06275 0.040156666666666674 
0 0.7278300000000001 0.33373 0.022 0.03815666666666668 
0 0.75858 0.34856000000000004 0.028375 0.07081333333333327 
0 0.775455 0.3437266666666667 0.031875 0.07664666666666661 
0 0.8192474999999999 0.3175133333333333 0.0345 0.022993333333333338 
0 0.7986224999999999 0.32950999999999997 0.044 0.03232333333333334 
0 0.8256224999999999 0.3395066666666667 0.032625 0.05148666666666668 
0 0.7937474999999999 0.3478366666666667 0.03725 0.03632333333333334 
0 0.8031225 0.3713433333333333 0.0245 0.04998666666666668 
0 0.7343725 0.35468 0.03275 0.08098000000000002 
0 0.8261225 0.3786733333333333 0.029625 0.041990000000000006 
0 0.8351225 0.3950033333333333 0.053625 0.03699000000000001 
0 0.8538724999999999 0.35301333333333335 0.0155 0.04032333333333334 
0 0.8633725 0.37700666666666666 0.01925 0.022660000000000007 
0 0.6091224999999999 0.33601333333333333 0.03575 0.08031333333333335 
0 0.6079975 0.386 0.026 0.07264666666666668 
0 0.6569974999999999 0.33901333333333333 0.02325 0.06481666666666668 
0 0.6734975 0.34384333333333333 0.02725 0.07265000000000002 
0 0.6904975 0.34767666666666663 0.02775 0.059650000000000016 
0 0.6317474999999999 0.39699666666666666 0.042625 0.06265000000000001 
0 0.6462475 0.4104933333333333 0.04175 0.06748333333333335 
0 0.5852474999999999 0.37350333333333335 0.031125 0.06881333333333335 
0 0.7376625 0.4078833333333334 0.0555 0.043986666666666605 
0 0.81733 0.4335433333333334 0.04075 0.026493333333333265 
0 0.79908 0.4577033333333333 0.056875 0.03232333333333334 
0 0.8510800000000001 0.43954 0.05324749999999995 0.041990000000000006 
0 0.78083 0.4448733333333333 0.0225 0.07264666666666668 
0 0.7384550000000001 0.4602033333333333 0.045375 0.053153333333333344 
0 0.688665 0.4375433333333334 0.04137250000000006 0.06314999999999994 
0 0.66479 0.4388733333333333 0.025125 0.06648333333333335 
0 0.580665 0.43509666666666663 0.027625 0.03765666666666668 
0 0.6084149999999999 0.45742666666666665 0.06825 0.05032000000000001 
0 0.632915 0.4777533333333333 0.045 0.05132000000000001 
0 0.685415 0.4620933333333333 0.03574750000000006 0.08931000000000001 
0 0.676665 0.5054133333333334 0.04412250000000006 0.05732000000000001 
0 0.7194125 0.5277433333333333 0.0415 0.05748333333333335 
0 0.690915 0.5542333333333334 0.06687250000000006 0.04349000000000001 
0 0.7201625 0.5024166666666666 0.03475 0.03715666666666668 
0 0.7648725 0.4931966666666666 0.024 0.060650000000000016 
0 0.7406225 0.5416833333333333 0.03325 0.04965333333333335 
0 0.7727474999999999 0.5243533333333333 0.028872500000000058 0.07048333333333334 
0 0.7461224999999999 0.5120233333333333 0.017875 0.03199333333333334 
0 0.816995 0.4797533333333333 0.02325 0.05248666666666668 
0 0.809495 0.5047466666666667 0.029625 0.07898000000000002 
0 0.5520825 0.5085233333333333 0.031 0.08464666666666669 
0 0.5779974999999999 0.4384866666666667 0.038625 0.07215000000000002 
0 0.5774975 0.5108033333333334 0.023625 0.0671466666666666 
0 0.5947475 0.5138 0.028 0.027660000000000007 
0 0.6112474999999999 0.52563 0.067875 0.03565999999999993 
0 0.6001224999999999 0.5441266666666668 0.06625 0.04931999999999993 
0 0.6457474999999999 0.5382933333333334 0.0475 0.03615999999999993 
0 0.504125 0.5939466666666666 0.056747499999999944 0.06731666666666668 
0 0.5581225 0.5747833333333333 0.046875 0.05098666666666668 
0 0.5867899999999999 0.60061 0.0485 0.05632000000000001 
0 0.577915 0.6249399999999999 0.051 0.06298333333333335 
0 0.6210399999999999 0.5861166666666666 0.03275 0.09447333333333335 
0 0.6376649999999999 0.5942799999999999 0.03825 0.1006400000000001 
0 0.6645399999999999 0.55429 0.031375 0.059650000000000016 
0 0.6921649999999999 0.58778 0.06024750000000006 0.042156666666666676 
0 0.7417474999999999 0.59517 0.04375 0.038986666666666676 
0 0.5493724999999999 0.6414333333333333 0.070625 0.06281666666666669 
0 0.5313724999999999 0.6256033333333333 0.026375 0.049823333333333344 
0 0.5206225 0.65793 0.03575 0.07198000000000002 
0 0.5443724999999999 0.6740933333333333 0.034375 0.06681333333333328 
0 0.5777475 0.6969200000000001 0.043875 0.04581999999999986 
0 0.6159975 0.67859 0.0755 0.05332000000000001 
0 0.5413300000000001 0.5106633333333334 0.01425 0.04998666666666668 
0 0.337375 0.5664933333333333 0.0505 0.040656666666666674 
0 0.306875 0.5821566666666667 0.0485 0.03865666666666667 
0 0.326375 0.6038166666666667 0.054 0.03999000000000001 
0 0.383125 0.58999 0.039747500000000005 0.033656666666666675 
0 0.38325 0.6043166666666667 0.0528725 0.036826666666666674 
0 0.3345 0.6104833333333334 0.051375 0.053820000000000014 
0 0.3665 0.63631 0.054747500000000004 0.03782333333333334 
0 0.4258725 0.6186466666666667 0.040875 0.03166000000000001 
0 0.4201225 0.6384766666666667 0.04125 0.03649000000000001 
0 0.4027475 0.6629700000000001 0.040375 0.03665666666666668 
0 0.4617475 0.6118166666666667 0.026125 0.041823333333333344 
0 0.439915 0.6533066666666667 0.035875 0.03698999999999993 
0 0.47329000000000004 0.6523066666666667 0.05049999999999994 0.04365333333333334 
0 0.3698725 0.69298 0.059375 0.05098666666666668 
0 0.4278725 0.7029766666666666 0.030625 0.03266000000000001 
0 0.4539975 0.68948 0.0255 0.07081666666666661 
0 0.4621225 0.6804833333333333 0.036125 0.03832333333333334 
0 0.4149975 0.7318033333333333 0.0465 0.04348666666666668 
0 0.341 0.7296366666666666 0.061622500000000004 0.044323333333333416 
0 0.28375 0.6824833333333333 0.05175 0.03932333333333334 
0 0.29175 0.7074766666666666 0.051375 0.03932333333333342 
0 0.339 0.6896466666666666 0.0511225 0.04832000000000001 
0 0.34525 0.7483000000000001 0.0367475 0.07164666666666668 
0 0.297 0.7414666666666667 0.045 0.04082333333333327 
0 0.312 0.76113 0.0415 0.07114666666666669 
0 0.3689975 0.7579633333333333 0.048 0.04448666666666668 
0 0.3692475 0.7839566666666666 0.03075 0.04915333333333335 
0 0.4019975 0.7696266666666667 0.030375 0.06548333333333327 
0 0.3916225 0.7271366666666667 0.04975 0.04615666666666675 
0 0.3635 0.82128 0.0502475 0.05132000000000001 
0 0.291165 0.8128366666666668 0.063 0.09197666666666661 
0 0.42379 0.7910100000000001 0.027375 0.0653166666666666 
0 0.41041500000000003 0.8226666666666667 0.027125 0.07498000000000002 
0 0.481705 0.7158066666666667 0.031875000000000056 0.05848666666666668 
0 0.49357999999999996 0.7036433333333333 0.045000000000000054 0.08614333333333343 
0 0.500955 0.6876466666666667 0.04087500000000006 0.05665333333333335 
0 0.432165 0.75291 0.06225 0.039653333333333346 
0 0.46104 0.7754033333333333 0.05774999999999994 0.03398999999999993 
0 0.45254 0.80145 0.04175 0.030993333333333338 
0 0.49341500000000005 0.7879566666666666 0.03624999999999994 0.061483333333333424 
0 0.468665 0.8149466666666667 0.037125 0.06648333333333327 
0 0.436165 0.8264433333333333 0.02525 0.07798000000000002 
0 0.45429 0.8299433333333333 0.025625 0.0858100000000001 
0 0.47979 0.8372766666666667 0.04512499999999994 0.07248000000000002 
0 0.72058 0.44862666666666673 0.0475 0.04265333333333327 
0 0.76058 0.42863 0.03775 0.03432333333333327 
0 0.6673724999999999 0.6105833333333334 0.060625 0.04415333333333334 
0 0.6559974999999999 0.6372433333333334 0.06125 0.046653333333333345 
0 0.6517474999999999 0.6690666666666667 0.042 0.04915333333333327 
0 0.7127475 0.63291 0.030375 0.08230999999999994 
0 0.7124974999999999 0.7063900000000001 0.03224750000000006 0.06648333333333327 
0 0.6899125 0.6818000000000001 0.02625 0.08580999999999994 
0 0.564665 0.72962 0.06075 0.05748666666666668 
0 0.6184149999999999 0.7054600000000001 0.03225 0.07864666666666668 
0 0.63679 0.7167899999999999 0.03362250000000006 0.07998000000000002 
0 0.6764125 0.7307866666666667 0.0375 0.08381333333333335 
0 0.6565375 0.7443066666666667 0.03 0.09130666666666669 
0 0.5924149999999999 0.7827966666666666 0.056125 0.0636500000000001 
0 0.5495399999999999 0.7799633333333333 0.044875 0.04698666666666668 
0 0.5821649999999999 0.8011233333333333 0.035875 0.07348000000000002 
0 0.5159975 0.8487233333333334 0.01925 0.0386566666666666 
0 0.5186225 0.82623 0.040875 0.08097666666666661 
0 0.5497475 0.8187300000000001 0.04225 0.08647666666666662 
0 0.45716500000000004 0.9090966666666667 0.07337499999999994 0.04415333333333334 
0 0.468915 0.94342 0.04175 0.056316666666666605 
0 0.638745 0.8323299999999999 0.018 0.05032000000000001 
0 0.75091 0.6159433333333333 0.02675 0.08131333333333335 
0 0.7301599999999999 0.6286066666666666 0.036 0.07864666666666677 
0 0.77716 0.6006133333333333 0.0305 0.06331666666666669 
0 0.8659924999999999 0.5001966666666666 0.0615 0.08264333333333336 
0 0.8172425 0.5655133333333333 0.02725 0.06265000000000001 
0 0.8497425 0.58151 0.06625 0.05465000000000002 
0 0.8414925 0.5391866666666667 0.04 0.05698333333333335 
0 0.7959925 0.6075 0.05625 0.04665666666666667 
0 0.9009925 0.45421000000000006 0.0595 0.044986666666666605 
0 0.9313250000000001 0.16406333333333334 0.0315 0.05998333333333333 
0 0.9543250000000001 0.16773 0.0305 0.05898333333333333 
0 0.8948250000000001 0.18272333333333332 0.025 0.04532333333333334 
0 0.871325 0.19205666666666665 0.039 0.045986666666666676 
0 0.925575 0.21270666666666666 0.0235 0.07064666666666665 
0 0.8959974999999999 0.11325666666666666 0.04337250000000006 0.05132000000000001 
0 0.9074975 0.08659666666666667 0.05087250000000006 0.03665666666666666 
0 0.925245 0.07476666666666668 0.043625 0.02399333333333332 
0 0.9784550000000001 0.12847666666666666 0.014875 0.03498999999999999 
0 0.974205 0.16313333333333332 0.026125 0.05132000000000001 
0 0.9654550000000001 0.16113333333333332 0.035125 0.024660000000000005 
0 0.9838300000000001 0.08482 0.015875 0.03149333333333333 
0 0.977705 0.21112 0.02025 0.05665333333333335 
0 0.943955 0.21912 0.027875 0.07064666666666665 
0 0.9628300000000001 0.22945000000000002 0.0215 0.059649999999999974 
0 0.9139550000000001 0.27576999999999996 0.054625 0.04698666666666668 
0 0.9728300000000001 0.26727333333333336 0.026875 0.04431999999999998 
0 0.9099550000000001 0.30587333333333333 0.058375 0.043823333333333304 
0 0.95208 0.32520333333333334 0.047125 0.06797999999999998 
0 0.9674550000000001 0.30537333333333333 0.030625 0.023160000000000007 
0 0.97358 0.31670333333333334 0.026625 0.03748999999999997 
0 0.899455 0.34369666666666665 0.05325 0.03582333333333334 
0 0.8869975 0.37741 0.05674750000000006 0.034323333333333345 
0 0.937995 0.3772433333333333 0.02325 0.020660000000000005 
0 0.947495 0.36608 0.053 0.05182000000000001 
0 0.92712 0.3880733333333333 0.034875 0.03782333333333334 
0 0.952995 0.39807000000000003 0.0475 0.03466 
0 0.8793724999999999 0.4047366666666667 0.04837250000000006 0.045986666666666676 
0 0.931245 0.42773 0.06675 0.04532333333333334 
0 0.935245 0.4120666666666667 0.0645 0.04099000000000001 
0 0.970745 0.46522 0.02875 0.03282666666666667 
0 0.95487 0.46822 0.043875 0.06098333333333327 
0 0.8660800000000001 0.40918 0.04525 0.03299000000000001 
0 0.8370375 0.46933 0.048625 0.03615666666666668 
0 0.8772875 0.4430033333333333 0.054375 0.06731666666666668 
0 0.8991625 0.49382333333333334 0.060375 0.03399333333333334 
0 0.94608 0.48827 0.053625 0.07331333333333336 
0 0.96408 0.53909 0.037 0.05082000000000001 
0 0.90408 0.5253166666666667 0.05425 0.06465000000000001 
0 0.872955 0.57147 0.027 0.02849333333333334 
0 0.9113300000000001 0.5773033333333334 0.02425 0.08130999999999995 
0 0.93033 0.5833566666666666 0.024125 0.06948000000000001 
0 0.950955 0.5830233333333333 0.039125 0.07531333333333336 
0 0.97233 0.5813566666666666 0.026875 0.03282333333333334 
0 0.98258 0.6135133333333334 0.016375 0.03466 
0 0.975245 0.64062 0.02425 0.059150000000000015 
0 0.95037 0.6394533333333333 0.0315 0.09430666666666676 
0 0.965495 0.6857733333333333 0.03475 0.08397666666666662 
0 0.926245 0.6507833333333333 0.04325 0.09897333333333336 
0 0.8987474999999999 0.6517833333333333 0.04362250000000006 0.1003066666666667 
0 0.8394550000000001 0.6339533333333333 0.0665 0.03182666666666667 
0 0.85658 0.6601133333333333 0.05875 0.05615333333333342 
0 0.86433 0.6887733333333333 0.057875 0.056983333333333275 
0 0.818955 0.6536166666666666 0.06075 0.06015000000000009 
0 0.77108 0.6511166666666667 0.053375 0.05298666666666668 
0 0.7983300000000001 0.6694433333333333 0.05325 0.06398333333333342 
0 0.755165 0.6952166666666667 0.04675 0.047653333333333346 
0 0.73354 0.7247066666666666 0.050625 0.06431666666666676 
0 0.78154 0.6997133333333333 0.039 0.07498000000000002 
0 0.736665 0.7403700000000001 0.05975 0.07098000000000002 
0 0.816415 0.7125433333333334 0.05299750000000006 0.038489999999999934 
0 0.8689125 0.7168766666666667 0.0385 0.07714666666666668 
0 0.8459125000000001 0.7353700000000001 0.043625 0.09247666666666661 
0 0.817915 0.7407033333333334 0.04887250000000006 0.09697333333333336 
0 0.779165 0.7696933333333333 0.05699750000000006 0.06765000000000009 
0 0.734915 0.8155733333333333 0.06025 0.04198666666666668 
0 0.7935399999999999 0.7950766666666667 0.04337250000000006 0.06348333333333327 
0 0.9029974999999999 0.7417566666666666 0.06624750000000006 0.05082000000000001 
0 0.950745 0.7685833333333333 0.04875 0.05932000000000001 
0 0.8909925 0.79782 0.067 0.05198666666666668 
0 0.8297424999999999 0.8311433333333332 0.0785 0.07064666666666669 
0 0.10832750000000001 0.3566233333333333 0.031499999999999986 0.06598333333333335 
0 0.164825 0.43593666666666664 0.0505 0.03599000000000001 
0 0.196825 0.5465733333333334 0.029 0.060650000000000016 
0 0.217825 0.6625433333333334 0.043 0.055316666666666604 
0 0.20282499999999998 0.7451866666666667 0.071 0.06531666666666676 
0 0.3793725 0.14594 0.027375 0.02998999999999999 
0 0.333995 0.04623666666666667 0.021 0.028659999999999998 
0 0.6902474999999999 0.10128 0.02 0.033990000000000006 
0 0.8283725 0.07362 0.01862250000000006 0.04381999999999999 
0 0.4851875 0.60982 0.0405625 0.046736666666666676 
