0 0.424125 0.4261666666666667 0.01025 0.011666666666666667 
0 0.453625 0.4283 0.009082499999999981 0.016933333333333318 
0 0.445375 0.43183333333333335 0.010480000000000019 0.018396666666666686 
0 0.494865 0.44043666666666664 0.014477499999999964 0.021843333333333326 
0 0.52527 0.43416666666666665 0.022355000000000017 0.013910000000000006 
0 0.5393325 0.43583 0.01629250000000002 0.015080000000000003 
0 0.5143325 0.4385 0.009792500000000018 0.016666666666666666 
0 0.507145 0.44258000000000003 0.010480000000000019 0.02025333333333333 
0 0.5655825 0.43685666666666667 0.015335000000000036 0.018339999999999995 
0 0.467355 0.43806666666666666 0.009375 0.012990000000000008 
0 0.45998 0.44248333333333334 0.0105 0.013330000000000003 
0 0.555625 0.44583333333333336 0.0135 0.013666666666666667 
0 0.538875 0.44510666666666665 0.015019999999999981 0.01449666666666667 
0 0.524395 0.4488333333333333 0.015125 0.017073333333333343 
0 0.548875 0.44760666666666665 0.008207499999999982 0.011330000000000003 
0 0.422345 0.4505 0.016434999999999946 0.01901666666666665 
0 0.442375 0.4476466666666667 0.0165 0.017519999999999984 
0 0.4541875 0.4533633333333333 0.0214375 0.014470000000000028 
0 0.451375 0.45916666666666667 0.018 0.014 
0 0.4434375 0.46464333333333335 0.013375 0.016580000000000004 
0 0.400125 0.45261999999999997 0.0106875 0.017830000000000002 
0 0.5605425 0.45249 0.016375 0.010343333333333324 
0 0.560625 0.4605 0.01 0.014 
0 0.47923000000000004 0.45247333333333334 0.01588499999999999 0.01824333333333334 
0 0.409125 0.4568333333333333 0.0193125 0.009666666666666667 
0 0.534375 0.4598333333333333 0.01 0.011 
0 0.543625 0.45824000000000004 0.011332499999999981 0.014593333333333324 
0 0.547375 0.4615 0.011 0.013333333333333334 
0 0.392875 0.4625 0.0193125 0.036333333333333336 
0 0.3855625 0.47524 0.0195625 0.01449666666666667 
0 0.38525 0.46274333333333334 0.0141875 0.0184533333333333 
0 0.5667075 0.4619333333333333 0.012417500000000019 0.023900000000000015 
0 0.561125 0.47326666666666667 0.012519999999999983 0.01874333333333334 
0 0.408 0.4636166666666666 0.0110625 0.02028666666666671 
0 0.419625 0.46425666666666665 0.014404999999999973 0.01974333333333334 
0 0.581875 0.4651666666666667 0.023 0.015666666666666666 
0 0.552895 0.46251666666666663 0.0100625 0.014830000000000003 
0 0.551395 0.47218333333333334 0.014 0.019660000000000007 
0 0.486125 0.46541666666666665 0.01525 0.014416666666666666 
0 0.529375 0.4675 0.010332499999999982 0.016650000000000015 
0 0.51077 0.46757333333333334 0.01825 0.021593333333333325 
0 0.525125 0.47483333333333333 0.0105 0.013733333333333349 
0 0.43184500000000003 0.4686033333333333 0.015529999999999973 0.019596666666666655 
0 0.455385 0.46806000000000003 0.019802500000000008 0.018156666666666675 
0 0.494125 0.4706666666666667 0.0115 0.015076666666666672 
0 0.367875 0.47257333333333335 0.021 0.01324666666666667 
0 0.5350825 0.46785 0.010875 0.023883333333333364 
0 0.425375 0.47864 0.01175 0.02119333333333331 
0 0.48702 0.48008 0.0104375 0.019619999999999967 
0 0.402625 0.48183333333333334 0.01963499999999999 0.02 
0 0.39982249999999997 0.49367333333333335 0.021095000000000027 0.024953333333333376 
0 0.495625 0.48432000000000003 0.0075 0.018179999999999988 
0 0.4816975 0.48383333333333334 0.01157249999999999 0.023573333333333342 
0 0.43084500000000003 0.48511666666666664 0.01125 0.020410000000000005 
0 0.466625 0.4855 0.015962499999999977 0.017786666666666635 
0 0.440355 0.4863866666666667 0.010519999999999982 0.028410000000000005 
0 0.4580425 0.48690666666666665 0.015019999999999981 0.026826666666666672 
0 0.5572075 0.48983333333333334 0.02416750000000002 0.01200666666666666 
0 0.380625 0.4935 0.012 0.02 
0 0.4470625 0.49607 0.0135 0.033640000000000024 
0 0.419625 0.49888333333333335 0.023105000000000018 0.015609999999999976 
0 0.50378 0.5011666666666666 0.015345000000000027 0.027400000000000015 
0 0.47226 0.5041666666666667 0.011875 0.024359999999999975 
0 0.5183125 0.5061666666666667 0.016375 0.02597333333333336 
0 0.4876975 0.5074066666666667 0.01017750000000001 0.03044999999999997 
0 0.375125 0.5105 0.013 0.023666666666666666 
0 0.496405 0.5094066666666667 0.0101875 0.0214533333333333 
0 0.425375 0.5111266666666667 0.0151875 0.020583333333333332 
0 0.4800725 0.5125299999999999 0.011302500000000009 0.024636666666666696 
0 0.59748 0.5193533333333333 0.015894999999999982 0.027326666666666673 
0 0.465875 0.5251666666666667 0.0105 0.017 
0 0.469125 0.5411666666666667 0.018 0.020666666666666667 
0 0.523875 0.5251666666666667 0.0135 0.02 
0 0.611625 0.5240199999999999 0.0145 0.02581333333333335 
0 0.5008125 0.5298333333333334 0.0160625 0.019383333333333364 
0 0.6320425000000001 0.52827 0.0154375 0.029406666666666675 
0 0.45425 0.5301666666666667 0.015125 0.023333333333333334 
0 0.443375 0.5335 0.01175 0.018 
0 0.447375 0.5365 0.011 0.028 
0 0.456625 0.5368333333333334 0.0105 0.023 
0 0.5593125 0.5311666666666667 0.01817750000000001 0.027910000000000008 
0 0.391125 0.5318333333333334 0.02 0.013 
0 0.398125 0.5351666666666667 0.02075 0.020666666666666667 
0 0.5090625 0.5308066666666666 0.016625 0.022826666666666672 
0 0.5290199999999999 0.5296933333333333 0.0175 0.02649333333333334 
0 0.545125 0.5341666666666667 0.010582499999999983 0.020666666666666667 
0 0.550375 0.5335266666666666 0.016019999999999982 0.03255000000000003 
0 0.56974 0.5348333333333334 0.01988499999999999 0.025466666666666696 
0 0.4215 0.5363100000000001 0.011875 0.019189999999999978 
0 0.590125 0.53575 0.0115 0.02557666666666667 
0 0.6201675 0.5369333333333334 0.0151875 0.025410000000000005 
0 0.412125 0.5401666666666667 0.013 0.025333333333333333 
0 0.5994375 0.5403733333333333 0.013092499999999972 0.024453333333333375 
0 0.488875 0.5438333333333333 0.022 0.0159666666666667 
0 0.584375 0.54118 0.006717499999999973 0.013830000000000004 
0 0.646375 0.5445 0.01425 0.02067666666666666 
0 0.655375 0.5601666666666667 0.0165625 0.03075333333333333 
0 0.6346675 0.5613433333333333 0.019457499999999982 0.02607666666666667 
0 0.64248 0.5621766666666667 0.01925 0.02932666666666667 
0 0.5143949999999999 0.5445533333333333 0.01610500000000002 0.028879999999999958 
0 0.6594375 0.5425166666666666 0.0174375 0.029573333333333344 
0 0.635625 0.5440133333333333 0.015542500000000018 0.01848666666666668 
0 0.52427 0.54669 0.01757249999999999 0.034323333333333345 
0 0.6070825 0.5491666666666667 0.014292500000000019 0.022963333333333367 
0 0.6133325 0.5533 0.013220000000000027 0.025910000000000006 
0 0.591625 0.55945 0.027457499999999982 0.024676666666666732 
0 0.6833125 0.5498466666666667 0.0213125 0.033156666666666675 
0 0.4995 0.5508333333333333 0.0214375 0.020630000000000034 
0 0.53952 0.5495233333333334 0.013855000000000018 0.03364333333333335 
0 0.5790925 0.54826 0.018032500000000028 0.029906666666666675 
0 0.483875 0.5532166666666667 0.0218125 0.014580000000000003 
0 0.460875 0.5548333333333333 0.02175 0.011666666666666667 
0 0.552875 0.5558000000000001 0.01325 0.026366666666666635 
0 0.6705625 0.55429 0.011164999999999963 0.03446333333333337 
0 0.564625 0.5571566666666666 0.0114375 0.0299533333333333 
0 0.5730925 0.5552033333333333 0.0165625 0.02749333333333334 
0 0.626125 0.5571766666666667 0.01591750000000002 0.034216666666666694 
0 0.6755 0.5588433333333334 0.023375 0.033656666666666675 
0 0.525875 0.5637666666666666 0.01864499999999998 0.02673333333333335 
0 0.7024575 0.5665366666666667 0.0214375 0.02974333333333334 
0 0.620105 0.5675933333333333 0.01625 0.03446333333333337 
0 0.601125 0.57834 0.022667500000000017 0.020826666666666674 
0 0.422375 0.5881666666666666 0.014 0.03166666666666667 
0 0.447625 0.5938333333333333 0.0265 0.021333333333333333 
0 0.604875 0.6262366666666667 0.016375 0.028596666666666656 
0 0.412125 0.7031666666666667 0.0215 0.015333333333333332 
0 0.3891675 0.75047 0.016 0.016496666666666746 
0 0.68375 0.7942866666666667 0.039417500000000015 0.05089333333333328 
0 0.44664499999999996 0.47488 0.0105 0.021326666666666598 
0 0.4502075 0.4791666666666667 0.016970000000000027 0.022536666666666632 
0 0.4750525 0.4329533333333333 0.021625 0.011536666666666709 
0 0.476615 0.4410333333333333 0.016467499999999972 0.0075 
0 0.46986500000000003 0.44244999999999995 0.018375 0.019413333333333338 
0 0.473625 0.4638333333333333 0.012875 0.02599333333333334 
0 0.4855625 0.44200666666666666 0.0126875 0.018160000000000006 
0 0.5115 0.4558333333333333 0.013625 0.011166666666666667 
0 0.502875 0.4613333333333333 0.0175 0.014413333333333337 
0 0.50125 0.48199333333333333 0.01075 0.02799333333333334 
0 0.508625 0.48116000000000003 0.01475 0.021663333333333337 
0 0.521375 0.48716 0.0265625 0.01649666666666667 
0 0.543375 0.4724966666666667 0.0103125 0.022826666666666672 
