0 0.814 0.4236666666666667 0.022 0.015666666666666666 
0 0.67575 0.43433333333333335 0.0145 0.028666666666666667 
0 0.8045 0.378 0.02525 0.013666666666666667 
0 0.16575 0.6883333333333334 0.0225 0.044 
0 0.38775 0.5033333333333333 0.022 0.022 
0 0.2085 0.7366666666666667 0.02275 0.034666666666666665 
0 0.38975 0.517 0.01775 0.019 
0 0.283 0.709 0.029 0.023333333333333334 
0 0.169 0.6693333333333333 0.02875 0.014333333333333333 
0 0.03725 0.6406666666666667 0.01525 0.030666666666666665 
0 0.19775 0.6656666666666666 0.0245 0.030666666666666665 
0 0.43225 0.49433333333333335 0.019 0.021333333333333333 
0 0.0575 0.6333333333333333 0.02625 0.035 
0 0.1085 0.5936666666666667 0.0245 0.028666666666666667 
0 0.45425 0.48 0.014 0.019333333333333334 
0 0.29 0.6576666666666666 0.0185 0.029 
0 0.51325 0.499 0.0185 0.012666666666666666 
0 0.25 0.5933333333333334 0.01975 0.02666666666666667 
0 0.78375 0.38233333333333336 0.018 0.012 
0 0.8365 0.4073333333333333 0.026 0.017 
0 0.201 0.5646666666666667 0.024 0.032 
0 0.68475 0.38766666666666666 0.022 0.012666666666666666 
0 0.4855 0.5183333333333333 0.017 0.026 
0 0.2745 0.6573333333333333 0.0245 0.030333333333333334 
0 0.2635 0.5913333333333334 0.028 0.02033333333333333 
0 0.128 0.673 0.021 0.03333333333333333 
0 0.38775 0.61 0.01775 0.031 
0 0.29275 0.551 0.0225 0.014666666666666666 
0 0.25 0.5843333333333334 0.02225 0.015333333333333332 
0 0.0 0.6453333333333333 0.025 0.032 
0 0.32625 0.6123333333333333 0.02675 0.017333333333333333 
0 0.31875 0.5313333333333333 0.016 0.019333333333333334 
0 0.22975 0.736 0.0295 0.024333333333333332 
0 0.95375 0.278 0.0135 0.014333333333333333 
0 0.27225 0.5696666666666667 0.0115 0.023333333333333334 
0 0.199 0.6836666666666666 0.0205 0.029333333333333333 
0 0.61925 0.4583333333333333 0.0225 0.017 
0 0.522 0.464 0.0105 0.02033333333333333 
0 0.14925 0.7633333333333333 0.02975 0.03333333333333333 
0 0.739 0.38433333333333336 0.01075 0.014666666666666666 
0 0.47575 0.5196666666666667 0.01075 0.032 
0 0.5775 0.48733333333333334 0.0175 0.023 
0 0.78575 0.395 0.0225 0.019333333333333334 
0 0.30975 0.5573333333333333 0.0135 0.028333333333333332 
0 0.41525 0.517 0.00975 0.026333333333333334 
0 0.2505 0.6813333333333333 0.0165 0.024 
0 0.70125 0.4116666666666667 0.01675 0.01633333333333333 
0 0.7455 0.36433333333333334 0.0225 0.011333333333333334 
0 0.1175 0.677 0.017 0.033 
0 0.1955 0.6063333333333333 0.01175 0.03666666666666667 
0 0.36 0.6273333333333333 0.02475 0.028333333333333332 
0 0.345 0.5286666666666666 0.02 0.023333333333333334 
0 0.6755 0.42333333333333334 0.0235 0.019 
0 0.44125 0.5873333333333334 0.0235 0.016666666666666666 
0 0.69 0.422 0.02 0.027333333333333334 
0 0.39275 0.5553333333333333 0.0105 0.024333333333333332 
0 0.50475 0.489 0.01475 0.017333333333333333 
0 0.24525 0.6356666666666667 0.01375 0.023 
0 0.078 0.559 0.01225 0.022 
0 0.18675 0.6846666666666666 0.013 0.033 
0 0.3905 0.5426666666666666 0.02375 0.01633333333333333 
0 0.55975 0.48833333333333334 0.0095 0.027666666666666666 
0 0.23225 0.564 0.013 0.03266666666666666 
0 0.80025 0.33366666666666667 0.01525 0.017 
0 0.217 0.613 0.0155 0.021666666666666667 
0 0.50825 0.5116666666666667 0.023 0.024 
0 0.214 0.6446666666666667 0.01425 0.025666666666666667 
0 0.053 0.633 0.0145 0.02 
0 0.49625 0.516 0.0165 0.022333333333333334 
0 0.63775 0.42333333333333334 0.0215 0.021666666666666667 
0 0.46375 0.5673333333333334 0.02275 0.02266666666666667 
0 0.901 0.369 0.024 0.013 
0 0.1825 0.619 0.01375 0.02 
0 0.238 0.6006666666666667 0.01475 0.030333333333333334 
0 0.43175 0.532 0.01575 0.027333333333333334 
0 0.26275 0.727 0.02425 0.03 
0 0.39225 0.535 0.022524999999999976 0.018 
0 0.14725 0.6276666666666667 0.00975 0.027333333333333334 
0 0.94425 0.292 0.01875 0.012333333333333333 
0 0.01475 0.5496666666666666 0.01675 0.014666666666666666 
0 0.34925 0.5586666666666666 0.02225 0.022333333333333334 
0 0.368 0.558 0.01225 0.027 
0 0.16 0.5943333333333334 0.0115 0.023666666666666666 
0 0.01625 0.6466666666666666 0.02775 0.024666666666666667 
0 0.457 0.5 0.0215 0.013 
0 0.6875 0.4103333333333333 0.02175 0.017333333333333333 
0 0.1565 0.6146666666666667 0.01525 0.033666666666666664 
0 0.18425 0.5833333333333334 0.01525 0.029333333333333333 
0 0.61075 0.416 0.019 0.013333333333333334 
0 0.883 0.31566666666666665 0.01975 0.012 
0 0.0805 0.6383333333333333 0.0045 0.009 
0 0.37725 0.5183333333333333 0.01175 0.024333333333333332 
0 0.2455 0.564 0.0105 0.027 
0 0.1625 0.6316666666666667 0.0145 0.028333333333333332 
0 0.7705 0.37833333333333335 0.018 0.013666666666666667 
0 0.239 0.5853333333333334 0.01125 0.027333333333333334 
0 0.25 0.6466666666666666 0.01875 0.034333333333333334 
0 0.37175 0.5436666666666666 0.0185 0.016 
0 0.75 0.383 0.018 0.021333333333333333 
0 0.261 0.6456666666666667 0.01475 0.03666666666666667 
0 0.33675 0.5626666666666666 0.01225 0.024666666666666667 
0 0.0495 0.545 0.0095 0.012333333333333333 
0 0.23 0.5956666666666667 0.011 0.027666666666666666 
0 0.658 0.431 0.017 0.019333333333333334 
0 0.16725 0.607 0.01625 0.021333333333333333 
0 0.29675 0.565 0.015 0.025 
0 0.30975 0.641 0.02475 0.025666666666666667 
0 0.7255 0.3993333333333333 0.0205 0.013333333333333334 
0 0.53725 0.501 0.01425 0.024 
0 0.1395 0.6113333333333333 0.01625 0.023 
0 0.11725 0.6336666666666667 0.01325 0.028666666666666667 
0 0.13375 0.6073333333333333 0.013 0.019 
0 0.41325 0.5943333333333334 0.0165 0.03 
0 0.3995 0.5576666666666666 0.018 0.017666666666666667 
0 0.3605 0.615 0.01975 0.024333333333333332 
0 0.76475 0.2936666666666667 0.01025 0.009333333333333334 
0 0.3205 0.6506666666666666 0.01575 0.034333333333333334 
0 0.06736 0.6449833333333334 0.015745000000000006 0.03165666666666667 
0 0.07760500000000001 0.6349866666666667 0.013244999999999991 0.03982333333333334 
0 0.0881025 0.6336533333333333 0.01249499999999999 0.034323333333333345 
0 0.1118425 0.6216566666666666 0.014742499999999993 0.02949333333333334 
0 0.09409999999999999 0.6241566666666667 0.010745000000000005 0.030656666666666676 
0 0.101095 0.6236566666666666 0.013995000000000004 0.03199000000000001 
0 0.13645500000000002 0.63332 0.011122499999999974 0.02199333333333334 
0 0.12486 0.6174966666666667 0.013244999999999991 0.029323333333333344 
0 0.15129499999999999 0.61291 0.011432500000000005 0.020076666666666673 
0 0.17479 0.6295733333333333 0.011932500000000004 0.018660000000000006 
0 0.148735 0.5922433333333333 0.013929999999999979 0.02124333333333334 
0 0.17398750000000002 0.58466 0.013804999999999979 0.02932666666666667 
0 0.188735 0.60566 0.009122499999999974 0.019413333333333338 
0 0.20560499999999998 0.59733 0.011307500000000005 0.03590666666666668 
0 0.19916999999999999 0.5944133333333333 0.013742500000000006 0.01574666666666667 
0 0.19292250000000002 0.5964133333333334 0.011432499999999976 0.00999666666666667 
0 0.21367250000000002 0.5853333333333334 0.015367499999999978 0.03199000000000001 
0 0.2226675 0.5988266666666666 0.008745000000000005 0.024410000000000005 
0 0.2191475 0.5752466666666667 0.016087500000000005 0.01699666666666667 
0 0.206495 0.58987 0.013555000000000006 0.007790000000000039 
0 0.22490000000000002 0.5605 0.012245000000000004 0.017286666666666634 
0 0.254175 0.55783 0.012870000000000005 0.028156666666666677 
0 0.2650575 0.5658333333333333 0.010649999999999977 0.019493333333333338 
0 0.26949 0.5434933333333334 0.01805500000000001 0.024576666666666674 
0 0.28648250000000003 0.5521566666666666 0.017555000000000008 0.02549333333333334 
0 0.2819225 0.5669933333333333 0.011307500000000005 0.024160000000000004 
0 0.2881725 0.5783266666666667 0.012120000000000004 0.028656666666666674 
0 0.29854250000000004 0.5829066666666667 0.014805000000000007 0.025326666666666674 
0 0.3174175 0.5693266666666666 0.011932500000000004 0.028823333333333343 
0 0.3271025 0.5702433333333333 0.010120000000000004 0.023910000000000008 
0 0.2932975 0.5424966666666666 0.02142750000000001 0.014080000000000002 
0 0.3253575 0.5424133333333333 0.011807500000000004 0.028906666666666674 
0 0.3328525 0.55524 0.01805500000000001 0.017830000000000002 
0 0.3337275 0.5354133333333333 0.018305000000000005 0.019826666666666673 
0 0.34554 0.5684933333333333 0.01799250000000001 0.02724000000000001 
0 0.336275 0.58504 0.017085000000000038 0.021870000000000042 
0 0.36121499999999995 0.5261533333333334 0.014245000000000004 0.03032333333333334 
0 0.3594675 0.5498133333333334 0.015492500000000006 0.015826666666666673 
0 0.35347 0.5251533333333334 0.01424249999999995 0.015826666666666673 
0 0.36634 0.5186566666666667 0.014992500000000008 0.01649333333333334 
0 0.36758749999999996 0.50949 0.011370000000000005 0.01749666666666667 
0 0.40492 0.5172466666666666 0.012245000000000004 0.022660000000000007 
0 0.42285 0.5117466666666667 0.01436749999999995 0.020660000000000005 
0 0.4210525 0.5272066666666666 0.012370000000000004 0.031163333333333338 
0 0.43934249999999997 0.5064866666666666 0.016492500000000007 0.026656666666666676 
0 0.436595 0.5276466666666667 0.021864999999999954 0.022826666666666672 
0 0.4520875 0.5178166666666667 0.012120000000000004 0.027323333333333342 
0 0.4658325 0.51665 0.011745000000000004 0.02649333333333334 
0 0.44759 0.50532 0.02199000000000001 0.018826666666666672 
0 0.44783999999999996 0.45681 0.012620000000000004 0.01199666666666667 
0 0.43697 0.4436466666666667 0.009994999999999948 0.01049666666666667 
0 0.41135750000000004 0.44498000000000004 0.010745000000000005 0.010163333333333337 
0 0.4780775 0.4156566666666667 0.007122500000000002 0.01599666666666667 
0 0.49607 0.42132000000000003 0.009497500000000002 0.008333333333333333 
0 0.47834 0.48365 0.014245000000000004 0.02849000000000001 
0 0.49620749999999997 0.47448666666666667 0.014870000000000005 0.018826666666666672 
0 0.481965 0.46815333333333337 0.010745000000000005 0.015830000000000004 
0 0.48846249999999997 0.47298666666666667 0.010120000000000004 0.018826666666666672 
0 0.508675 0.48249333333333333 0.015992500000000007 0.012830000000000003 
0 0.5201075 0.48249333333333333 0.019555000000000065 0.022326666666666672 
0 0.5291174999999999 0.4823266666666667 0.016367500000000063 0.020576666666666674 
0 0.53655 0.48166000000000003 0.017367500000000063 0.019576666666666673 
0 0.5381125 0.45874333333333334 0.013810000000000058 0.024083333333333335 
0 0.5494874999999999 0.4624933333333333 0.01162250000000006 0.028910000000000005 
0 0.5565475 0.46824333333333334 0.01992999999999995 0.02399333333333334 
0 0.6016625 0.4695766666666667 0.012557500000000004 0.028823333333333343 
0 0.5806699999999999 0.4796566666666667 0.021867500000000064 0.016076666666666673 
0 0.59354 0.4679933333333333 0.008560000000000059 0.01449666666666667 
0 0.5827325 0.46266 0.011807500000000004 0.021076666666666674 
0 0.5718624999999999 0.4581633333333333 0.011495000000000005 0.02574000000000001 
0 0.5635525 0.45841333333333334 0.009559999999999945 0.018993333333333338 
0 0.5729249999999999 0.44966666666666666 0.016430000000000063 0.019910000000000008 
0 0.5799249999999999 0.44682666666666665 0.017492500000000064 0.018826666666666672 
0 0.5796749999999999 0.4334966666666667 0.020555000000000063 0.026910000000000007 
0 0.5936075 0.4397433333333333 0.014930000000000063 0.022576666666666672 
0 0.607975 0.43124666666666667 0.012495000000000004 0.019493333333333338 
0 0.6075375000000001 0.4437433333333333 0.01911749999999995 0.01708 
0 0.602615 0.42107333333333336 0.01967999999999995 0.01524666666666667 
0 0.619795 0.42332333333333333 0.016680000000000063 0.023326666666666673 
0 0.62186 0.43899 0.01730499999999995 0.020826666666666674 
0 0.6307925 0.4278266666666667 0.01799249999999995 0.02199333333333334 
0 0.642605 0.4450733333333333 0.01811749999999995 0.022326666666666672 
0 0.6547875000000001 0.44116 0.02180499999999995 0.021160000000000005 
0 0.6598025 0.41024666666666665 0.012745000000000005 0.02274333333333334 
0 0.6466825 0.41707666666666665 0.01961749999999995 0.01574666666666667 
0 0.6687975 0.4071633333333333 0.009872499999999946 0.02524333333333334 
0 0.519285 0.51074 0.018617500000000065 0.022826666666666672 
0 0.6784 0.40732666666666667 0.012245000000000004 0.019326666666666673 
0 0.68812 0.4032633333333333 0.01661749999999995 0.009830000000000004 
0 0.71461 0.41226 0.01799249999999995 0.02099333333333334 
0 0.725355 0.4105933333333333 0.01611749999999995 0.021660000000000006 
0 0.7286024999999999 0.40526 0.016495000000000006 0.015496666666666669 
0 0.7204299999999999 0.40313333333333334 0.007560000000000059 0.011330000000000003 
0 0.696315 0.39497000000000004 0.01767999999999995 0.02074333333333334 
0 0.7089975 0.3967166666666667 0.009120000000000005 0.01899666666666667 
0 0.7131825 0.39397000000000004 0.011682500000000005 0.016410000000000004 
0 0.7177425 0.3898866666666667 0.022242500000000064 0.009496666666666669 
0 0.72137 0.38055333333333335 0.01774249999999995 0.015163333333333336 
0 0.7437374999999999 0.40288 0.014117500000000064 0.020826666666666598 
0 0.72868 0.37396666666666667 0.02217750000000001 0.01099666666666667 
0 0.7421125 0.37396666666666667 0.020365000000000008 0.01299666666666667 
0 0.7153099999999999 0.36597 0.021367500000000064 0.012160000000000006 
0 0.7644299999999999 0.3748 0.010057500000000004 0.021326666666666674 
0 0.765875 0.3619666666666667 0.01599249999999995 0.018330000000000003 
0 0.776245 0.36763333333333337 0.02024249999999995 0.01374666666666667 
0 0.7796799999999999 0.3596366666666667 0.016495000000000006 0.015326666666666672 
0 0.794175 0.36363333333333336 0.009870000000000004 0.021326666666666674 
0 0.7975475 0.36105000000000004 0.012057500000000004 0.02157666666666667 
0 0.8011 0.38759333333333335 0.019615000000000007 0.015326666666666672 
0 0.80274 0.35863333333333336 0.01392999999999995 0.019330000000000003 
0 0.81411 0.3638 0.010932500000000005 0.01849333333333334 
0 0.8096125 0.34780333333333335 0.006435000000000059 0.013913333333333337 
0 0.82499 0.3719666666666667 0.01880250000000001 0.01699333333333334 
0 0.8331725 0.3733 0.01924249999999995 0.014660000000000006 
0 0.8195525 0.35230000000000006 0.012807500000000005 0.020160000000000008 
0 0.8262999999999999 0.3493866666666667 0.011120000000000005 0.014493333333333339 
0 0.8346699999999999 0.3588 0.011745000000000004 0.01524333333333334 
0 0.8348574999999999 0.34797 0.011745000000000004 0.012413333333333337 
0 0.843855 0.35363333333333336 0.009745000000000005 0.020576666666666674 
0 0.8475475 0.3529666666666667 0.010745000000000005 0.019910000000000008 
0 0.852795 0.3544666666666667 0.013995000000000004 0.019326666666666673 
0 0.8508574999999999 0.34680333333333335 0.017495000000000004 0.017326666666666674 
0 0.866365 0.34647 0.014245000000000004 0.02174333333333334 
0 0.867615 0.34280333333333335 0.02317750000000001 0.020660000000000005 
0 0.8707474999999999 0.34138666666666667 0.02492750000000001 0.01199666666666667 
0 0.88624 0.34088666666666667 0.02024249999999995 0.014913333333333374 
0 0.8764824999999999 0.37542666666666663 0.024365000000000008 0.022660000000000007 
0 0.879605 0.38742333333333334 0.014745000000000005 0.023490000000000007 
0 0.8942475 0.33946333333333334 0.023927500000000008 0.012413333333333373 
0 0.8924375 0.32863333333333333 0.031235000000000013 0.01824333333333338 
0 0.9019325 0.3171366666666667 0.01755499999999995 0.017076666666666674 
0 0.9004325 0.31997 0.008559999999999946 0.011330000000000003 
0 0.9188 0.3191366666666667 0.017492500000000064 0.01249666666666667 
0 0.895435 0.30363666666666667 0.013182500000000005 0.011413333333333336 
0 0.9077424999999999 0.31055 0.02217750000000001 0.010330000000000002 
0 0.90843 0.30621666666666664 0.02561250000000007 0.013580000000000004 
0 0.912685 0.2956333333333333 0.010247500000000059 0.011913333333333337 
0 0.9191825 0.28955333333333333 0.015932500000000006 0.01199666666666667 
0 0.92943 0.30338333333333334 0.02074000000000001 0.01824333333333334 
0 0.9334275 0.29588333333333333 0.011495000000000005 0.014413333333333337 
0 0.9412999999999999 0.29446666666666665 0.010807500000000005 0.01874666666666667 
0 0.9339824999999999 0.3569233333333333 0.021867500000000064 0.018496666666666668 
0 0.9391825 0.3512966666666667 0.02155250000000001 0.019413333333333338 
0 0.9455549999999999 0.35188 0.02186500000000001 0.016580000000000004 
0 0.946365 0.33621999999999996 0.02317999999999995 0.010913333333333374 
0 0.946365 0.34630000000000005 0.02574000000000001 0.019493333333333338 
0 0.9549875 0.34430000000000005 0.02180250000000001 0.01874333333333334 
0 0.9662324999999999 0.33838666666666667 0.015305000000000063 0.02132666666666671 
0 0.9680449999999999 0.33447 0.018367500000000064 0.022160000000000044 
0 0.7742475 0.30088333333333334 0.012807500000000005 0.00625 
0 0.817615 0.27313666666666664 0.007122499999999946 0.008333333333333333 
0 0.5857325 0.3862933333333334 0.01162250000000006 0.009996666666666595 
0 0.6128475 0.3852933333333334 0.005247500000000059 0.007829999999999927 
0 0.5656175 0.3831266666666667 0.009870000000000004 0.014496666666666594 
0 0.5753625 0.39979 0.006997500000000059 0.012493333333333339 
0 0.58086 0.3976233333333333 0.010622499999999946 0.008663333333333337 
0 0.13290000000000002 0.6728833333333334 0.03136249999999998 0.033489999999999936 
0 0.13190000000000002 0.6835466666666666 0.025864999999999982 0.039320000000000015 
0 0.1525175 0.68038 0.014244999999999976 0.03865333333333327 
0 0.161015 0.67938 0.014242500000000007 0.03682333333333334 
0 0.14452 0.7033866666666666 0.018489999999999982 0.02799333333333334 
0 0.163885 0.68356 0.02574000000000001 0.03382333333333342 
0 0.213255 0.6745566666666667 0.015120000000000005 0.03615333333333334 
0 0.227 0.68372 0.02236500000000001 0.02199333333333334 
0 0.22625 0.6583933333333334 0.017242500000000008 0.02349333333333334 
0 0.23987 0.6495633333333334 0.012870000000000005 0.032156666666666674 
0 0.2240675 0.6701966666666667 0.02611250000000001 0.02257666666666675 
0 0.273015 0.6360600000000001 0.012995000000000005 0.02349333333333334 
0 0.26401749999999996 0.66105 0.016995000000000003 0.032989999999999936 
0 0.284885 0.6270600000000001 0.011245000000000005 0.033656666666666675 
0 0.294005 0.6358933333333333 0.016120000000000006 0.021160000000000005 
0 0.3030025 0.6235633333333334 0.014867500000000007 0.02199333333333334 
0 0.3118725 0.6427233333333333 0.010247500000000003 0.009496666666666669 
0 0.3085 0.6185633333333334 0.019992500000000007 0.024160000000000004 
0 0.33214 0.6432166666666667 0.018742500000000006 0.02449333333333334 
0 0.3381375 0.63722 0.02224000000000001 0.022826666666666672 
0 0.34651 0.6078966666666666 0.015867500000000007 0.03648666666666668 
0 0.38276 0.5932266666666667 0.02286500000000001 0.02599333333333334 
0 0.407125 0.5978866666666667 0.013870000000000004 0.03849000000000001 
0 0.379015 0.56138 0.012620000000000004 0.030323333333333268 
0 0.3835125 0.5542166666666667 0.012120000000000004 0.0236566666666666 
0 0.239485 0.50663 0.016992500000000008 0.010663333333333337 
0 0.2375325 0.4978866666666667 0.008125 0.010830000000000003 
