0 0.7969663742690059 0.5833333333333334 0.01699561403508772 0.03399122807017544 
0 0.39784356725146197 0.5797697368421053 0.016264619883040937 0.018914473684210526 
0 0.097953216374269 0.6354166666666666 0.018092105263157895 0.022203947368421052 
0 0.7881944444444444 0.6263706140350878 0.019005847953216373 0.033717105263157895 
0 0.4682017543859649 0.6864035087719298 0.015350877192982455 0.023848684210526317 
0 0.3993055555555556 0.6790021929824561 0.009868421052631578 0.02987938596491228 
0 0.066703216374269 0.5877192982456141 0.013706140350877192 0.02823464912280702 
0 0.3344298245614035 0.6091008771929824 0.011513157894736841 0.025767543859649123 
0 0.6038011695906432 0.6274671052631579 0.020833333333333332 0.033717105263157895 
0 0.0 0.587171052631579 0.017543859649122806 0.026041666666666668 
0 0.7048611111111112 0.6239035087719298 0.01882309941520468 0.03070175438596491 
0 0.3538011695906433 0.7053179824561403 0.022112573099415205 0.026589912280701754 
0 0.6366959064327485 0.6606359649122807 0.014071637426900584 0.02987938596491228 
0 0.5515350877192983 0.7650767543859649 0.03344298245614035 0.027960526315789474 
0 0.6341374269005848 0.6850328947368421 0.016812865497076022 0.01918859649122807 
0 0.5275950292397661 0.6080043859649122 0.019371345029239765 0.023300438596491228 
0 0.015899122807017545 0.7634320175438597 0.02448830409356725 0.03892543859649123 
0 0.6500365497076024 0.6943530701754386 0.02010233918128655 0.032072368421052634 
0 0.7669956140350878 0.6299342105263158 0.02010233918128655 0.03289473684210526 
0 0.653874269005848 0.6296600877192983 0.019005847953216373 0.023026315789473683 
0 0.27631578947368424 0.7182017543859649 0.014985380116959063 0.032072368421052634 
0 0.004751461988304093 0.6721491228070176 0.014985380116959063 0.03892543859649123 
0 0.19316520467836257 0.5400219298245614 0.012426900584795321 0.031524122807017545 
0 0.35891812865497075 0.625 0.016264619883040937 0.02768640350877193 
0 0.23885233918128654 0.5490679824561403 0.01114766081871345 0.01918859649122807 
0 0.783625730994152 0.6740679824561403 0.023940058479532164 0.02138157894736842 
0 0.7655336257309941 0.6633771929824561 0.017543859649122806 0.036458333333333336 
0 0.43512426900584794 0.71875 0.012975146198830409 0.04111842105263158 
0 0.714546783625731 0.6625548245614035 0.02046783625730994 0.029605263157894735 
0 0.30043859649122806 0.7305372807017544 0.019554093567251463 0.03042763157894737 
0 0.6028874269005848 0.5852521929824561 0.019005847953216373 0.031524122807017545 
0 0.4446271929824561 0.6041666666666666 0.011695906432748537 0.030975877192982455 
0 0.20230263157894737 0.4106359649122807 0.018457602339181287 0.014528508771929825 
0 0.25146198830409355 0.5814144736842105 0.012244152046783625 0.02987938596491228 
0 0.5897295321637427 0.571546052631579 0.015899122807017545 0.02823464912280702 
0 0.5350877192982456 0.7105263157894737 0.014985380116959063 0.023574561403508772 
0 0.12792397660818713 0.5405701754385965 0.01644736842105263 0.025767543859649123 
0 0.1525950292397661 0.6600877192982456 0.021198830409356724 0.023300438596491228 
0 0.00712719298245614 0.5304276315789473 0.010782163742690058 0.028782894736842105 
0 0.5869883040935673 0.7415021929824561 0.016264619883040937 0.025767543859649123 
0 0.044042397660818716 0.6559758771929824 0.02412280701754386 0.03179824561403509 
0 0.4446271929824561 0.6324013157894737 0.013706140350877192 0.02138157894736842 
0 0.5497076023391813 0.6230811403508771 0.011695906432748537 0.029331140350877194 
0 0.375 0.6096491228070176 0.01023391812865497 0.033168859649122806 
0 0.7379385964912281 0.6951754385964912 0.017178362573099414 0.03289473684210526 
0 0.7077850877192983 0.7102521929824561 0.016812865497076022 0.03618421052631579 
0 0.27503654970760233 0.5720942982456141 0.020650584795321638 0.03070175438596491 
0 0.29349415204678364 0.6477521929824561 0.0133406432748538 0.032072368421052634 
0 0.3702485380116959 0.6927083333333334 0.016812865497076022 0.013706140350877192 
0 0.4301900584795322 0.6356907894736842 0.009137426900584795 0.025767543859649123 
0 0.28252923976608185 0.7362938596491229 0.02010233918128655 0.031524122807017545 
0 0.03216374269005848 0.5361842105263158 0.014437134502923976 0.0268640350877193 
0 0.8358918128654971 0.5915570175438597 0.01023391812865497 0.02850877192982456 
0 0.45010964912280704 0.6439144736842105 0.015899122807017545 0.023848684210526317 
0 0.10380116959064327 0.4643640350877193 0.012426900584795321 0.021107456140350877 
0 0.05007309941520468 0.43722587719298245 0.00932017543859649 0.027412280701754384 
0 0.47423245614035087 0.6483004385964912 0.012792397660818713 0.03755482456140351 
0 0.5519005847953217 0.6647478070175439 0.013523391812865496 0.020285087719298246 
0 0.11659356725146199 0.5298793859649122 0.019554093567251463 0.02275219298245614 
0 0.17799707602339182 0.6633771929824561 0.011330409356725146 0.03892543859649123 
0 0.2680921052631579 0.6699561403508771 0.012609649122807017 0.03536184210526316 
0 0.17927631578947367 0.5625 0.010416666666666666 0.033717105263157895 
0 0.051900584795321635 0.5926535087719298 0.01882309941520468 0.019462719298245616 
0 0.2569444444444444 0.6186951754385965 0.010782163742690058 0.031524122807017545 
0 0.285453216374269 0.6979166666666666 0.012426900584795321 0.025219298245614034 
0 0.16812865497076024 0.6143092105263158 0.018457602339181287 0.018092105263157895 
0 0.4649122807017544 0.6573464912280702 0.01114766081871345 0.027138157894736843 
0 0.42196637426900585 0.6170504385964912 0.011695906432748537 0.017269736842105265 
0 0.3675073099415205 0.7105263157894737 0.012975146198830409 0.03344298245614035 
0 0.5164473684210527 0.5838815789473685 0.010782163742690058 0.03262061403508772 
0 0.09941520467836257 0.5238486842105263 0.010599415204678362 0.02412280701754386 
0 0.21290204678362573 0.5386513157894737 0.023026315789473683 0.01918859649122807 
0 0.5133406432748538 0.6271929824561403 0.015533625730994151 0.031524122807017545 
0 0.14638157894736842 0.6112938596491229 0.014802631578947368 0.02275219298245614 
0 0.11476608187134503 0.6746162280701754 0.02101608187134503 0.03344298245614035 
0 0.40771198830409355 0.6636513157894737 0.01425438596491228 0.036458333333333336 
0 0.0668859649122807 0.5334429824561403 0.014802631578947368 0.02905701754385965 
0 0.39071637426900585 0.6740679824561403 0.010782163742690058 0.031524122807017545 
0 0.0842470760233918 0.6143092105263158 0.02046783625730994 0.01918859649122807 
0 0.5590277777777778 0.5279605263157895 0.014802631578947368 0.02275219298245614 
0 0.051900584795321635 0.6263706140350878 0.010599415204678362 0.024396929824561403 
0 0.5573830409356725 0.5901864035087719 0.012609649122807017 0.024945175438596492 
0 0.2885599415204678 0.5882675438596491 0.01882309941520468 0.026041666666666668 
0 0.4859283625730994 0.6288377192982456 0.021747076023391813 0.01617324561403509 
0 0.23428362573099415 0.5682565789473685 0.016812865497076022 0.02549342105263158 
0 0.6239035087719298 0.6820175438596491 0.01425438596491228 0.015076754385964912 
0 0.8132309941520468 0.6110197368421053 0.018457602339181287 0.02275219298245614 
0 0.3477704678362573 0.6329495614035088 0.011878654970760233 0.03070175438596491 
0 0.8466739766081871 0.5633223684210527 0.019371345029239765 0.028782894736842105 
0 0.05555555555555555 0.6803728070175439 0.017543859649122806 0.03399122807017544 
0 0.4541301169590643 0.7006578947368421 0.009685672514619883 0.0381030701754386 
0 0.15953947368421054 0.5271381578947368 0.010051169590643274 0.023574561403508772 
0 0.2591374269005848 0.5874451754385965 0.012609649122807017 0.02987938596491228 
0 0.48117690058479534 0.5825109649122807 0.01644736842105263 0.015899122807017545 
0 0.10855263157894737 0.5191885964912281 0.011878654970760233 0.02850877192982456 
0 0.5257675438596491 0.5923793859649122 0.014985380116959063 0.01699561403508772 
0 0.05226608187134503 0.5592105263157895 0.018092105263157895 0.020833333333333332 
0 0.06853070175438597 0.6677631578947368 0.020285087719298246 0.020285087719298246 
0 0.07693713450292397 0.5652412280701754 0.008589181286549707 0.02768640350877193 
0 0.26516812865497075 0.553453947368421 0.01206140350877193 0.02055921052631579 
0 0.1286549707602339 0.6071820175438597 0.015350877192982455 0.019462719298245616 
0 0.08150584795321637 0.5476973684210527 0.011513157894736841 0.020285087719298246 
0 0.09594298245614036 0.581140350877193 0.015899122807017545 0.03536184210526316 
0 0.3680555555555556 0.5885416666666666 0.013888888888888888 0.017269736842105265 
0 0.5391081871345029 0.7505482456140351 0.017178362573099414 0.03700657894736842 
0 0.18475877192982457 0.5616776315789473 0.012975146198830409 0.01206140350877193 
0 0.24817251461988304 0.5509868421052632 0.010599415204678362 0.025219298245614034 
0 0.6736111111111112 0.5540021929824561 0.0133406432748538 0.029605263157894735 
0 0.06487573099415204 0.6367872807017544 0.010051169590643274 0.022478070175438597 
0 0.006396198830409356 0.6134868421052632 0.015533625730994151 0.03508771929824561 
0 0.14510233918128654 0.5493421052631579 0.010782163742690058 0.026041666666666668 
0 0.5626827485380117 0.6702302631578947 0.01023391812865497 0.015625 
0 0.19024122807017543 0.6620065789473685 0.01827485380116959 0.038651315789473686 
0 0.14437134502923976 0.5276864035087719 0.01023391812865497 0.021929824561403508 
0 0.13779239766081872 0.5674342105263158 0.013157894736842105 0.02905701754385965 
0 0.2852704678362573 0.6417214912280702 0.011695906432748537 0.021655701754385966 
0 0.6160453216374269 0.6707785087719298 0.012244152046783625 0.023300438596491228 
0 0.08315058479532164 0.6776315789473685 0.01699561403508772 0.03975877192982455 
0 0.4144736842105263 0.6888706140350878 0.01206140350877193 0.03234649122807018 
0 0.6197002923976608 0.6957236842105263 0.013523391812865496 0.012883771929824562 
0 0.5 0.4300986842105263 0.010051169590643274 0.02138157894736842 
0 0.5423976608187134 0.5874451754385965 0.011878654970760233 0.02987938596491228 
0 0.42562134502923976 0.6850328947368421 0.015899122807017545 0.02275219298245614 
0 0.4382309941520468 0.6400767543859649 0.00804093567251462 0.0268640350877193 
0 0.11750730994152046 0.5520833333333334 0.010599415204678362 0.0268640350877193 
0 0.3044590643274854 0.6477521929824561 0.01114766081871345 0.03262061403508772 
0 0.20321637426900585 0.5762061403508771 0.014071637426900584 0.032072368421052634 
0 0.45760233918128657 0.6540570175438597 0.011330409356725146 0.0268640350877193 
0 0.17196637426900585 0.6016995614035088 0.01918859649122807 0.016721491228070175 
0 0.5392909356725146 0.6313048245614035 0.009868421052631578 0.02631578947368421 
0 0.2362938596491228 0.6151315789473685 0.016812865497076022 0.032072368421052634 
0 0.018092105263157895 0.6293859649122807 0.02320906432748538 0.020285087719298246 
0 0.03271198830409357 0.6335169956140352 0.014802631578947368 0.036165021929824515 
0 0.20668859649122806 0.6546052631578947 0.02540204678362573 0.020833333333333332 
0 0.15478801169590642 0.6768092105263158 0.01882309941520468 0.031524122807017545 
0 0.12244152046783625 0.6526864035087719 0.0133406432748538 0.02823464912280702 
0 0.7227704678362573 0.7162828947368421 0.020285087719298246 0.020833333333333332 
0 0.022478070175438597 0.6030701754385965 0.015350877192982455 0.02850877192982456 
0 0.2574926900584795 0.7368421052631579 0.017909356725146198 0.03125 
0 0.031432748538011694 0.5605811403508771 0.019371345029239765 0.02055921052631579 
0 0.3203581871345029 0.7286184210526315 0.017543859649122806 0.03344298245614035 
0 0.3340643274853801 0.6324013157894737 0.008771929824561403 0.03289473684210526 
0 0.0001827485380116959 0.5298793859649122 0.010051169590643274 0.03042763157894737 
0 0.17196637426900585 0.5704495614035088 0.008223684210526315 0.03399122807017544 
0 0.44005847953216376 0.6880482456140351 0.008589181286549707 0.025219298245614034 
0 0.052448830409356724 0.6140350877192983 0.01882309941520468 0.018092105263157895 
0 0.21180555555555555 0.5430372807017544 0.010599415204678362 0.027960526315789474 
0 0.5705409356725146 0.7321820175438597 0.010416666666666666 0.04057017543859649 
0 0.18987573099415206 0.5836074561403509 0.009959795321637427 0.018484100877192936 
0 0.04513888888888889 0.5452302631578947 0.018457602339181287 0.01864035087719298 
0 0.49853801169590645 0.5929276315789473 0.02010233918128655 0.016721491228070175 
0 0.6032529239766082 0.4512061403508772 0.01608187134502924 0.01836622807017544 
0 0.1390716374269006 0.6033442982456141 0.01663011695906433 0.01836622807017544 
0 0.20047514619883042 0.6441885964912281 0.019371345029239765 0.018914473684210526 
0 0.5003654970760234 0.602796052631579 0.017909356725146198 0.02631578947368421 
0 0.42233187134502925 0.5868969298245614 0.015899122807017545 0.021655701754385966 
0 0.392907529239766 0.5978618421052632 0.020652412280701794 0.012875548245613981 
0 0.5754751461988304 0.4292763157894737 0.023574561403508772 0.013706140350877192 
0 0.25840643274853803 0.7020285087719298 0.01608187134502924 0.035910087719298246 
0 0.4285453216374269 0.6148574561403509 0.012975146198830409 0.01699561403508772 
0 0.3711622807017544 0.5953947368421053 0.01516812865497076 0.014528508771929825 
0 0.427266081871345 0.706140350877193 0.016264619883040937 0.04194078947368421 
0 0.2147295321637427 0.5274122807017544 0.019005847953216373 0.015625 
0 0.1878654970760234 0.6595394736842105 0.008589181286549707 0.03700657894736842 
0 0.6321271929824561 0.5759320175438597 0.015716374269005847 0.03508771929824561 
0 0.0807748538011696 0.5686485745614035 0.01269919590643275 0.03305098684210531 
0 0.5168128654970761 0.7330043859649122 0.0133406432748538 0.0400219298245614 
0 0.18951023391812866 0.5726425438596491 0.019554093567251463 0.01206140350877193 
0 0.3985745614035088 0.6334978070175439 0.01114766081871345 0.02905701754385965 
0 0.26973684210526316 0.7006578947368421 0.014437134502923976 0.02768640350877193 
0 0.3896198830409357 0.6595394736842105 0.012426900584795321 0.023026315789473683 
0 0.12573099415204678 0.5734649122807017 0.010051169590643274 0.02823464912280702 
0 0.5263157894736842 0.7401315789473685 0.010782163742690058 0.043859649122807015 
0 0.5279605263157895 0.706140350877193 0.014071637426900584 0.012609649122807017 
0 0.12390350877192982 0.5644188596491229 0.01918859649122807 0.01206140350877193 
0 0.4696637426900585 0.7261513157894737 0.011695906432748537 0.038651315789473686 
0 -3.106725146198831e-05 0.5151123903508772 0.012792397660818713 0.012332785087719239 
0 0.009654605263157895 0.5057949561403509 0.021838450292397664 0.011236293859649126 
0 0.011847587719298246 0.5156606359649123 0.014894005847953218 0.014662828947368362 
0 6.030701754385965e-05 0.518813048245614 0.011878654970760233 0.01822368421052626 
0 0.015959429824561402 0.5297752192982456 0.010051169590643278 0.02685581140350878 
0 0.025188230994152048 0.5145641447368421 0.018092105263157895 0.024254385964912223 
0 0.033868786549707604 0.507576754385965 0.0280500730994152 0.02658168859649117 
0 0.01898940058479532 0.5457264254385965 0.012975146198830409 0.018155153508771935 
0 0.021547880116959062 0.5383251096491228 0.00932017543859649 0.016376096491228072 
0 0.023055555555555555 0.5496299342105263 0.015762061403508772 0.03336622807017545 
0 0.037172880116959066 0.5299671052631578 0.02083333333333334 0.01843201754385965 
0 0.040370979532163745 0.5187993421052631 0.02544773391812866 0.013018092105263161 
0 0.04379751461988304 0.5278453947368421 0.018046418128654977 0.020005482456140356 
0 0.029954312865497077 0.5302412280701754 0.009685672514619883 0.017198464912280706 
0 0.0601078216374269 0.5251041666666666 0.009091739766081871 0.03316063596491229 
0 0.04375182748538012 0.559358552631579 0.014208698830409362 0.019528508771929888 
0 0.015928362573099413 0.5628536184210526 0.01206140350877193 0.018155153508771935 
0 0.009486476608187133 0.561688596491228 0.0100968567251462 0.021170504385964916 
0 -6.213450292397662e-05 0.5555235745614034 0.020513523391812866 0.021239035087719366 
0 -6.213450292397662e-05 0.5671765350877193 0.0025584795321637425 0.027609649122807087 
0 0.0001206140350877193 0.5695038377192982 0.010416666666666666 0.028845942982456144 
0 0.017436038011695906 0.5810827850877193 0.019919590643274854 0.015896381578947433 
0 0.009989035087719297 0.573547149122807 0.01758954678362573 0.012606907894736782 
0 0.005466008771929824 0.5927302631578948 0.017909356725146198 0.02110197368421053 
0 0.03603070175438596 0.576014254385965 0.019325657894736847 0.015071271929824567 
0 0.02634502923976608 0.5906743421052633 0.01882309941520468 0.013566337719298186 
0 0.04493969298245614 0.5734100877192982 0.025127923976608194 0.02665021929824556 
0 0.06833150584795322 0.5602549342105263 0.011695906432748537 0.035487938596491235 
0 0.05110745614035088 0.5789583333333334 0.0188687865497076 0.020827850877192987 
0 0.020542763157894738 0.5965021929824561 0.010827850877192983 0.02822642543859656 
0 0.03487390350877193 0.5971929824561404 0.011876827485380114 0.025487938596491233 
0 0.03898391812865497 0.5993859649122807 0.014163011695906433 0.030419407894736912 
0 0.04830409356725146 0.5943174342105264 0.00804093567251462 0.012195723684210466 
0 0.07500182748538012 0.599311951754386 0.009091739766081871 0.017743969298245617 
0 0.08254020467836258 0.5942406798245614 0.0118329678362573 0.031927083333333404 
0 0.012030336257309942 0.6288514254385965 0.024303728070175442 0.01836074561403509 
0 -0.0009448099415204678 0.6221354166666667 0.012609649122807017 0.024802631578947375 
0 -0.00015350877192982457 0.6070586622807018 0.02284356725146199 0.019662828947368427 
0 -0.0005190058479532163 0.6418037280701755 0.02448830409356725 0.027541118421052578 
0 0.01460343567251462 0.6517379385964912 0.010188230994152047 0.029322916666666737 
0 0.023055555555555555 0.6400219298245614 0.013797514619883041 0.03740953947368415 
0 0.041695906432748536 0.6107620614035087 0.02521929824561404 0.025282346491228076 
0 0.03715643274853801 0.6328316885964913 0.019736842105263157 0.046041666666666675 
0 0.04547149122807018 0.648999451754386 0.019371345029239765 0.021376096491228076 
0 0.06575657894736842 0.6766858552631579 0.01745248538011696 0.023843201754385968 
0 0.09718932748538013 0.6806661184210526 0.01608187134502924 0.019320175438596498 
0 0.08640716374269006 0.6575109649122807 0.020376461988304104 0.02466282894736849 
0 0.07059941520467836 0.6572368421052631 0.018457602339181287 0.01466008771929825 
0 0.08576754385964912 0.6306524122807017 0.01699561403508773 0.03453125000000007 
0 0.07471125730994152 0.6476425438596491 0.017086988304093567 0.011921600877193047 
0 0.07388888888888889 0.6354495614035087 0.023300438596491238 0.017812500000000005 
0 0.06045687134502924 0.628048245614035 0.023574561403508772 0.018774671052631645 
0 0.06539108187134503 0.6128399122807017 0.019828216374269007 0.019320175438596498 
0 0.09929093567251462 0.6447669956140352 0.023940058479532164 0.03316063596491223 
0 0.10002192982456141 0.654906798245614 0.02987938596491228 0.027952302631579017 
0 0.11263157894736843 0.6677878289473684 0.011787280701754386 0.031241776315789418 
0 0.12725146198830412 0.6716228070175438 0.023940058479532164 0.04576754385964913 
0 0.135109649122807 0.6795696271929825 0.02046783625730994 0.03206414473684205 
0 0.14991228070175439 0.6873821271929825 0.020833333333333332 0.02891447368421053 
0 6.030701754385965e-05 0.6821792763157896 0.0066703216374269 0.03055646929824556 
0 0.06668676900584795 0.516811951754386 0.012929459064327485 0.02144462719298246 
0 0.07947916666666667 0.5171546052631579 0.008954678362573099 0.029802631578947376 
0 0.0814437134502924 0.513453947368421 0.019508406432748527 0.03638157894736843 
0 0.08633223684210527 0.5322258771929824 0.01448282163742689 0.027475328947368427 
0 0.08744517543859649 0.5474122807017544 0.025080409356725147 0.02521381578947369 
0 0.09151133040935673 0.5563212719298246 0.014161184210526317 0.023840460526315735 
0 0.10252010233918128 0.5526891447368422 0.017498172514619884 0.025556469298245617 
0 0.1177796052631579 0.5157565789473684 0.01699561403508772 0.014662828947368424 
0 0.09182931286549707 0.5957785087719298 0.01114766081871345 0.020553728070175442 
0 0.10754568713450292 0.5733086622807018 0.011695906432748537 0.01178179824561404 
0 0.11028691520467837 0.5839967105263159 0.011513157894736841 0.023703399122806963 
0 0.11924159356725146 0.5797478070175439 0.007949561403508772 0.028911732456140295 
0 0.10270285087719298 0.6004495614035088 0.012609649122807017 0.03055646929824556 
0 0.10279422514619883 0.6214144736842105 0.01918859649122807 0.01753837719298246 
0 0.10690606725146198 0.6075740131578947 0.02138157894736842 0.016992872807017608 
0 0.1330391081871345 0.5763322368421053 0.011239035087719298 0.031241776315789418 
0 0.12143457602339182 0.6023684210526316 0.013797514619883041 0.028911732456140295 
0 0.11293676900584795 0.6253892543859649 0.022569444444444444 0.024251644736842052 
0 0.12189144736842106 0.6292242324561403 0.0133406432748538 0.026995614035087726 
0 0.12920138888888888 0.6201809210526316 0.01699561403508772 0.03288651315789468 
0 0.13578033625730995 0.6415570175438596 0.007858187134502924 0.033845942982456086 
0 0.14089729532163742 0.6289501096491228 0.008680555555555556 0.027952302631579017 
0 0.14245065789473685 0.6523821271929824 0.013797514619883041 0.02671875000000007 
0 0.13322368421052633 0.5441940789473684 0.012929459064327485 0.021170504385964854 
0 0.15236659356725146 0.5361787280701754 0.012516447368421054 0.024459978070175442 
0 0.1564327485380117 0.5355619517543859 0.010095029239766084 0.019388706140350882 
0 0.14930555555555555 0.5498821271929825 0.02201937134502924 0.029459978070175447 
0 0.16684758771929825 0.5239830043859649 0.02138157894736842 0.026787280701754394 
0 0.16899488304093568 0.5328892543859649 0.018229166666666668 0.02247258771929825 
0 0.18302083333333333 0.5237088815789473 0.01864035087719298 0.022746710526315793 
0 0.16091008771929824 0.5490597587719298 0.01635416666666667 0.03898300438596486 
0 0.17543676900584795 0.5467297149122807 0.023117690058479533 0.015276864035087661 
0 0.18279239766081873 0.5328207236842105 0.022934941520467836 0.017264254385964916 
0 0.16945358187134502 0.5552933114035088 0.013430190058479534 0.02630756578947363 
0 0.20531798245614036 0.53625 0.007582236842105265 0.027132675438596435 
0 0.20307931286549707 0.5622176535087718 0.018729897660818715 0.01973135964912281 
0 0.2157328216374269 0.5689994517543859 0.01699561403508772 0.02398026315789474 
0 0.21491045321637428 0.5851014254385964 0.011513157894736841 0.023703399122807087 
0 0.19508406432748537 0.5804413377192982 0.01338450292397661 0.025145285087719304 
0 0.17840826023391812 0.5900356359649123 0.01859466374269006 0.02624177631578948 
0 0.15524488304093567 0.5781853070175438 0.01425438596491228 0.027883771929824632 
0 0.1602247807017544 0.5818201754385965 0.01206140350877193 0.041587171052631586 
0 0.15561038011695907 0.6072395833333334 0.013112207602339181 0.025282346491228076 
0 0.1796875 0.6122423245614035 0.019552266081871345 0.02582785087719293 
0 0.1962701023391813 0.6059375 0.01493969298245614 0.013771929824561343 
0 0.22514437134502924 0.55796875 0.0133406432748538 0.02767817982456141 
0 0.23227156432748539 0.5653673245614035 0.009502923976608187 0.024254385964912285 
0 0.22112390350877192 0.5896217105263158 0.01617324561403509 0.012881030701754326 
0 0.14418676900584795 0.6308717105263159 0.02722953216374269 0.01959429824561404 
0 0.14912097953216374 0.6316940789473684 0.023757309941520467 0.028911732456140295 
0 0.15186220760233918 0.6368996710526316 0.026498538011695907 0.026447368421052636 
0 0.17068530701754386 0.6310087719298246 0.015076754385964912 0.03247532894736837 
0 0.16328399122807016 0.6534813596491228 0.01800073099415205 0.031652960526315735 
0 0.18439144736842106 0.6249808114035087 0.02046783625730994 0.02685581140350884 
0 0.180827850877193 0.6393667763157894 0.017726608187134504 0.026447368421052636 
0 0.1960873538011696 0.6332017543859649 0.023574561403508772 0.02836348684210521 
0 0.19828033625730995 0.6215542763157894 0.022203947368421052 0.022061403508771935 
0 0.21719480994152046 0.630186403508772 0.011056286549707603 0.02452850877192983 
0 0.22404788011695906 0.6362143640350877 0.014071637426900584 0.015896381578947433 
0 0.22158077485380118 0.6251151315789474 0.013249269005847953 0.01521107456140345 
0 0.22121527777777777 0.6148382675438596 0.018183479532163743 0.020282346491228134 
0 0.19882858187134503 0.6085361842105264 0.02677266081871345 0.019183114035087726 
0 0.225875365497076 0.6038788377192982 0.011330409356725146 0.012192982456140356 
0 0.23373355263157894 0.6210060307017543 0.004751461988304093 0.019320175438596498 
0 0.23460343567251463 0.5966913377192983 0.011602704678362575 0.03576480263157889 
0 0.2494499269005848 0.6118338815789474 0.01228983918128655 0.026170504385964983 
0 0.24552083333333333 0.6093667763157894 0.0078125 0.014388706140350942 
0 0.23830409356725146 0.5889501096491228 0.008815789473684213 0.019525767543859655 
0 0.24269005847953215 0.5759237938596491 0.012655336257309942 0.019388706140350882 
0 0.24497441520467836 0.584421600877193 0.010508040935672515 0.02856907894736849 
0 0.2551626461988304 0.5548218201754386 0.012562134502923978 0.028434758771929768 
0 0.26160270467836255 0.5720202850877193 0.010873538011695907 0.01890899122807018 
0 0.269186769005848 0.5695531798245614 0.015579312865497076 0.0352165570175438 
0 0.26914108187134506 0.5537253289473685 0.012335526315789474 0.025693530701754327 
0 0.26466557017543857 0.6022395833333333 0.01406980994152047 0.020005482456140356 
0 0.2675438596491228 0.6111458333333334 0.009638157894736843 0.028503289473684214 
0 0.2761769005847953 0.6038157894736842 0.009868421052631578 0.03172149122807025 
0 0.2844919590643275 0.6108717105263158 0.009046052631578948 0.016650219298245554 
0 0.28124817251461987 0.5901123903508771 0.019371345029239765 0.025967653508771935 
0 0.2830756578947368 0.581891447368421 0.02124451754385965 0.018634868421052636 
0 0.29257858187134506 0.6093558114035087 0.01069078947368421 0.021239035087719304 
0 0.30116776315789473 0.5890762061403508 0.019279970760233918 0.024388706140350946 
0 0.2991575292397661 0.6095723684210526 0.011056286549707603 0.02281524122807018 
0 0.3039089912280702 0.6181359649122807 0.009959795321637427 0.031104714912280645 
0 0.17068713450292397 0.6820093201754386 0.014071637426900584 0.0356935307017544 
0 0.19937682748538013 0.6695285087719298 0.022934941520467836 0.031104714912280645 
0 0.19965095029239766 0.6803536184210526 0.025219298245614034 0.02685581140350884 
0 0.2065953947368421 0.687203947368421 0.02266081871345029 0.03562774122807012 
0 0.21984466374269007 0.6582839912280702 0.012975146198830409 0.02932565789473685 
0 0.22843384502923977 0.6697944078947368 0.011513157894736841 0.0378207236842106 
0 0.23172331871345028 0.651296600877193 0.011695906432748537 0.03233826754385972 
0 0.23693165204678363 0.6471875 0.01206140350877193 0.03233552631578948 
0 0.24415021929824562 0.6359512061403508 0.009777046783625731 0.024799890350877263 
0 0.2523739035087719 0.6364994517543859 0.005665204678362573 0.03110471491228077 
0 0.25447551169590643 0.6462280701754386 0.011513157894736841 0.03452850877192983 
0 0.24597770467836258 0.6586951754385965 0.013706140350877192 0.031652960526315735 
0 0.23300255847953216 0.6780180921052631 0.013157894736842105 0.03480263157894738 
0 0.2071436403508772 0.6970641447368421 0.01781798245614035 0.03631030701754387 
0 0.2206670321637427 0.693500548245614 0.01471125730994152 0.0353536184210527 
0 0.2275201023391813 0.7121354166666667 0.018457602339181287 0.036987390350877274 
0 0.22039108187134504 0.7252796052631579 0.01864035087719298 0.03480537280701749 
0 0.2359247076023392 0.6981496710526316 0.015350877192982455 0.03973684210526317 
0 0.24122441520467836 0.686639254385965 0.013888888888888888 0.03754660087719293 
0 0.25091191520467837 0.7113157894736842 0.012609649122807017 0.03302357456140345 
0 0.25091191520467837 0.6804851973684211 0.017909356725146198 0.030419407894736912 
0 0.25411001461988303 0.6917214912280703 0.018731725146198832 0.022198464912280707 
0 0.258952850877193 0.6475986842105264 0.014802631578947368 0.03507949561403503 
0 0.2722934941520468 0.6582867324561403 0.011970029239766082 0.029188596491228076 
0 0.2806999269005848 0.6682894736842105 0.009868421052631578 0.03535361842105258 
0 0.285999634502924 0.6637691885964911 0.010964912280701754 0.030967653508771998 
0 0.29239583333333335 0.6841858552631579 0.008223684210526315 0.026444627192982528 
0 0.2980610380116959 0.6721271929824562 0.012426900584795321 0.037680921052631586 
0 0.2683644005847953 0.7199616228070176 0.013888888888888888 0.02850054824561398 
0 0.28316703216374267 0.724344846491228 0.013980263157894737 0.028640350877192987 
0 0.3098483187134503 0.5915542763157894 0.016721491228070175 0.03316063596491235 
0 0.3148739035087719 0.5990899122807017 0.02284356725146199 0.024391447368421058 
0 0.30993969298245616 0.6234813596491228 0.012426900584795321 0.028226425438596436 
0 0.3148739035087719 0.6425274122807018 0.012609649122807017 0.027266995614035033 
0 0.3141429093567252 0.6280043859649123 0.013157894736842105 0.03000822368421047 
0 0.325656067251462 0.6374588815789474 0.009137426900584795 0.03685855263157896 
0 0.3188029970760234 0.654860197368421 0.008863304093567252 0.02959703947368428 
0 0.31012244152046786 0.6745915570175438 0.01114766081871345 0.024665570175438602 
0 0.29760416666666667 0.6880208333333333 0.017909356725146198 0.031652960526315735 
0 0.29742141812865497 0.7058333333333333 0.020924707602339183 0.030419407894736787 
0 0.30098501461988303 0.7221381578947369 0.018183479532163743 0.017815241228070114 
0 0.3158790204678363 0.6906222587719298 0.012244152046783625 0.031515899122807084 
0 0.3252905701754386 0.6685635964912281 0.011878654970760233 0.03493969298245615 
0 0.3313212719298246 0.6723985745614035 0.011695906432748537 0.03179002192982463 
0 0.3347934941520468 0.6651370614035088 0.018914473684210526 0.036584429824561414 
0 0.3401845760233918 0.6981606359649123 0.01608187134502924 0.019046052631578953 
0 0.31944261695906434 0.700079495614035 0.011421783625730994 0.029048793859649192 
0 0.32730080409356727 0.7118667763157894 0.015076754385964912 0.04001370614035095 
0 0.331047149122807 0.7025493421052632 0.014985380116959063 0.03905427631578942 
0 0.3426516812865497 0.7274890350877193 0.025767543859649123 0.01890899122807018 
0 0.3431999269005848 0.7081688596491228 0.019462719298245616 0.022609649122807024 
0 0.3474031432748538 0.678845942982456 0.01617324561403509 0.024525767543859718 
0 0.3590076754385965 0.682406798245614 0.017178362573099373 0.027817982456140356 
0 0.3463980263157895 0.661578947368421 0.01251827485380117 0.030693530701754332 
0 0.3405500730994152 0.641436403508772 0.009777046783625731 0.038914473684210533 
0 0.33991045321637425 0.6132099780701754 0.009868421052631578 0.0343941885964913 
0 0.3792013888888888 0.7125520833333333 0.01644736842105263 0.029734100877193054 
0 0.3813943713450292 0.7020010964912281 0.02266081871345029 0.0342571271929824 
0 0.2646198830409357 0.6382154605263158 0.01206140350877193 0.017266995614035028 
0 0.27266081871345027 0.6292406798245613 0.015394736842105265 0.029665570175438666 
0 0.27942251461988304 0.6322560307017543 0.013841374269005849 0.03816063596491229 
0 0.2870065789473684 0.622250548245614 0.01854714912280702 0.025762061403508778 
0 0.32191154970760233 0.6134731359649123 0.01274671052631579 0.026858552631578953 
0 0.3246984649122807 0.6070339912280702 0.013706140350877192 0.023569078947368427 
0 0.3294499269005848 0.5840131578947368 0.02201937134502924 0.029322916666666612 
0 0.34351973684210524 0.5813404605263158 0.011970029239766082 0.021376096491228076 
0 0.34881944444444446 0.5768887061403508 0.013569078947368422 0.03206414473684217 
0 0.3473574561403509 0.5996354166666666 0.01864035087719298 0.023908991228070244 
0 0.34722039473684213 0.604703947368421 0.018914473684210526 0.03576480263157889 
0 0.3600127923976608 0.5801754385964912 0.010827850877192983 0.022404057017543864 
0 0.364718567251462 0.6067598684210527 0.015031067251461947 0.017264254385964916 
0 0.3544389619883041 0.629375 0.010599415204678362 0.014728618421052636 
0 0.36129203216374267 0.6129989035087718 0.009959795321637427 0.019388706140350882 
0 0.35855080409356727 0.6386896929824561 0.016721491228070134 0.04138157894736843 
0 0.3631195175438596 0.6608881578947369 0.014163011695906391 0.028637609649122753 
0 0.37609466374269 0.661436403508772 0.008132309941520468 0.031790021929824504 
0 0.3828563596491228 0.6596546052631579 0.009137426900584795 0.03549067982456135 
0 0.37344480994152046 0.6429385964912281 0.012335526315789432 0.027266995614035033 
0 0.3824908625730994 0.6400603070175439 0.013157894736842105 0.024254385964912285 
0 0.38532346491228064 0.6286869517543859 0.014437134502923976 0.027132675438596498 
0 0.3819426169590643 0.6162171052631579 0.01663011695906433 0.013566337719298186 
0 0.3815771198830409 0.5929248903508771 0.014071637426900584 0.027129934210526386 
0 0.3896180555555555 0.606625548245614 0.013157894736842105 0.012332785087719364 
0 0.39235928362573097 0.6259457236842105 0.01206140350877193 0.02151315789473685 
0 0.40496893274853796 0.6223848684210527 0.01745248538011696 0.02315789473684211 
0 0.40113121345029235 0.6491036184210526 0.015625 0.028366228070175442 
0 0.39884685672514614 0.6143009868421052 0.008132309941520468 0.019868421052631584 
0 0.40241045321637425 0.5918283991228069 0.019371345029239765 0.029048793859649192 
0 0.4100858918128655 0.6021052631578947 0.018457602339181287 0.026444627192982403 
0 0.4166648391812865 0.6129303728070175 0.014619883040935672 0.04247807017543861 
0 0.4162993421052631 0.6437609649122807 0.00932017543859649 0.01973135964912281 
0 0.40862390350877187 0.6539007675438596 0.008406432748538011 0.02014254385964913 
0 0.42022843567251456 0.655408442982456 0.011695906432748537 0.024251644736842173 
0 0.4212335526315789 0.6704797149122806 0.009777046783625731 0.028774671052631647 
0 0.42817799707602333 0.6593804824561403 0.009685672514619883 0.02754385964912281 
0 0.43219846491228064 0.6595175438596491 0.006396198830409356 0.01452576754385959 
0 0.4349396929824561 0.6560937499999999 0.016264619883040937 0.03288377192982457 
0 0.44279788011695903 0.6660964912280702 0.01471125730994152 0.028226425438596436 
0 0.38970942982456136 0.7052850877192983 0.023300438596491228 0.031790021929824504 
0 0.40734466374269 0.693500548245614 0.012975146198830409 0.03946271929824562 
0 0.39108004385964906 0.5804550438596491 0.01425438596491228 0.01836074561403509 
0 0.4364930555555555 0.6042982456140351 0.009594298245614035 0.0220586622807017 
0 0.4318329678362573 0.5984046052631579 0.022569444444444444 0.016170504385964853 
0 0.43311220760233915 0.6295093201754386 0.019919590643274854 0.013840460526315854 
0 0.4162079678362573 0.7213322368421052 0.012244152046783625 0.03247532894736837 
0 0.4254367690058479 0.7028344298245615 0.014163011695906433 0.02630756578947363 
0 0.44681834795321634 0.7072176535087719 0.008589181286549707 0.025487938596491233 
0 0.4463614766081871 0.7307867324561403 0.01425438596491228 0.03795778508771937 
0 0.4423410087719298 0.7572341008771929 0.016355994152046784 0.03165296052631586 
0 0.45531615497076017 0.7368174342105263 0.01516812865497076 0.028500548245614106 
0 0.46207785087719294 0.712563048245614 0.011695906432748537 0.03795504385964913 
0 0.4640880847953216 0.7091365131578947 0.020833333333333332 0.01767817982456147 
0 0.47998720760233915 0.716811951754386 0.011421783625730994 0.04453125000000008 
0 0.48949013157894733 0.7153042763157894 0.010599415204678362 0.05357456140350879 
0 0.47943896198830405 0.6784429824561403 0.012975146198830409 0.036175986842105205 
0 0.49022112573099413 0.669125548245614 0.01206140350877193 0.0353536184210527 
0 0.4609813596491228 0.6905016447368421 0.012244152046783625 0.019457236842105267 
0 0.4477320906432748 0.6855701754385966 0.007218567251461988 0.02219572368421047 
0 0.45330592105263157 0.679265350877193 0.008954678362573099 0.026858552631578953 
0 0.46152960526315784 0.6757017543859649 0.019005847953216373 0.016170504385964853 
0 0.45504203216374267 0.6207428728070175 0.012152777777777778 0.02178728070175439 
0 0.4667379385964912 0.6443119517543859 0.014894005847953216 0.013426535087719304 
0 0.4669206871345029 0.6254002192982456 0.014437134502923976 0.020690789473684214 
0 0.4616209795321637 0.5897752192982456 0.011695906432748537 0.03206414473684205 
0 0.4720376461988304 0.5985444078947367 0.012701023391812866 0.024254385964912285 
0 0.4764236111111111 0.6123848684210527 0.023757309941520467 0.019046052631578953 
0 0.49871893274853796 0.6167680921052631 0.01617324561403509 0.02521381578947369 
0 0.4823629385964912 0.6360910087719298 0.019828216374269007 0.016578947368421058 
0 0.4858351608187134 0.6507510964912281 0.007858187134502924 0.026310307017543864 
0 0.49213998538011694 0.6511622807017544 0.02275219298245614 0.020690789473684214 
0 0.49999817251461987 0.6637691885964911 0.01836622807017544 0.021650219298245617 
0 0.500546418128655 0.674046052631579 0.016264619883040937 0.020005482456140356 
0 0.5074908625730994 0.6425301535087719 0.014163011695906433 0.023843201754385968 
0 0.5115113304093567 0.6630838815789474 0.013706140350877192 0.02398026315789474 
0 0.5194608918128655 0.6347203947368422 0.011695906432748537 0.04343750000000001 
0 0.5226589912280701 0.664454495614035 0.012335526315789474 0.0361732456140351 
0 0.5094097222222221 0.6900767543859649 0.010508040935672515 0.037135416666666615 
0 0.515531798245614 0.6907620614035088 0.009685672514619883 0.023294956140350882 
0 0.5026480263157894 0.6902138157894737 0.00941154970760234 0.03919133771929819 
0 0.4974396929824561 0.7050137061403509 0.009959795321637427 0.0405592105263158 
0 0.48656615497076017 0.6995339912280703 0.01516812865497076 0.029048793859649067 
0 0.5211970029239765 0.6227987938596491 0.012701023391812866 0.022061403508771935 
0 0.5277759502923977 0.6208799342105262 0.012792397660818713 0.024665570175438602 
0 0.5457766812865497 0.6326644736842105 0.007035818713450292 0.02014254385964913 
0 0.5578380847953216 0.6190981359649123 0.013706140350877192 0.031241776315789543 
0 0.5528124999999999 0.6089583333333334 0.020650584795321638 0.020416666666666673 
0 0.5314309210526316 0.5884046052631579 0.012152777777777778 0.02247258771929825 
0 0.5350858918128655 0.5811430921052633 0.012792397660818713 0.018360745614034966 
0 0.5057547514619882 0.5826507675438597 0.014528508771929825 0.018086622807017425 
0 0.5295120614035087 0.6437637061403508 0.01160453216374269 0.031927083333333404 
0 0.5370961257309941 0.6559594298245615 0.009046052631578948 0.03480263157894738 
0 0.5261312134502923 0.6743201754385965 0.01114766081871345 0.0352165570175438 
0 0.5359082602339181 0.6763760964912281 0.015625 0.03055646929824556 
0 0.5450456871345029 0.6515734649122807 0.012335526315789474 0.02521381578947369 
0 0.5394718567251462 0.6830893640350877 0.017726608187134504 0.027678179824561472 
0 0.5559192251461987 0.6832264254385965 0.013706140350877192 0.026447368421052636 
0 0.5160800438596491 0.7129605263157895 0.01023391812865497 0.024117324561403513 
0 0.5266794590643274 0.71625 0.008223684210526315 0.026170504385964858 
0 0.5471472953216374 0.6963815789473684 0.016904239766081873 0.025211074561403455 
0 0.5428527046783626 0.7196765350877193 0.010142543859649123 0.019868421052631584 
0 0.5573812134502923 0.7058360745614035 0.014619883040935672 0.03384594298245621 
0 0.5518987573099415 0.7215926535087719 0.010051169590643274 0.032077850877192976 
0 0.5606706871345029 0.7365405701754386 0.012975146198830409 0.037135416666666615 
0 0.5370961257309941 0.733936403508772 0.007766812865497076 0.036587171052631526 
0 0.540202850877193 0.7370888157894737 0.011970029239766082 0.01753837719298246 
0 0.567249634502924 0.6862527412280701 0.009502923976608187 0.016033442982456205 
0 0.5702649853801169 0.6968037280701754 0.011695906432748537 0.03535361842105258 
0 0.4951553362573099 0.7329797149122806 0.012975146198830409 0.03836622807017545 
0 0.504749634502924 0.7266748903508772 0.011878654970760233 0.03261239035087726 
0 0.5075822368421052 0.7373629385964913 0.014345760233918129 0.036587171052631526 
0 0.549797149122807 0.779155701754386 0.005025584795321637 0.006304824561403508 
0 0.5549141081871345 0.7536705043859648 0.0066703216374269 0.013974780701754392 
0 0.5671582602339181 0.594015899122807 0.011513157894736841 0.027266995614035158 
0 0.614124634502924 0.5894928728070175 0.014894005847953216 0.0237061403508772 
0 0.616500365497076 0.6008662280701754 0.018092105263157895 0.031652960526315735 
0 0.5580208333333333 0.6503316885964912 0.010964912280701754 0.022198464912280707 
0 0.5639601608187134 0.6536211622807017 0.010782163742690058 0.017266995614035153 
0 0.570813230994152 0.6632127192982457 0.012609649122807017 0.036175986842105205 
0 0.5748336988304094 0.6545805921052631 0.013888888888888888 0.03110471491228077 
0 0.5800420321637426 0.6415625 0.01836622807017544 0.031790021929824504 
0 0.5863468567251462 0.6371792763157894 0.019371345029239765 0.0334347587719299 
0 0.6045303362573099 0.6496491228070176 0.015807748538011698 0.030830592105263104 
0 0.6053527046783626 0.6632127192982457 0.012152777777777778 0.031241776315789418 
0 0.5908241959064328 0.6652686403508772 0.015716374269005847 0.016853070175438602 
0 0.587077850877193 0.6700657894736842 0.01608187134502924 0.02699287280701749 
0 0.5821436403508772 0.6829605263157895 0.017361111111111112 0.02562225877192977 
0 0.5977686403508772 0.6962527412280701 0.009228801169590644 0.021921600877193054 
0 0.6000529970760233 0.6784375 0.015350877192982455 0.03316063596491223 
0 0.6155866228070175 0.6911814692982455 0.0066703216374269 0.01973135964912281 
0 0.6067233187134502 0.7088569078947368 0.020833333333333332 0.034257127192982524 
0 0.6062664473684211 0.715984100877193 0.010964912280701754 0.021921600877193054 
0 0.5839711257309941 0.7043366228070176 0.014528508771929825 0.033297697368420996 
0 0.5799506578947368 0.690907346491228 0.01023391812865497 0.02398026315789474 
0 0.598499634502924 0.7121463815789473 0.011056286549707603 0.033023574561403576 
0 0.6089163011695906 0.7351672149122807 0.015350877192982455 0.038914473684210533 
0 0.6155866228070175 0.7317406798245614 0.017726608187134504 0.03836622807017545 
0 0.6197898391812865 0.7014583333333334 0.014619883040935672 0.02110197368421053 
0 0.5848848684210526 0.7192708333333333 0.016721491228070175 0.03740953947368415 
0 0.5764784356725146 0.7128316885964912 0.010142543859649123 0.04836896929824569 
0 0.6265515350877192 0.7211896929824562 0.010325292397660819 0.038640350877192996 
0 0.629749634502924 0.705844298245614 0.012426900584795321 0.02274396929824556 
0 0.6417196637426901 0.7007730263157895 0.017726608187134504 0.03631304824561398 
0 0.631485745614035 0.6604879385964912 0.010051169590643274 0.02781524122807012 
0 0.6248154239766082 0.6552796052631579 0.00849780701754386 0.026858552631578953 
0 0.6349579678362572 0.7229714912280703 0.01023391812865497 0.038092105263157906 
0 0.6448263888888889 0.7279029605263158 0.011330409356725146 0.041518640350877205 
0 0.6525018274853801 0.7346189692982455 0.022478070175438597 0.020827850877192987 
0 0.58890716374269 0.743829495614035 0.022065058479532124 0.0371326754385965 
0 0.6552430555555555 0.7517626096491228 0.0266812865497076 0.019868421052631584 
0 0.6584411549707602 0.7233991228070176 0.01882309941520468 0.02233552631578948 
0 0.6646546052631579 0.7187390350877193 0.021747076023391813 0.02877741228070176 
0 0.6831122076023391 0.7305235745614035 0.016812865497076022 0.02891173245614042 
0 0.6652942251461987 0.698733552631579 0.01964546783625731 0.03137883771929819 
0 0.6522277046783626 0.6762609649122807 0.015259502923976608 0.03302357456140345 
0 0.671781798245614 0.6874972587719298 0.015990497076023392 0.03233826754385972 
0 0.6846655701754386 0.6990076754385965 0.013066520467836257 0.0430263157894737 
0 0.6434119152046783 0.6522752192982456 0.015029239766081831 0.030624999999999944 
0 0.6662554824561403 0.6676918859649122 0.01237938596491224 0.029048793859649192 
0 0.6599049707602339 0.6768722587719298 0.01160453216374269 0.025348135964912227 
0 0.6778143274853801 0.6609073464912281 0.012881944444444404 0.04076480263157896 
0 0.6863103070175438 0.6624150219298245 0.015259502923976608 0.026104714912280707 
0 0.6894170321637426 0.6822834429824561 0.01608187134502924 0.031515899122807084 
0 0.6963614766081871 0.6748163377192983 0.015076754385964912 0.027541118421052578 
0 0.6902394005847953 0.7033854166666667 0.009777046783625731 0.03493969298245615 
0 0.6974579678362572 0.7021518640350877 0.011513157894736841 0.04261513157894738 
0 0.7056816520467836 0.6926973684210527 0.012792397660818713 0.04069627192982457 
0 0.6991940789473684 0.6511787280701754 0.019005847953216373 0.04192982456140352 
0 0.6756195175438596 0.6249917763157894 0.015076754385964912 0.021650219298245617 
0 0.6728782894736842 0.5993667763157894 0.013706140350877192 0.026995614035087726 
0 0.6810105994152046 0.6004632675438596 0.021290204678362575 0.03028234649122814 
0 0.692249634502924 0.5974479166666666 0.01781798245614035 0.02617324561403509 
0 0.6989199561403509 0.5888157894736842 0.018092105263157895 0.03233826754385959 
0 0.7088797514619882 0.592516447368421 0.015716374269005847 0.023843201754385968 
0 0.7229513888888889 0.625814144736842 0.01882309941520468 0.03028234649122814 
0 0.7117123538011696 0.6689802631578947 0.014345760233918129 0.03357182017543854 
0 0.716829312865497 0.6988514254385965 0.025219298245614034 0.018634868421052636 
0 0.7241392543859648 0.6881633771929825 0.017178362573099414 0.013292214912280642 
0 0.743876096491228 0.6900822368421052 0.02046783625730994 0.022746710526315793 
0 0.7237737573099415 0.6599369517543859 0.01343201754385965 0.029871162280701823 
0 0.7329111842105263 0.6584292763157894 0.015442251461988304 0.034668311403508845 
0 0.743876096491228 0.6655537280701754 0.012975146198830409 0.029459978070175384 
0 0.7404038742690058 0.6470559210526315 0.01864035087719298 0.02973410087719293 
0 0.7453380847953216 0.6393832236842105 0.019919590643274854 0.030145285087719367 
0 0.7527394005847953 0.6674725877192983 0.019828216374269007 0.024802631578947375 
0 0.7538358918128655 0.6362308114035087 0.021929824561403508 0.03590186403508779 
0 0.7557547514619882 0.6248574561403509 0.020285087719298246 0.030693530701754332 
0 0.7557547514619882 0.5937280701754386 0.015899122807017545 0.0342571271929824 
0 0.7586787280701754 0.5805756578947369 0.017543859649122806 0.03247258771929826 
0 0.7049506578947368 0.5811211622807018 0.02585891812865497 0.02247258771929825 
0 0.6564309210526316 0.5468667763157895 0.027869152046783627 0.020005482456140294 
0 0.7448812134502923 0.5897560307017543 0.016904239766081873 0.036447368421052645 
0 0.7694608918128655 0.6111321271929824 0.020741959064327485 0.017264254385964916 
0 0.7726589912280701 0.6248327850877192 0.0245796783625731 0.030008223684210595 
0 0.7705573830409357 0.5877001096491228 0.02320906432748538 0.029322916666666737 
0 0.7761312134502923 0.5855071271929824 0.022112573099415205 0.03110471491228077 
0 0.7806085526315789 0.5759155701754386 0.021290204678362575 0.030419407894736787 
0 0.7857255116959064 0.614281798245614 0.021290204678362575 0.023843201754385968 
0 0.7986092836257309 0.5726288377192982 0.02677266081871345 0.04192982456140352 
0 0.7973300438596491 0.606748903508772 0.022478070175438597 0.028637609649122753 
0 0.8184374999999999 0.5848245614035088 0.016721491228070175 0.03576480263157889 
0 0.8223665935672514 0.5774259868421052 0.015533625730994151 0.03220120614035095 
0 0.8446619152046784 0.5840021929824561 0.025950292397660817 0.023843201754385968 
0 0.8587335526315789 0.5664638157894737 0.023300438596491228 0.017675438596491233 
0 0.6104258040935673 0.4470230263157895 0.01183296783625731 0.022541118421052636 
0 0.6203855994152047 0.44640899122807015 0.007766812865497076 0.023840460526315797 
0 0.6267817982456141 0.4498327850877193 0.008406432748538011 0.02110197368421053 
0 0.6367415935672515 0.4448327850877193 0.008770102339181247 0.026650219298245622 
0 0.5947532894736842 0.42735745614035087 0.0061220760233918125 0.01452302631578948 
0 0.7388505116959064 0.41337171052631577 0.015259502923976608 0.016990131578947375 
0 0.7552065058479531 0.40117598684210526 0.01206140350877193 0.02398026315789474 
0 0.007764985380116959 0.7458662280701754 0.024671052631578948 0.02233552631578948 
0 0.017998903508771927 0.7333963815789474 0.03033625730994152 0.016992872807017608 
0 0.016719663742690058 0.7492927631578947 0.023574561403508772 0.0298711622807017 
0 0.025948464912280703 0.7673793859649123 0.025310672514619884 0.03726973684210527 
0 -0.0007328216374269006 0.45009868421052635 0.005116959064327485 0.02110197368421053 
0 0.3216940789473684 0.34203125 0.010051169590643274 0.024391447368421058 
0 0.38602156432748536 0.3603919956140351 0.026496710526315834 0.03398300438596492 
0 0.08427083333333334 0.5733552631578948 0.01745248538011696 0.031927083333333404 
