0 0.861750730994152 0.3392269736842105 0.013157894736842105 0.015350877192982455 
0 0.71390716374269 0.33950109649122806 0.008589181286549707 0.01020285087719299 
0 0.7203033625730995 0.35567434210526316 0.012609649122807017 0.01617324561403509 
0 0.7188413742690059 0.36444627192982454 0.005482456140350877 0.010964912280701754 
0 0.78609283625731 0.3595120614035088 0.00804093567251462 0.012335526315789474 
0 0.26151315789473684 0.3666392543859649 0.025127923976608187 0.015781249999999983 
0 0.7312682748538012 0.3729440789473684 0.008406432748538011 0.015625 
0 0.7738486842105263 0.38061951754385964 0.013523391812865496 0.0268640350877193 
0 0.6649305555555556 0.3915570175438597 0.015350877192982455 0.026069078947368395 
0 0.10407529239766082 0.4003563596491228 0.011909722222222214 0.010416666666666666 
0 0.1232638888888889 0.42420504385964913 0.014437134502923976 0.011239035087719298 
0 0.06070358187134503 0.4258497807017544 0.017238669590643272 0.012796052631578965 
0 0.023848684210526317 0.42987390350877197 0.015350877192982455 0.014342105263157877 
0 9.137426900584795e-05 0.43188048245614036 0.012244152046783625 0.01617324561403509 
0 0.011239035087719298 0.43325109649122806 0.010964912280701754 0.01206140350877193 
0 0.7195723684210527 0.44120065789473684 0.012457967836257322 0.018914473684210526 
0 0.9882127192982456 0.43983004385964913 0.011513157894736841 0.02138157894736842 
0 0.1091922514619883 0.4408360745614035 0.011452850877192975 0.014618969298245594 
0 0.03919956140350877 0.44503837719298245 0.012914839181286553 0.01210526315789476 
0 0.12454312865497076 0.4447642543859649 0.008589181286549707 0.01425438596491228 
0 0.802874634502924 0.44680646929824563 0.027991593567251474 0.018516995614035074 
0 0.8220796783625731 0.4527138157894737 0.017010233918128642 0.022478070175438597 
0 0.9679276315789473 0.4546326754385965 0.01699561403508772 0.021929824561403508 
0 0.9496527777777778 0.4584703947368421 0.023848684210526317 0.02275219298245614 
0 0.9668311403508771 0.4614857456140351 0.01882309941520468 0.025767543859649123 
0 0.9295504385964912 0.4590186403508772 0.02284356725146199 0.020833333333333332 
0 0.9456323099415205 0.46203399122807015 0.020833333333333332 0.024396929824561403 
0 0.9920504385964912 0.4616228070175439 0.007675438596491228 0.01631030701754386 
0 0.9854714912280702 0.4634046052631579 0.009502923976608187 0.024945175438596492 
0 0.9085343567251462 0.4653234649122807 0.02101608187134503 0.021107456140350877 
0 0.9266264619883041 0.4845120614035088 0.015899122807017545 0.01343201754385965 
0 0.9321089181286549 0.4960252192982456 0.024671052631578948 0.02412280701754386 
0 0.9295504385964912 0.4672423245614035 0.02046783625730994 0.0200109649122807 
0 0.9229714912280702 0.4686129385964912 0.023391812865497075 0.021655701754385966 
0 0.9417945906432749 0.48862390350877194 0.021198830409356724 0.015625 
0 0.9483735380116959 0.4979440789473684 0.019736842105263157 0.026589912280701754 
0 0.8590095029239766 0.4702576754385965 0.025767543859649123 0.017269736842105265 
0 0.8665021929824561 0.4790296052631579 0.014619883040935672 0.01918859649122807 
0 0.8984831871345029 0.4727247807017544 0.01663011695906433 0.03042763157894737 
0 0.7866410818713451 0.4740953947368421 0.02275219298245614 0.0348574561403509 
0 0.7486293859649122 0.4751918859649123 0.011878654970760233 0.02412280701754386 
0 0.9103618421052632 0.47574013157894735 0.018457602339181287 0.025767543859649123 
0 0.8535270467836257 0.4782593201754386 0.021929824561403508 0.02407072368421051 
0 0.3727156432748538 0.47957785087719296 0.018092105263157895 0.01069078947368421 
0 0.3447861842105263 0.47905427631578945 0.014184941520467816 0.01318804824561407 
0 0.33078216374269004 0.4875712719298246 0.015533625730994151 0.021924342105263162 
0 0.3447551169590643 0.4985115131578947 0.014261695906432743 0.015879934210526334 
0 0.32593201754385964 0.5050712719298246 0.011878654970760233 0.030759320175438608 
0 0.33278508771929827 0.5097313596491229 0.013523391812865496 0.020890899122807026 
0 0.35014619883040937 0.5106496710526316 0.010303362573099436 0.008906250000000003 
0 0.9671966374269005 0.48081140350877194 0.01882309941520468 0.02042214912280702 
0 0.950749269005848 0.4809484649122807 0.02320906432748538 0.022478070175438597 
0 0.275858918128655 0.4823190789473684 0.013744517543859656 0.01206140350877193 
0 0.19076571637426898 0.4828673245614035 0.02677266081871345 0.018848684210526313 
0 0.18302266081871346 0.489109100877193 0.013477704678362573 0.020348135964912285 
0 0.24424342105263158 0.48240405701754385 0.012465277777777785 0.02650493421052633 
0 0.23547149122807018 0.487234100877193 0.010455043859649129 0.024391447368421058 
0 0.3274013157894737 0.4828673245614035 0.01735380116959065 0.024470942982456136 
0 0.669499269005848 0.4828673245614035 0.02284356725146199 0.014925986842105275 
0 0.16529605263157895 0.4831414473684211 0.019005847953216373 0.01069078947368421 
0 0.7647112573099415 0.4839638157894737 0.016387061403508787 0.02850877192982456 
0 0.26800073099415206 0.4847861842105263 0.010774853801169597 0.025219298245614034 
0 0.25101973684210527 0.48807565789473684 0.010219298245614048 0.01175438596491231 
0 0.25613669590643273 0.486811951754386 0.01343201754385965 0.023363486842105204 
0 0.254172149122807 0.5071683114035088 0.017139985380116952 0.02101425438596487 
0 0.24150219298245615 0.5088349780701754 0.01343201754385965 0.019536732456140345 
0 0.25481176900584795 0.5167132675438597 0.012275219298245627 0.020852521929824543 
0 0.8504203216374269 0.4847861842105263 0.017909356725146198 0.019736842105263157 
0 0.3143731725146199 0.48437774122807015 0.015213815789473685 0.02178728070175439 
0 0.22341008771929824 0.48624177631578946 0.014566885964912287 0.017469846491228076 
0 0.2987938596491228 0.48629660087719295 0.014574195906432748 0.01890899122807018 
0 0.7767726608187134 0.48752741228070173 0.01218384502923978 0.019462719298245616 
0 0.3739948830409357 0.4888980263157895 0.026544225146198832 0.017269736842105265 
0 0.8401864035087719 0.4888980263157895 0.022112573099415205 0.023026315789473683 
0 0.20111476608187134 0.4897203947368421 0.02046783625730994 0.011137609649122837 
0 0.18868786549707603 0.49684758771929827 0.013888888888888888 0.024640899122807047 
0 0.19325657894736842 0.5069901315789473 0.014300073099415205 0.023574561403508772 
0 0.36449195906432746 0.48944627192982454 0.00849780701754386 0.021855811403508778 
0 0.6952668128654971 0.48944627192982454 0.015319809941520454 0.014769736842105294 
0 0.8319627192982456 0.4897203947368421 0.013706140350877192 0.019736842105263157 
0 0.12015716374269006 0.49246162280701755 0.02138157894736842 0.017269736842105265 
0 0.1422843567251462 0.4908470394736842 0.025173611111111112 0.02162554824561406 
0 0.15360014619883042 0.49328399122807015 0.019736842105263157 0.018615679824561426 
0 0.28554459064327486 0.4918201754385965 0.009861111111111117 0.01900767543859647 
0 0.6792616959064328 0.491765350877193 0.013157894736842105 0.027834429824561392 
0 0.27525767543859647 0.491921600877193 0.015122441520467836 0.022645285087719333 
0 0.35773026315789475 0.49328399122807015 0.010736476608187134 0.029150219298245593 
0 0.7074049707602339 0.49328399122807015 0.007598684210526303 0.026091008771929842 
0 0.1650529970760234 0.4925548245614035 0.017938596491228084 0.019550438596491273 
0 0.16574926900584797 0.5055729166666666 0.01043494152046784 0.023675986842105295 
0 0.37198464912280704 0.4929742324561403 0.011421783625730994 0.020827850877192987 
0 0.646610014619883 0.4922478070175439 0.01493969298245614 0.01748355263157894 
0 0.1399543128654971 0.49290296052631577 0.010736476608187134 0.019114583333333338 
0 0.31240862573099415 0.4941063596491228 0.01069078947368421 0.020896381578947375 
0 0.6687682748538012 0.49438048245614036 0.013157894736842105 0.011513157894736841 
0 0.7188413742690059 0.4941063596491228 0.015776681286549694 0.01929002192982453 
0 0.21811038011695907 0.4931990131578948 0.006913377192982443 0.020095942982456125 
0 0.21920687134502925 0.4979550438596491 0.010668859649122828 0.02399945175438595 
0 0.3996710526315789 0.494265350877193 0.011513157894736841 0.018155153508771935 
0 0.4284539473684211 0.4954769736842105 0.00997441520467835 0.018064692982456165 
0 0.4346673976608187 0.49613760964912285 0.009334795321637413 0.019868421052631584 
0 0.730171783625731 0.49629934210526316 0.011513157894736841 0.021655701754385966 
0 0.41036184210526316 0.4965734649122807 0.007858187134502924 0.01836622807017544 
0 0.6925255847953217 0.49629934210526316 0.014513888888888903 0.010142543859649123 
0 0.41726059941520466 0.4961842105263158 0.011513157894736841 0.024731359649122816 
0 0.7791483918128655 0.49712171052631576 0.01617324561403509 0.028275767543859673 
0 0.2895650584795322 0.49658991228070176 0.013326023391812878 0.026787280701754394 
0 0.2010233918128655 0.4971984649122807 0.01836622807017544 0.015312500000000034 
0 0.1981907894736842 0.5030235745614035 0.016904239766081873 0.014180372807017548 
0 0.20193713450292397 0.5110060307017544 0.014504751461988284 0.014936951754385967 
0 0.20915570175438597 0.511110197368421 0.016880482456140333 0.027404057017543868 
0 0.24881213450292397 0.4984923245614035 0.01023391812865497 0.021107456140350877 
0 0.6882620614035088 0.4998629385964912 0.01985745614035085 0.01490405701754383 
0 0.13081688596491228 0.4987253289473684 0.010599415204678362 0.021376096491228076 
0 0.225687134502924 0.49968749999999995 0.017048611111111105 0.027097039473684248 
0 0.9158442982456141 0.5017817982456141 0.0222953216374269 0.020285087719298246 
0 0.9262609649122807 0.5020559210526315 0.023391812865497075 0.02631578947368421 
0 0.5947551169590644 0.5023300438596491 0.008223684210526315 0.011239035087719298 
0 0.5875219298245614 0.5076014254385965 0.015091374269005834 0.016820175438596464 
0 0.6013413742690058 0.5131496710526315 0.015350877192982455 0.012916666666666637 
0 0.6133954678362573 0.5160361842105263 0.012107090643274854 0.025424890350877194 
0 0.6048062865497076 0.5173985745614035 0.010058479532163735 0.021239035087719304 
0 0.5881761695906432 0.5196765350877193 0.012845394736842099 0.011162280701754394 
0 0.597984283625731 0.5225054824561404 0.010857090643274827 0.02176535087719301 
0 0.6077302631578947 0.5368722587719298 0.016493055555555556 0.01370339912280702 
0 0.6080263157894736 0.5447889254385965 0.014484649122807057 0.03107182017543851 
0 0.6026443713450292 0.5433388157894736 0.009837353801169577 0.017927631578947393 
0 0.6618238304093568 0.5020449561403509 0.02435124269005848 0.016304824561403513 
0 0.6594480994152047 0.5089089912280702 0.012563961988304093 0.013157894736842105 
0 0.1755299707602339 0.5030729166666666 0.008192616959064335 0.025416666666666674 
0 0.2970577485380117 0.5012308114035088 0.009091739766081871 0.018223684210526322 
0 0.8654057017543859 0.5039747807017544 0.026133040935672515 0.024945175438596492 
0 0.8855080409356725 0.504797149122807 0.019919590643274854 0.023026315789473683 
0 0.6274671052631579 0.5047149122807018 0.013371710526315804 0.028845942982456144 
0 0.15688961988304093 0.5055263157894737 0.009380482456140359 0.02436951754385961 
0 0.3051900584795322 0.5049314692982456 0.012929459064327485 0.02144462719298246 
0 0.3149671052631579 0.5049314692982456 0.017909356725146198 0.024262609649122805 
0 0.40195540935672514 0.5085169956140351 0.012015716374269006 0.022321820175438614 
0 0.40634137426900585 0.5143393640350877 0.014482821637426901 0.027738486842105278 
0 0.3809393274853801 0.5139309210526316 0.015990497076023392 0.019923245614035107 
0 0.41173245614035087 0.5229742324561404 0.01114766081871345 0.03280975877192984 
0 0.38952850877192985 0.5311951754385965 0.013066520467836257 0.011156798245614047 
0 0.40232090643274854 0.5330317982456141 0.01320358187134503 0.03508771929824561 
0 0.3939144736842105 0.5408552631578947 0.012244152046783625 0.013840460526315792 
0 0.3688779239766082 0.5463377192982456 0.024716739766081873 0.020485197368421058 
0 0.3883863304093567 0.5505838815789473 0.008452119883040937 0.012606907894736844 
0 0.3940972222222222 0.5535910087719298 0.012883771929824562 0.01437225877192978 
0 0.39263523391812866 0.5604440789473685 0.01114766081871345 0.01069078947368421 
0 0.578125 0.5072642543859649 0.010248538011695894 0.02823739035087719 
0 0.5169736842105264 0.5074424342105264 0.01180921052631577 0.025315241228070152 
0 0.5237573099415205 0.5078536184210527 0.012176535087719318 0.017231359649122778 
0 0.8394554093567251 0.5086348684210527 0.01617324561403509 0.01781798245614035 
0 0.1455592105263158 0.5080427631578948 0.011801900584795329 0.021239035087719304 
0 0.140625 0.5135252192982456 0.007644371345029247 0.009089912280701776 
0 0.1265533625730994 0.5124972587719298 0.015776681286549715 0.03041940789473685 
0 0.13368055555555555 0.5212445175438597 0.017741228070175447 0.013157894736842105 
0 0.15177266081871346 0.5270641447368422 0.011938961988304101 0.02521381578947369 
0 0.16939327485380115 0.5267105263157895 0.011787280701754386 0.023423793859649135 
0 0.13269005847953216 0.529281798245614 0.019782529239766082 0.014251644736842107 
0 0.17201937134502923 0.5357127192982456 0.02058296783625733 0.018327850877193016 
0 0.1455592105263158 0.540016447368421 0.011527777777777786 0.026184210526315786 
0 0.15634137426900585 0.5444490131578947 0.00944261695906432 0.023670504385964887 
0 0.1457419590643275 0.5650904605263157 0.013629385964912288 0.04413103070175445 
0 0.1806469298245614 0.5086896929824561 0.008771929824561403 0.020778508771929813 
0 0.17783625730994151 0.5243695175438596 0.01139254385964913 0.021595394736842098 
0 0.26745248538011696 0.5374698464912281 0.008114035087719315 0.02916666666666669 
0 0.36782711988304095 0.5097944078947368 0.01758954678362573 0.016000548245614005 
0 0.44103252923976605 0.5105537280701754 0.016478435672514634 0.0297066885964912 
0 0.4357328216374269 0.5105537280701754 0.011178728070175451 0.025767543859649123 
0 0.4350328947368421 0.5354989035087719 0.010051169590643274 0.01644736842105263 
0 0.43777412280701755 0.5412527412280702 0.01183296783625731 0.029882127192982454 
0 0.638797514619883 0.5100054824561403 0.01195540935672516 0.02055921052631579 
0 0.718110380116959 0.5100054824561403 0.021198830409356724 0.016721491228070175 
0 0.2795285087719298 0.5090597587719298 0.010570175438596518 0.024407894736842094 
0 0.6925255847953217 0.510827850877193 0.02266081871345029 0.017269736842105265 
0 0.9165752923976608 0.510827850877193 0.02573647660818712 0.026918859649122818 
0 0.9003106725146199 0.5289199561403509 0.025584795321637425 0.026589912280701754 
0 0.9374086257309941 0.5291940789473685 0.0133406432748538 0.030153508771929825 
0 0.9224232456140351 0.5346765350877193 0.016812865497076022 0.018914473684210526 
0 0.5059393274853801 0.5113760964912281 0.015670687134502925 0.014805372807017542 
0 0.4251644736842105 0.5119243421052632 0.013218201754385952 0.01518092105263161 
0 0.6702302631578947 0.5116502192982456 0.015237573099415225 0.018182565789473665 
0 0.9081688596491229 0.5124725877192983 0.021747076023391813 0.022203947368421052 
0 0.5321418128654971 0.5135690789473685 0.015029239766081831 0.017853618421052663 
0 0.8228252923976608 0.5132017543859649 0.01663011695906433 0.020104166666666645 
0 0.494608918128655 0.5136705043859648 0.02346125730994154 0.023840460526315797 
0 0.3432474415204678 0.5137006578947368 0.011741593567251463 0.02536184210526315 
0 0.4489364035087719 0.5160361842105263 0.019462719298245616 0.01873081140350875 
0 0.2847605994152047 0.5148081140350877 0.022911184210526295 0.020545504385964926 
0 0.2902960526315789 0.5260224780701754 0.009137426900584795 0.030858004385964893 
0 0.09630116959064328 0.5160718201754386 0.019817251461988292 0.022253289473684167 
0 0.09515899122807019 0.5255811403508772 0.011330409356725146 0.020608552631578965 
0 0.08918859649122807 0.5382401315789473 0.011779970760233915 0.021592653508771924 
0 0.35476059941520466 0.5174067982456141 0.015579312865497076 0.014199561403508759 
0 0.3637152777777778 0.5238651315789473 0.008908991228070175 0.02259868421052633 
0 0.533625730994152 0.5175411184210527 0.0222953216374269 0.014353070175438569 
0 0.5529057017543859 0.5169353070175439 0.010127923976608201 0.019385964912280708 
0 0.5620577485380117 0.5178262061403509 0.016355994152046784 0.013974780701754392 
0 0.7700109649122807 0.5190515350877193 0.023940058479532164 0.02412280701754386 
0 0.21463815789473684 0.5184621710526316 0.018457602339181287 0.023856907894736896 
0 0.20863852339181288 0.5328618421052632 0.023093932748537993 0.025285087719298185 
0 0.1994700292397661 0.5363048245614035 0.01919590643274853 0.015641447368421036 
0 0.21679276315789472 0.5390323464912281 0.015906432748538004 0.019898574561403485 
0 0.19051535087719298 0.5514117324561404 0.018442982456140365 0.014969846491228043 
0 0.21354166666666666 0.5530071271929824 0.008567251461988324 0.010893640350877257 
0 0.20237207602339183 0.5563322368421053 0.010438596491228051 0.0255646929824562 
0 0.18649488304093567 0.5581030701754386 0.009214181286549722 0.014950657894736832 
0 0.20524853801169587 0.5601699561403509 0.013753654970760273 0.025463267543859615 
0 0.19010416666666666 0.5641666666666666 0.013684210526315809 0.024265350877192976 
0 0.1873483187134503 0.571968201754386 0.006913377192982443 0.01150219298245615 
0 0.18057931286549708 0.5861485745614035 0.019667397660818715 0.015997807017543896 
0 0.7248720760233918 0.520422149122807 0.014437134502923976 0.021929824561403508 
0 0.905610380116959 0.5198739035087719 0.020650584795321638 0.022203947368421052 
0 0.07361659356725146 0.5195751096491228 0.013112207602339181 0.021132127192982433 
0 0.08321089181286549 0.5220422149122808 0.012198464912280712 0.024388706140350883 
0 0.3715277777777778 0.5217927631578947 0.013249269005847953 0.02412280701754386 
0 0.3688779239766082 0.533251096491228 0.012975146198830409 0.01759868421052633 
0 0.42045869883040937 0.519547697368421 0.008863304093567252 0.026367872807017557 
0 0.4261842105263158 0.5227220394736842 0.012701023391812866 0.028774671052631526 
0 0.4600694444444444 0.5201452850877193 0.015913742690058467 0.02543037280701754 
0 0.469656432748538 0.5207620614035088 0.015312499999999993 0.02416118421052634 
0 0.6461074561403509 0.5204057017543859 0.023589181286549694 0.01646381578947367 
0 0.18813961988304093 0.5181003289473685 0.00931286549707603 0.021510416666666674 
0 0.19198464912280702 0.5227357456140351 0.020148026315789474 0.02010964912280699 
0 0.30254020467836257 0.5199451754385965 0.013157894736842105 0.026537828947368405 
0 0.2981688596491228 0.5280975877192983 0.010416666666666666 0.030444078947368405 
0 0.7175621345029239 0.5215186403508771 0.013523391812865496 0.02549342105263158 
0 0.4796235380116959 0.5216858552631579 0.012861842105263178 0.029473684210526374 
0 0.23181652046783627 0.5211787280701754 0.009327485380116952 0.030559210526315793 
0 0.6676260964912281 0.5230564692982456 0.019029605263157914 0.020553728070175442 
0 0.3352521929824561 0.5234292763157895 0.009868421052631578 0.022212171052631572 
0 0.3548062865497076 0.5287993421052631 0.011407163742690072 0.015619517543859655 
0 0.3451206140350877 0.5350767543859649 0.019462719298245616 0.01549890350877192 
0 0.36229897660818716 0.5441447368421053 0.017178362573099414 0.013009868421052641 
0 0.44957602339181285 0.5215460526315789 0.016882309941520488 0.023908991228070182 
0 0.5169042397660819 0.5230290570175439 0.01564875730994154 0.02206414473684211 
0 0.5374415204678363 0.5283717105263158 0.01023391812865497 0.013980263157894737 
0 0.5269554093567251 0.5278919956140351 0.009228801169590644 0.011992872807017545 
0 0.530405701754386 0.5314830043859649 0.010621345029239747 0.017173793859649147 
0 0.5139802631578947 0.5352247807017544 0.0062134502923976605 0.010964912280701754 
0 0.5185489766081871 0.5385142543859649 0.01206140350877193 0.016318530701754378 
0 0.5109722222222222 0.5449671052631578 0.009586988304093574 0.020364583333333325 
0 0.52828033625731 0.5455619517543859 0.0077448830409356925 0.01280153508771931 
0 0.5320723684210527 0.5458689692982456 0.014780701754385984 0.018226425438596556 
0 0.5299707602339181 0.5582510964912281 0.01117141812865499 0.017308114035087686 
0 0.6885818713450292 0.5245339912280702 0.014177631578947355 0.016721491228070175 
0 0.6954495614035088 0.5242598684210527 0.01483369883040937 0.01836622807017544 
0 0.24022295321637427 0.5251069078947368 0.007827119883040922 0.026748903508771973 
0 0.6231268274853801 0.5270010964912281 0.01209247076023393 0.0186184210526316 
0 0.6189236111111112 0.5431743421052632 0.014985380116959063 0.018432017543859588 
0 0.5602156432748538 0.5278234649122807 0.01262426900584794 0.011241776315789471 
0 0.31588084795321636 0.5280893640350878 0.00941154970760234 0.02001918859649122 
0 0.3192616959064328 0.5234978070175439 0.015259502923976608 0.02735197368421052 
0 0.48656798245614036 0.526688596491228 0.016721491228070175 0.021419956140350905 
0 0.49625365497076024 0.5299643640350877 0.011445540935672535 0.0225548245614035 
0 0.4915259502923977 0.5373766447368421 0.005550073099415184 0.014251644736842107 
0 0.05290570175438596 0.5252604166666667 0.015593932748538009 0.02805646929824559 
0 0.24552266081871346 0.5278042763157895 0.011094663742690065 0.028527960526315774 
0 0.24818713450292396 0.5322094298245614 0.01780336257309943 0.02901315789473682 
0 0.24150219298245615 0.5544133771929824 0.008969298245614021 0.01633497807017548 
0 0.5430372807017544 0.5285718201754386 0.01103435672514622 0.024745065789473678 
0 0.684484649122807 0.5291940789473685 0.019919590643274854 0.03892543859649123 
0 0.7075109649122807 0.5286458333333334 0.015350877192982455 0.020285087719298246 
0 0.7564875730994152 0.5297423245614035 0.020650584795321638 0.022203947368421052 
0 0.11540570175438597 0.528125 0.007637061403508765 0.014216008771929859 
0 0.8915387426900585 0.5305646929824561 0.014163011695906433 0.015899122807017545 
0 0.8825840643274854 0.5341282894736842 0.023940058479532164 0.021107456140350877 
0 0.8986659356725146 0.5533168859649122 0.014437134502923976 0.01069078947368421 
0 0.9180372807017544 0.5538651315789473 0.01882309941520468 0.020879934210526335 
0 0.9111842105263158 0.5541392543859649 0.0066703216374269 0.007675438596491228 
0 0.913468567251462 0.5601699561403509 0.01644736842105263 0.026041666666666668 
0 0.5066703216374269 0.5295641447368421 0.008384502923976628 0.019640899122807042 
0 0.5675255847953217 0.5290625 0.010065789473684196 0.017127192982456144 
0 0.5863633040935672 0.5301589912280702 0.018092105263157895 0.0158936403508772 
0 0.592235014619883 0.5384018640350877 0.012205774853801163 0.024366776315789502 
0 0.7999817251461988 0.5333059210526315 0.017909356725146198 0.019736842105263157 
0 0.8683296783625731 0.5330317982456141 0.018974780701754373 0.026041666666666668 
0 0.2833516081871345 0.5335800438596491 0.011527777777777765 0.023574561403508772 
0 0.6336805555555556 0.5338541666666666 0.01644736842105263 0.01644736842105263 
0 0.6404422514619883 0.5409813596491229 0.013812134502923963 0.0198464912280702 
0 0.109375 0.532672697368421 0.009014985380116967 0.02315789473684211 
0 0.7501516812865497 0.5341282894736842 0.02077302631578949 0.02275219298245614 
0 0.05835709064327485 0.5340323464912281 0.016904239766081873 0.032201206140350824 
0 0.8147843567251462 0.5354989035087719 0.015899122807017545 0.020833333333333332 
0 0.5744700292397661 0.536047149122807 0.015228435672514607 0.025627741228070114 
0 0.58359283625731 0.5346792763157895 0.013569078947368422 0.020008223684210527 
0 0.32747076023391813 0.5349369517543859 0.012540204678362553 0.03168585526315787 
0 0.4458150584795322 0.5376918859649122 0.010051169590643274 0.024396929824561403 
0 0.5524031432748538 0.5355482456140351 0.015259502923976608 0.013930921052631561 
0 0.8573647660818714 0.5374177631578947 0.011878654970760233 0.020833333333333332 
0 0.10013157894736842 0.5373821271929824 0.009777046783625731 0.028889802631579038 
0 0.2754934210526316 0.5370202850877193 0.011825657894736849 0.021779057017543874 
0 0.27092470760233917 0.5522203947368421 0.010652412280701748 0.0268640350877193 
0 0.2756377923976608 0.5577220394736842 0.013821271929824581 0.015827850877192986 
0 0.3081743421052631 0.5294572368421053 0.01206140350877193 0.03449561403508776 
0 0.9533077485380117 0.5382401315789473 0.02266081871345029 0.016721491228070175 
0 0.0686220760233918 0.5373190789473684 0.014634502923976606 0.02500822368421047 
0 0.07352521929824561 0.5405400219298246 0.01640168128654971 0.018429276315789417 
0 0.4701133040935673 0.5366337719298246 0.009548611111111112 0.02226699561403503 
0 0.4748720760233918 0.5478344298245614 0.008406432748538011 0.01918859649122807 
0 0.7758589181286549 0.5390625 0.01699561403508772 0.01918859649122807 
0 0.4621180555555556 0.5396107456140351 0.008916301169590636 0.016927083333333332 
0 0.7957785087719298 0.5398848684210527 0.010051169590643274 0.024671052631578948 
0 0.8049159356725146 0.548108552631579 0.009137426900584795 0.01918859649122807 
0 0.8473135964912281 0.5396107456140351 0.016812865497076022 0.03070175438596491 
0 0.1316703216374269 0.5415296052631579 0.009334795321637434 0.017486293859649112 
0 0.45349780701754383 0.5405729166666666 0.009000365497076024 0.01678728070175439 
0 0.25922880116959063 0.5392324561403509 0.00974597953216373 0.029254385964912352 
0 0.7027595029239766 0.5423519736842105 0.009137426900584795 0.021107456140350877 
0 0.8844115497076024 0.5419956140350878 0.014985380116959063 0.025301535087719287 
0 0.13965095029239766 0.5433963815789473 0.007081505847953216 0.015276864035087724 
0 0.6791849415204678 0.5437225877192983 0.014985380116959063 0.015076754385964912 
0 0.6656761695906432 0.5500274122807017 0.02355994152046785 0.01699561403508772 
0 0.5520979532163742 0.5423300438596491 0.024702119883040947 0.020032894736842086 
0 0.5541392543859649 0.5535910087719298 0.0190515350877193 0.01918859649122807 
0 0.1804422514619883 0.542436951754386 0.019470029239766096 0.016099232456140356 
0 0.7455226608187134 0.5445449561403509 0.019919590643274854 0.023574561403508772 
0 0.7135416666666666 0.5453673245614035 0.0133406432748538 0.014802631578947368 
0 0.710952119883041 0.5542297149122807 0.011178728070175451 0.023484100877193003 
0 0.8376242690058479 0.5450822368421053 0.014985380116959063 0.019736842105263157 
0 0.7330957602339181 0.5459155701754386 0.01516812865497076 0.023300438596491228 
0 0.42038194444444443 0.5461896929824561 0.011650219298245614 0.020833333333333332 
0 0.23009502923976607 0.5467050438596491 0.014749634502923983 0.02500822368421053 
0 0.48378106725146197 0.548108552631579 0.008110380116959083 0.02499725877192984 
0 0.6245285087719299 0.5473766447368421 0.015182748538011683 0.023774671052631584 
0 0.8685124269005848 0.548108552631579 0.01644736842105263 0.018914473684210526 
0 0.30857090643274854 0.5474780701754386 0.017361111111111112 0.020367324561403496 
0 0.4295504385964912 0.5500274122807017 0.010522660818713437 0.02791392543859647 
0 0.6590972222222222 0.5497532894736842 0.009122807017543873 0.022203947368421052 
0 0.7789656432748538 0.5494791666666666 0.014985380116959063 0.02412280701754386 
0 0.7765899122807017 0.5623629385964912 0.018092105263157895 0.025219298245614034 
0 0.49661915204678364 0.5503015350877193 0.010599415204678362 0.011787280701754386 
0 0.5001370614035088 0.5587527412280702 0.011619152046783612 0.029925986842105283 
0 0.4909539473684211 0.5639254385964911 0.009685672514619883 0.028591008771929875 
0 0.49607090643274854 0.5752467105263158 0.008589181286549707 0.030975877192982455 
0 0.4890588450292398 0.5900630482456141 0.01274671052631579 0.02619243421052624 
0 0.5733205409356725 0.5487253289473685 0.010484283625730974 0.027160087719298225 
0 0.6498684210526315 0.5503015350877193 0.013112207602339181 0.027044956140350837 
0 0.6419042397660819 0.5583004385964913 0.008877923976608174 0.02160635964912279 
0 0.6519554093567251 0.5722313596491229 0.015016447368421067 0.01525493421052634 
0 0.6437317251461988 0.5749725877192983 0.010416666666666666 0.012192982456140356 
0 0.6414016812865497 0.5833963815789474 0.011558845029239767 0.02199287280701755 
0 0.21702119883040935 0.5492708333333334 0.019058845029239758 0.019939692982456143 
0 0.2497404970760234 0.5506030701754385 0.01023391812865497 0.0237061403508772 
0 0.25101973684210527 0.5651041666666666 0.02183845029239766 0.02167489035087724 
0 0.2576754385964912 0.5746984649122807 0.01251827485380117 0.009046052631578948 
0 0.34923245614035087 0.5557839912280702 0.019279970760233918 0.019808114035087778 
0 0.7204861111111112 0.5508497807017544 0.012426900584795321 0.020285087719298246 
0 0.7179276315789473 0.5700383771929824 0.008771929824561403 0.025767543859649123 
0 0.4090826023391813 0.5477960526315789 0.013126827485380103 0.03183662280701757 
0 0.7689144736842105 0.5513980263157895 0.009868421052631578 0.011787280701754386 
0 0.7919407894736842 0.5511239035087719 0.007858187134502924 0.021929824561403508 
0 0.08488669590643275 0.550984100877193 0.017543859649122806 0.01884046052631573 
0 0.078125 0.5520120614035088 0.008428362573099417 0.02213815789473684 
0 0.2970723684210526 0.551672149122807 0.012472587719298246 0.022077850877192974 
0 0.4879623538011696 0.5510444078947369 0.01137609649122807 0.026274671052631555 
0 0.16456505847953215 0.551343201754386 0.01761330409356725 0.02362938596491229 
0 0.4604349415204678 0.5527686403508771 0.01918859649122807 0.01781798245614035 
0 0.5060307017543859 0.5523821271929824 0.011779970760233925 0.0325657894736842 
0 0.5203307748538012 0.5521765350877192 0.013410087719298266 0.02699287280701755 
0 0.8284904970760234 0.5527686403508771 0.015350877192982455 0.022478070175438597 
0 0.8149671052631579 0.5535910087719298 0.01827485380116959 0.029331140350877194 
0 0.8283991228070176 0.5738760964912281 0.01827485380116959 0.018914473684210526 
0 0.32227704678362573 0.5541392543859649 0.005847953216374269 0.008223684210526315 
0 0.3153326023391813 0.5587993421052632 0.01516812865497076 0.018092105263157895 
0 0.3260233918128655 0.5607182017543859 0.01160453216374269 0.013157894736842105 
0 0.7457054093567251 0.5538651315789473 0.013888888888888888 0.026589912280701754 
0 0.1073501461988304 0.5546875 0.018753654970760234 0.011885964912280736 
0 0.10224780701754387 0.5605756578947368 0.02136695906432748 0.01796052631578947 
0 0.5862719298245614 0.5529029605263158 0.015213815789473685 0.01726699561403509 
0 0.12454312865497076 0.5563322368421053 0.019173976608187128 0.014057017543859704 
0 0.10827850877192982 0.565405701754386 0.017962353801169582 0.022450657894736867 
0 0.11449926900584795 0.5729084429824561 0.026597222222222237 0.015339912280701765 
0 0.1256999269005848 0.5834237938596492 0.012138157894736835 0.03586348684210525 
0 0.10781432748538013 0.6053782894736842 0.019941520467836257 0.018911732456140293 
0 0.8652229532163743 0.5560581140350878 0.015716374269005847 0.02055921052631579 
0 0.8471308479532164 0.5587582236842105 0.015533625730994151 0.024986293859649147 
0 0.8648574561403509 0.563733552631579 0.014802631578947368 0.03262061403508772 
0 0.8608369883040936 0.5700383771929824 0.017361111111111112 0.028782894736842105 
0 0.8781980994152047 0.5719572368421053 0.01114766081871345 0.03234649122807018 
0 0.4459978070175439 0.5544764254385965 0.013660453216374269 0.02844572368421052 
0 0.16835709064327486 0.5558771929824561 0.01899122807017545 0.022604166666666738 
0 0.2869462719298246 0.5566282894736841 0.011900584795321618 0.020690789473684214 
0 0.6334978070175439 0.5558031798245614 0.010264985380116972 0.022458881578947387 
0 0.1391776315789474 0.5564583333333334 0.01160453216374269 0.030849780701754377 
0 0.369608918128655 0.5579769736842105 0.021564327485380116 0.02138157894736842 
0 0.546875 0.5579769736842105 0.01669956140350879 0.02209429824561401 
0 0.5362755847953217 0.5577796052631578 0.013066520467836257 0.03394736842105261 
0 0.06826388888888889 0.5582510964912281 0.011101973684210526 0.015871710526315815 
0 0.6864948830409356 0.5587993421052632 0.014619883040935672 0.012883771929824562 
0 0.7009320175438597 0.5620888157894737 0.009868421052631578 0.023848684210526317 
0 0.6779057017543859 0.5618777412280702 0.012244152046783625 0.008983004385964907 
0 0.686860380116959 0.5653782894736842 0.00932017543859649 0.011787280701754386 
0 0.6780884502923976 0.5696271929824561 0.02046783625730994 0.019860197368421 
0 0.6945358187134503 0.5714089912280702 0.007675438596491228 0.01206140350877193 
0 0.7650767543859649 0.5593475877192983 0.01425438596491228 0.016721491228070175 
0 0.45390168128654973 0.5593421052631579 0.012198464912280702 0.03152960526315789 
0 0.46121162280701755 0.5665844298245615 0.01069078947368421 0.026206140350877167 
0 0.46500365497076024 0.5903234649122807 0.010782163742690058 0.022478070175438597 
0 0.45842470760233917 0.5919682017543859 0.012609649122807017 0.027894736842105323 
0 0.5951516812865497 0.5601699561403509 0.013857821637426887 0.02338541666666665 
0 0.6049287280701755 0.571702302631579 0.009228801169590644 0.018637609649122748 
0 0.5760453216374268 0.5609923245614035 0.012130847953216395 0.026932565789473683 
0 0.5861202485380117 0.5605071271929825 0.009685672514619883 0.023089364035087726 
0 0.7334612573099415 0.5618146929824561 0.010051169590643274 0.01343201754385965 
0 0.8827668128654971 0.5593969298245615 0.012426900584795321 0.02873355263157893 
0 0.8962902046783626 0.5618640350877192 0.02046783625730994 0.017949561403508778 
0 0.8893457602339181 0.5711348684210527 0.013583698830409344 0.03536184210526316 
0 0.5165533625730994 0.5627275219298246 0.01117141812865499 0.029355811403508812 
0 0.6137006578947368 0.5631853070175439 0.013035453216374256 0.025235745614035073 
0 0.80765716374269 0.5631853070175439 0.008771929824561403 0.015899122807017545 
0 0.01248720760233918 0.5620202850877193 0.01617324561403509 0.02575932017543854 
0 0.35599415204678364 0.5633963815789473 0.019371345029239765 0.02281524122807018 
0 0.08356176900584796 0.5650986842105263 0.021774488304093564 0.013083881578947373 
0 0.7972404970760234 0.5653782894736842 0.011330409356725146 0.022478070175438597 
0 0.7946820175438597 0.5837445175438597 0.01608187134502924 0.024671052631578948 
0 0.8427448830409356 0.5662006578947368 0.005847953216374269 0.01425438596491228 
0 0.8465826023391813 0.5777138157894737 0.01918859649122807 0.01617324561403509 
0 0.12618786549707603 0.5670230263157895 0.014239766081871337 0.014375000000000015 
0 0.30235745614035087 0.5658717105263158 0.012761330409356711 0.02911184210526311 
0 0.41695540935672515 0.5658826754385965 0.009777046783625731 0.021425438596491188 
0 0.5645559210526315 0.5660553728070175 0.014406067251461974 0.021718750000000005 
0 0.5613121345029239 0.5724671052631579 0.009791666666666653 0.028212719298245634 
0 0.43813961988304095 0.5661924342105262 0.008086622807017545 0.013714364035087774 
0 0.4257127192982456 0.5655427631578948 0.008483187134502938 0.028070175438596516 
0 0.4311951754385965 0.5755208333333334 0.008771929824561403 0.02989583333333332 
0 0.6675201023391814 0.5665213815789474 0.015182748538011683 0.026356907894736867 
0 0.8156980994152047 0.5678453947368421 0.007675438596491228 0.01425438596491228 
0 0.21916118421052633 0.5651343201754386 0.02078764619883041 0.0211924342105263 
0 0.2080372807017544 0.5698492324561404 0.013225511695906413 0.021746162280701736 
0 0.21772295321637428 0.5779687499999999 0.016469298245614016 0.025608552631578966 
0 0.1886421783625731 0.5856003289473685 0.019965277777777776 0.016784539473684214 
0 0.2336970029239766 0.5865268640350877 0.01206505847953216 0.02349232456140346 
0 0.20285087719298245 0.5821737938596491 0.015990497076023392 0.040449561403508756 
0 0.2156889619883041 0.5969983552631579 0.019599780701754384 0.02363760964912281 
0 0.16791483918128655 0.5970696271929825 0.025767543859649102 0.028432017543859593 
0 0.1830372807017544 0.6043311403508772 0.012975146198830388 0.029210526315789458 
0 0.17881944444444445 0.6245668859649123 0.015593932748537999 0.03507675438596492 
0 0.2344736842105263 0.5681195175438597 0.017810672514619888 0.014802631578947368 
0 0.39604714912280703 0.5670723684210526 0.014482821637426901 0.017516447368421076 
0 0.3892233187134503 0.5657949561403509 0.014163011695906433 0.020485197368421058 
0 0.376187865497076 0.5733991228070177 0.018883406432748526 0.019665570175438535 
0 0.3660142543859649 0.5914199561403509 0.019981725146198857 0.046052631578947366 
0 0.36782711988304095 0.5688048245614035 0.024168494152046784 0.025422149122806957 
0 0.16931652046783627 0.5682044956140351 0.019142909356725146 0.015265899122807033 
0 0.7087902046783626 0.5692160087719298 0.008589181286549707 0.024396929824561403 
0 0.7091557017543859 0.5911458333333334 0.012792397660818713 0.011239035087719298 
0 0.7422331871345029 0.5694901315789473 0.009868421052631578 0.019736842105263157 
0 0.7616045321637427 0.5694901315789473 0.01699561403508772 0.015899122807017545 
0 0.4700749269005848 0.5697642543859649 0.010279605263157895 0.030153508771929825 
0 0.4798519736842105 0.5700383771929824 0.012198464912280702 0.03042763157894737 
0 0.6216191520467836 0.5686842105263158 0.012960526315789487 0.023569078947368427 
0 0.2720358187134503 0.5695751096491228 0.020849780701754413 0.01607730263157897 
0 0.7256030701754386 0.5708607456140351 0.010599415204678362 0.019462719298245616 
0 0.2847002923976608 0.5725054824561403 0.019301900584795303 0.02281524122807018 
0 0.2727521929824561 0.5890542763157894 0.022456140350877212 0.03131030701754393 
0 0.3439327485380117 0.5714117324561404 0.015031067251461989 0.025764802631578886 
0 0.32648026315789475 0.5764007675438596 0.02266081871345029 0.025435855263157885 
0 0.5419261695906433 0.571592653508772 0.012331871345029242 0.029002192982456064 
0 0.5538194444444444 0.5757373903508772 0.011087353801169604 0.024172149122806973 
0 0.5867598684210527 0.5727796052631579 0.012472587719298246 0.02890350877192984 
0 0.31679459064327486 0.5719243421052632 0.017909356725146198 0.019525767543859655 
0 0.7592288011695907 0.5744243421052632 0.011513157894736841 0.021655701754385966 
0 0.06263706140350878 0.5739172149122808 0.02091008771929825 0.01852247807017536 
0 0.311312134502924 0.5719243421052632 0.010370979532163743 0.024155701754385934 
0 0.3151498538011696 0.5938870614035088 0.01516812865497076 0.02275219298245614 
0 0.3213176169590643 0.5739117324561404 0.02284356725146199 0.02665021929824556 
0 0.66109283625731 0.5741968201754386 0.013417397660818727 0.029558662280701736 
0 0.07661001461988304 0.575172697368421 0.015312500000000003 0.029621710526315775 
0 0.52640716374269 0.5746683114035087 0.012883771929824562 0.029087171052631613 
0 0.5119700292397661 0.5842927631578947 0.01918859649122807 0.026041666666666668 
0 0.5096856725146199 0.5880427631578947 0.014261695906432743 0.028374451754386024 
0 0.7334612573099415 0.5757949561403509 0.011695906432748537 0.02850877192982456 
0 0.4355811403508772 0.5750657894736843 0.012412280701754399 0.030334429824561363 
0 0.4317434210526316 0.6032236842105263 0.014285453216374283 0.02821820175438598 
0 0.4229861111111111 0.608889802631579 0.015533625730994151 0.03816063596491229 
0 0.9023209064327485 0.5741968201754386 0.021167763157894724 0.023802083333333314 
0 0.08752923976608187 0.5759484649122807 0.01183296783625732 0.029769736842105238 
0 0.0954861111111111 0.5771491228070176 0.013516081871345035 0.033163377192982464 
0 0.3547002923976608 0.5757976973684211 0.015913742690058467 0.025005482456140295 
0 0.41080409356725145 0.5775986842105263 0.013812134502923963 0.01630756578947375 
0 0.42370248538011696 0.5855482456140351 0.009945175438596505 0.028157894736842173 
0 0.5996893274853801 0.5779879385964912 0.02167032163742689 0.034690241228070226 
0 0.17479897660818713 0.5777549342105264 0.014756944444444444 0.02737116228070173 
0 0.2947880116959064 0.5772231359649123 0.009731359649122808 0.02351699561403508 
0 0.29577850877192985 0.5935964912280702 0.01411732456140351 0.0313103070175438 
0 0.2754934210526316 0.6010142543859649 0.024305555555555556 0.024202302631578937 
0 0.2888340643274854 0.605860745614035 0.010370979532163743 0.030967653508771998 
0 0.6325840643274854 0.5757648026315789 0.009945175438596505 0.02168585526315793 
0 0.6367415935672515 0.5952576754385965 0.01300621345029241 0.03390625000000001 
0 0.010202850877192983 0.5779139254385965 0.023940058479532164 0.03562774122807012 
0 0.7787828947368421 0.5796326754385965 0.010051169590643274 0.01343201754385965 
0 0.16511330409356725 0.5794627192982457 0.016827485380116965 0.03528234649122808 
0 0.2585434941520468 0.5787116228070175 0.01471125730994152 0.033029057017543925 
0 0.8054641812865497 0.5801809210526315 0.00712719298245614 0.014802631578947368 
0 0.7517361111111112 0.5807291666666666 0.010416666666666666 0.026589912280701754 
0 0.26899122807017545 0.5812774122807017 0.016553362573099403 0.022075109649122862 
0 0.2677485380116959 0.5845449561403508 0.01819261695906436 0.02195449561403513 
0 0.811860380116959 0.5818256578947368 0.01114766081871345 0.015899122807017545 
0 0.5783991228070176 0.5804934210526316 0.012982456140350871 0.0313541666666667 
0 0.6830226608187134 0.5823739035087719 0.01206140350877193 0.033717105263157895 
0 0.4467141812865497 0.5817105263157895 0.012883771929824562 0.019851973684210548 
0 0.5705646929824562 0.5815542763157895 0.009380482456140338 0.029470942982456075 
0 -9.137426900584795e-05 0.5820257675438597 0.01915752923976608 0.0192626096491228 
0 0.2446016081871345 0.5832730263157895 0.022021198830409358 0.020452302631578857 
0 0.246703216374269 0.5940981359649122 0.017086988304093567 0.013667763157894771 
0 0.38234100877192984 0.5837445175438597 0.024183114035087706 0.023955592105263122 
0 0.6482547514619883 0.5826918859649123 0.015107821637426914 0.029287280701754424 
0 0.654422514619883 0.5992242324561403 0.013569078947368422 0.01631853070175444 
0 0.6476151315789473 0.6068283991228071 0.013706140350877192 0.03331962719298251 
0 0.40688961988304095 0.5845668859649122 0.013157894736842105 0.023300438596491228 
0 0.6925255847953217 0.5840186403508771 0.01827485380116959 0.029605263157894735 
0 0.7029422514619883 0.5982730263157895 0.009334795321637413 0.027480811403508772 
0 0.7700109649122807 0.5845668859649122 0.01023391812865497 0.026041666666666668 
0 0.8463998538011696 0.5851151315789473 0.022112573099415205 0.0268640350877193 
0 0.3072916666666667 0.58453125 0.00941154970760234 0.029092653508771958 
0 0.13497441520467837 0.5854742324561404 0.013044590643274854 0.035797697368421096 
0 0.62859466374269 0.586702302631579 0.008589181286549707 0.016504934210526324 
0 0.6210709064327485 0.5876672149122807 0.012275219298245627 0.02863486842105264 
0 0.6309393274853801 0.6014144736842105 0.008406432748538011 0.025076754385964916 
0 0.6152229532163743 0.610608552631579 0.011513157894736841 0.033717105263157895 
0 0.5030007309941521 0.5872532894736843 0.0098830409356725 0.05350877192982451 
0 0.49992324561403506 0.6058744517543859 0.0089857456140351 0.024939692982456144 
0 0.5112390350877193 0.6254111842105263 0.018351608187134515 0.03170778508771932 
0 0.596765350877193 0.5872971491228071 0.012244152046783625 0.03098684210526315 
0 0.5903691520467836 0.5964089912280701 0.013888888888888888 0.03558114035087724 
0 0.7453399122807017 0.5886787280701754 0.01262426900584794 0.026041666666666668 
0 0.21482090643274854 0.5875438596491228 0.01137609649122807 0.02416118421052628 
0 0.21098318713450293 0.6115679824561403 0.008954678362573099 0.016036184210526317 
0 0.412843567251462 0.5863020833333333 0.011878654970760233 0.018275767543859667 
0 0.7886513157894737 0.588952850877193 0.011513157894736841 0.01864035087719298 
0 0.5413925438596491 0.5860690789473684 0.014925073099415218 0.03229166666666672 
0 0.5278691520467836 0.6114309210526315 0.017284356725146187 0.02668311403508776 
0 0.7800621345029239 0.5900493421052632 0.014619883040935672 0.026589912280701754 
0 0.3972039473684211 0.588952850877193 0.010979532163742678 0.025553728070175384 
0 0.1550767543859649 0.5900137061403509 0.011558845029239767 0.028294956140350946 
0 0.5291173245614035 0.5907620614035087 0.015511695906432768 0.02298519736842103 
0 0.671875 0.592516447368421 0.010599415204678362 0.012609649122807017 
0 0.6805555555555556 0.5937362938596491 0.011513157894736841 0.02728892543859654 
0 0.6715095029239766 0.6026589912280702 0.004751461988304093 0.010416666666666666 
0 0.6758954678362573 0.6019572368421052 0.012532894736842092 0.04996710526315783 
0 0.6835709064327485 0.6193804824561403 0.016142178362573086 0.033366228070175384 
0 0.36330409356725146 0.5916228070175438 0.010264985380116972 0.03378837719298251 
0 0.35471491228070173 0.5968174342105264 0.013386330409356726 0.035350877192982466 
0 0.7204861111111112 0.5927905701754386 0.010599415204678362 0.02700109649122807 
0 0.34036915204678364 0.5933388157894737 0.01663011695906433 0.02403234649122809 
0 0.32614583333333336 0.5957209429824561 0.02398574561403509 0.024525767543859593 
0 0.4767909356725146 0.5920504385964913 0.012381213450292397 0.029523026315789423 
0 0.47176535087719296 0.6018366228070176 0.013843201754385965 0.02724232456140354 
0 0.8383589181286549 0.5933388157894737 0.026498538011695907 0.023300438596491228 
0 0.8343384502923976 0.5969024122807017 0.025584795321637425 0.018914473684210526 
0 0.8442068713450293 0.6158168859649122 0.024853801169590642 0.015350877192982455 
0 0.44488669590643276 0.592124451754386 0.017147295321637415 0.03242872807017536 
0 0.7625182748538012 0.5941611842105263 0.01114766081871345 0.0356359649122807 
0 0.7723866959064327 0.598547149122807 0.012426900584795321 0.033717105263157895 
0 0.8100328947368421 0.5947094298245614 0.013706140350877192 0.031524122807017545 
0 0.7307200292397661 0.5952576754385965 0.010599415204678362 0.02055921052631579 
0 0.8191703216374269 0.594983552631579 0.012975146198830409 0.03125 
0 0.8661366959064327 0.5955317982456141 0.019736842105263157 0.02275219298245614 
0 0.19380482456140352 0.5960800438596491 0.010599415204678362 0.03289473684210526 
0 0.828125 0.5974506578947368 0.01699561403508772 0.03179824561403509 
0 -9.137426900584795e-05 0.597922149122807 0.012852704678362572 0.03297149122807023 
0 0.5503472222222222 0.5982291666666667 0.02329312865497077 0.01591557017543858 
0 0.3774671052631579 0.5985197368421052 0.020162646198830396 0.032771381578947295 
0 0.40652412280701755 0.5997313596491228 0.011818347953216388 0.03295504385964907 
0 0.6101059941520468 0.6000685307017545 0.011772660818713464 0.027335526315789418 
0 0.7109831871345029 0.6018366228070176 0.010416666666666666 0.02275219298245614 
0 0.7177448830409356 0.6163678728070177 0.013309576023391799 0.043308662280701696 
0 0.25976973684210525 0.6018064692982455 0.020018274853801164 0.020474232456140367 
0 0.5640533625730995 0.6051260964912281 0.025767543859649123 0.03171052631578943 
0 0.21252192982456142 0.6018804824561403 0.027472587719298232 0.039742324561403516 
0 0.48145102339181284 0.6043037280701754 0.014619883040935672 0.0424890350877193 
0 0.48638523391812866 0.6164391447368421 0.01471125730994152 0.023774671052631584 
0 0.48729897660818716 0.6308278508771931 0.01644736842105263 0.01849780701754374 
0 0.7407711988304093 0.6033470394736843 0.01056834795321636 0.02918585526315784 
0 0.2421875 0.6051260964912281 0.01908991228070176 0.013075657894736793 
0 0.801078216374269 0.6054002192982456 0.019554093567251463 0.029331140350877194 
0 0.417671783625731 0.6059484649122807 0.005847953216374269 0.01699561403508772 
0 0.2366593567251462 0.6080043859649122 0.006441885964912281 0.015800438596491193 
0 0.577264254385965 0.607327302631579 0.021282894736842112 0.028547149122806984 
0 0.7948647660818714 0.6078673245614035 0.01918859649122807 0.03289473684210526 
0 0.7570358187134503 0.6084155701754386 0.014985380116959063 0.036458333333333336 
0 0.7497404970760234 0.6139665570175439 0.014802631578947368 0.03309210526315784 
0 0.6674890350877193 0.6089638157894737 0.01114766081871345 0.03728070175438596 
0 0.6590826023391813 0.6100493421052632 0.012426900584795321 0.04085526315789473 
0 0.37984283625730997 0.6086156798245614 0.022112573099415205 0.026389802631578942 
0 0.7261513157894737 0.6078015350877194 0.016233552631578933 0.025142543859649067 
0 0.7248720760233918 0.6207510964912281 0.01148209064327484 0.026104714912280707 
0 0.5227521929824561 0.609703947368421 0.008665935672514634 0.01425164473684217 
0 0.5277631578947368 0.6116228070175438 0.011650219298245614 0.013769188596491233 
0 0.30180921052631576 0.6102905701754386 0.02288925438596491 0.04309484649122808 
0 0.2911951754385965 0.6144462719298246 0.020985014619883027 0.036085526315789436 
0 0.4361147660818714 0.6106907894736843 0.014269005847953204 0.023865131578947353 
0 0.5396345029239766 0.6113898026315789 0.020946637426900564 0.024257127192982522 
0 0.6914894005847954 0.6111595394736843 0.012152777777777778 0.029602521929824502 
0 0.7760416666666666 0.6128015350877193 0.012792397660818713 0.02631578947368421 
0 0.5126242690058479 0.6125575657894737 0.01952485380116962 0.03642817982456137 
0 0.24205043859649122 0.613577302631579 0.02423611111111109 0.020057565789473705 
0 0.3312317251461988 0.6131222587719298 0.022600511695906447 0.03288651315789468 
0 0.3873355263157895 0.6147203947368421 0.01864035087719298 0.03289473684210526 
0 0.4029751461988304 0.615967653508772 0.010676169590643289 0.029416118421052618 
0 0.40999634502923976 0.6303563596491228 0.020391081871345015 0.04288925438596492 
0 0.467562134502924 0.6147203947368421 0.012609649122807017 0.02138157894736842 
0 0.5550986842105263 0.6138569078947368 0.011948099415204699 0.03396381578947371 
0 0.4529276315789474 0.6155427631578947 0.014862938596491215 0.03264802631578945 
0 0.6228527046783626 0.6158936403508772 0.01343201754385965 0.038368969298245556 
0 0.34804459064327486 0.6169133771929824 0.017437865497076037 0.03094572368421049 
0 0.6025073099415205 0.6152083333333334 0.012975146198830409 0.03432565789473679 
0 0.311937134502924 0.6180098684210527 0.018380847953216362 0.029802631578947313 
0 0.5637646198830409 0.6164281798245614 0.016988304093567257 0.026208881578947404 
0 0.7057894736842105 0.6149972587719299 0.012381213450292397 0.03713267543859638 
0 0.6994700292397661 0.6204769736842105 0.008923611111111097 0.03344298245614035 
0 0.7804276315789473 0.6177357456140351 0.018457602339181287 0.03070175438596491 
0 0.44296783625730995 0.6182839912280702 0.014406067251461974 0.03607182017543863 
0 0.25977704678362573 0.6193804824561403 0.019402412280701768 0.0366995614035088 
0 0.0512609649122807 0.6196546052631579 0.014985380116959063 0.02987938596491228 
0 0.2734831871345029 0.6180564692982456 0.015656067251462003 0.022837171052631566 
0 0.0245796783625731 0.6210252192982456 0.027046783625730993 0.015293311403508762 
0 0.021107456140350877 0.6317160087719298 0.01918859649122807 0.021112938596491222 
0 0.0695358187134503 0.6218475877192983 0.024305555555555556 0.023300438596491228 
0 0.23985745614035087 0.6219188596491229 0.018084795321637433 0.02201480263157893 
0 0.4180372807017544 0.6232182017543859 0.017147295321637415 0.033168859649122806 
0 0.6351425438596491 0.6213541666666667 0.016615497076023406 0.03583059210526317 
0 0.3899543128654971 0.6231387061403509 0.01585343567251462 0.03516721491228069 
0 0.3277138157894737 0.6218009868421053 0.021915204678362585 0.02484649122807014 
0 0.0560124269005848 0.6251370614035088 0.017543859649122806 0.03262061403508772 
0 0.2309027777777778 0.6270559210526315 0.018084795321637433 0.030153508771929825 
0 0.731999269005848 0.6265049342105262 0.013492324561403495 0.03591282894736848 
0 0.040661549707602336 0.6278207236842105 0.014071637426900584 0.032129934210526324 
0 0.15726973684210527 0.6277165570175438 0.01663011695906433 0.038643092105263226 
0 0.4623391812865497 0.6276069078947369 0.012898391812865484 0.036587171052631526 
0 0.45361293859649127 0.6341831140350878 0.01285270467836256 0.027138157894736843 
0 0.6426663011695907 0.626422697368421 0.017878289473684198 0.023659539473684196 
0 0.7447916666666666 0.6311677631578947 0.03294042397660819 0.03368146929824559 
0 0.7434813596491228 0.6427412280701754 0.006441885964912281 0.015016447368421108 
0 0.4350328947368421 0.6317160087719298 0.00932017543859649 0.028464912280701794 
0 0.531889619883041 0.6307154605263158 0.023230994152046765 0.019673793859649118 
0 0.4697551169590643 0.6287719298245614 0.013477704678362573 0.03529057017543854 
0 0.5066703216374269 0.6338925438596491 0.0213669590643275 0.03350328947368415 
0 0.16968201754385964 0.633952850877193 0.009563230994152055 0.028500548245614106 
0 0.488578216374269 0.6402138157894737 0.01921966374269007 0.02823464912280702 
0 0.03499634502923977 0.6389199561403509 0.007309941520467836 0.020756578947368366 
0 0.0625 0.6426809210526315 0.022021198830409358 0.03481359649122807 
0 0.055281432748538015 0.6462445175438597 0.017543859649122806 0.03508771929824561 
0 0.07245979532163743 0.6583059210526315 0.02046783625730994 0.021655701754385966 
0 0.405062134502924 0.6436019736842106 0.02043676900584794 0.03197368421052628 
0 0.46969480994152046 0.6463130482456141 0.02078764619883041 0.030282346491228015 
0 0.634046052631579 0.6463596491228071 0.017361111111111112 0.027845394736842086 
0 0.4434393274853801 0.6510690789473684 0.020498903508771944 0.02779605263157897 
0 0.2033077485380117 0.6747532894736842 0.02412280701754386 0.013706140350877192 
0 0.18996710526315788 0.6821381578947369 0.024305555555555556 0.026606359649122793 
0 0.20055190058479533 0.6892817982456141 0.021396198830409344 0.027960526315789474 
0 0.1994700292397661 0.701891447368421 0.023757309941520467 0.03618421052631579 
0 0.21212536549707603 0.70140625 0.023757309941520467 0.037217653508771924 
0 0.024290935672514617 0.5556825657894737 0.020148026315789474 0.0280921052631579 
0 0.028631213450292396 0.5502713815789474 0.01822916666666667 0.025005482456140357 
0 0.10379385964912281 0.5847560307017544 0.020718201754385965 0.015482456140350882 
0 0.10329130116959065 0.591469298245614 0.01882309941520468 0.019046052631578953 
0 0.1126187865497076 0.5843201754385965 0.019691154970760235 0.025487938596491233 
0 0.09359831871345028 0.5043558114035088 0.027595029239766082 0.020690789473684152 
0 0.11004568713450291 0.5114391447368422 0.01160453216374269 0.01705866228070176 
0 0.11813230994152046 0.5079166666666667 0.013614766081871345 0.0263103070175438 
0 0.12067434210526316 0.5332894736842105 0.011787280701754386 0.01856633771929825 
0 0.11683662280701755 0.5376069078947369 0.01471125730994152 0.021855811403508778 
0 0.14977704678362574 0.5323410087719298 0.0059466374269005785 0.013944627192982426 
0 0.1576809210526316 0.5667406798245613 0.007264254385964912 0.017266995614035153 
0 0.1579093567251462 0.5727467105263159 0.012472587719298246 0.02281524122807018 
0 0.16192251461988302 0.5342406798245615 0.011262792397660818 0.02887883771929828 
0 0.1607419590643275 0.5252768640350878 0.015328947368421051 0.01890899122807018 
0 0.22917397660818714 0.5798464912280702 0.02275219298245614 0.01452576754385959 
0 0.2648172514619883 0.5079797149122807 0.01208516081871347 0.02367050438596495 
0 0.2657547514619883 0.5123793859649123 0.016036184210526317 0.023179824561403495 
0 0.2674872076023392 0.5270559210526315 0.016138523391812855 0.013686951754385982 
0 0.34467105263157893 0.4863157894736842 0.019851973684210548 0.015233004385964958 
0 0.33635599415204676 0.4997669956140351 0.014506578947368442 0.011373355263157896 
0 0.33982090643274854 0.5442132675438597 0.023072002923976608 0.017127192982456144 
0 0.33534356725146197 0.554969846491228 0.023574561403508772 0.020074013157894803 
0 0.3875639619883041 0.5055016447368421 0.01274671052631579 0.021376096491228076 
0 0.3963358918128655 0.5108442982456141 0.008908991228070175 0.025282346491228076 
0 0.38080226608187134 0.5266036184210526 0.013751827485380117 0.02199287280701755 
0 0.5566831140350877 0.5035060307017544 0.014300073099415205 0.015139802631578953 
0 0.5604294590643275 0.5036430921052631 0.017498172514619884 0.020211074561403513 
0 0.6545285087719298 0.5325630482456141 0.026133040935672515 0.013634868421052633 
0 0.6533406432748537 0.5366748903508772 0.025584795321637425 0.017743969298245617 
