0 0.333375 0.3421666666666667 0.008009999999999991 0.02056333333333335 
0 0.24320750000000002 0.3735133333333333 0.014624999999999971 0.012913333333333336 
0 0.26552 0.37418 0.0216875 0.032320000000000015 
0 0.295875 0.38916666666666666 0.0165 0.010666666666666666 
0 0.637875 0.4008333333333333 0.00775 0.02033333333333333 
0 0.327625 0.4045 0.0144375 0.012333333333333333 
0 0.517625 0.41383333333333333 0.011625 0.017333333333333333 
0 0.451875 0.4205 0.012375 0.015353333333333314 
0 0.648625 0.4221666666666667 0.01375 0.011 
0 0.621375 0.43116666666666664 0.007 0.016 
0 0.380875 0.4576133333333333 0.0224375 0.021220000000000027 
0 0.366125 0.4605 0.01675 0.022886666666666694 
0 0.44802 0.4646666666666667 0.015625 0.03166000000000001 
0 0.4389575 0.4665 0.010375 0.02499333333333334 
0 0.537625 0.4675 0.009644999999999982 0.01633333333333333 
0 0.5379575 0.47874333333333335 0.0135625 0.025410000000000005 
0 0.52977 0.46808 0.0125 0.027576666666666673 
0 0.700375 0.4688333333333333 0.01025 0.02800999999999999 
0 0.491625 0.4711666666666667 0.01575 0.023406666666666676 
0 0.579375 0.4711666666666667 0.009542500000000018 0.019666666666666666 
0 0.5457075 0.4715 0.014667500000000017 0.031320000000000014 
0 0.571625 0.4715 0.011394999999999982 0.02798666666666668 
0 0.390625 0.47383333333333333 0.0145 0.025353333333333315 
0 0.525375 0.47383333333333333 0.01275 0.027 
0 0.607875 0.4745 0.009730000000000018 0.02666666666666667 
0 0.380375 0.4751666666666667 0.0148125 0.022603333333333316 
0 0.511375 0.4751666666666667 0.0101875 0.02099000000000001 
0 0.635375 0.47483333333333333 0.006720000000000027 0.016633333333333365 
0 0.641625 0.4751666666666667 0.00725 0.028536666666666634 
0 0.480625 0.4765 0.0095 0.028986666666666678 
0 0.55852 0.4771666666666667 0.0110625 0.02666666666666667 
0 0.555375 0.4886566666666667 0.008457499999999982 0.021176666666666656 
0 0.348375 0.4781666666666667 0.013519999999999982 0.027880000000000033 
0 0.601355 0.4768833333333334 0.0096875 0.023326666666666673 
0 0.616875 0.4775 0.007105000000000018 0.022 
0 0.629125 0.47783333333333333 0.0086875 0.025846666666666653 
0 0.654625 0.4781666666666667 0.008417500000000019 0.027116666666666636 
0 0.569125 0.4779933333333333 0.007832499999999982 0.03199000000000001 
0 0.6209175 0.4795 0.0098125 0.027666666666666666 
0 0.646625 0.4795 0.009042500000000018 0.028333333333333332 
0 0.5858949999999999 0.4801666666666667 0.0115 0.02548666666666668 
0 0.596375 0.4801666666666667 0.0095 0.02666666666666667 
0 0.669875 0.48083333333333333 0.010855000000000017 0.023666666666666666 
0 0.70875 0.4787633333333333 0.016125 0.018330000000000003 
0 0.713875 0.4882633333333333 0.0136875 0.02357000000000001 
0 0.35677 0.48183333333333334 0.018355000000000017 0.013666666666666667 
0 0.5187075 0.48049333333333333 0.0134375 0.02207666666666667 
0 0.423125 0.4831666666666667 0.009832499999999982 0.027599999999999986 
0 0.492125 0.4831666666666667 0.01725 0.025403333333333344 
0 0.468375 0.4813266666666667 0.0124375 0.03049000000000001 
0 0.660875 0.48278999999999994 0.011980000000000018 0.02582666666666667 
0 0.414125 0.4841666666666667 0.009457499999999982 0.02266666666666667 
0 0.3986875 0.48260666666666663 0.0136875 0.026160000000000006 
0 0.676625 0.4865 0.0104375 0.025283333333333304 
0 0.761875 0.48442999999999997 0.0108125 0.02573666666666668 
0 0.777875 0.4871666666666667 0.0099375 0.028333333333333332 
0 0.894875 0.4861666666666667 0.011394999999999982 0.029333333333333333 
0 0.848125 0.4885 0.01175 0.01633333333333333 
0 0.727375 0.48883333333333334 0.0106875 0.02525333333333333 
0 0.8193325 0.48828999999999995 0.0120625 0.023576666666666673 
0 0.978125 0.4905 0.011 0.024666666666666667 
0 0.770375 0.4913733333333333 0.009105000000000018 0.02349333333333334 
0 0.5765825 0.4915 0.010542500000000019 0.018333333333333333 
0 0.795625 0.49183333333333334 0.015082499999999981 0.019666666666666666 
0 0.630875 0.49078666666666665 0.011 0.023380000000000033 
0 0.693125 0.49216666666666664 0.0090625 0.023866666666666637 
0 0.790375 0.49216666666666664 0.015394999999999982 0.03133333333333333 
0 0.811875 0.49216666666666664 0.010394999999999982 0.027666666666666666 
0 0.949875 0.4925 0.01225 0.022653333333333345 
0 0.701125 0.49383333333333335 0.010625 0.02719666666666664 
0 0.836125 0.4945 0.012644999999999983 0.022 
0 0.744625 0.49516666666666664 0.01175 0.015143333333333354 
0 0.822375 0.49483333333333335 0.012 0.025113333333333307 
0 0.885625 0.4955 0.011332499999999981 0.027 
0 0.952875 0.4985 0.0135 0.023333333333333334 
0 0.941625 0.49883333333333335 0.01025 0.024666666666666667 
0 0.902875 0.49827666666666665 0.01025 0.028890000000000023 
0 0.9264574999999999 0.5021666666666667 0.013375 0.021 
0 0.9127075 0.5028333333333334 0.01616750000000002 0.01901999999999998 
0 0.787375 0.5045 0.012644999999999983 0.029083333333333333 
0 0.674125 0.5065 0.015 0.02 
0 0.959375 0.5078333333333334 0.0095 0.027333333333333334 
0 0.937375 0.50782 0.0103125 0.027326666666666673 
0 0.683125 0.5098333333333334 0.011 0.02 
0 0.965875 0.5098333333333334 0.011375 0.02473000000000002 
0 0.732875 0.5125 0.0105 0.024 
0 0.779125 0.5115333333333333 0.00975 0.02630000000000003 
0 0.6591875 0.5145 0.0106875 0.03149333333333334 
0 0.693625 0.5141666666666667 0.009894999999999982 0.023 
0 0.597875 0.5175 0.0135 0.018666666666666668 
0 0.614125 0.5175 0.01275 0.027333333333333334 
0 0.351125 0.51916 0.01725 0.027326666666666673 
0 0.3230625 0.5203233333333334 0.0194375 0.017830000000000002 
0 0.716125 0.5268333333333334 0.020875 0.020666666666666667 
0 0.38748 0.5285 0.015894999999999982 0.01751333333333332 
0 0.37925 0.5298333333333334 0.010125 0.028650000000000016 
0 0.676125 0.5301666666666667 0.0125 0.027 
0 0.6025625 0.5296333333333334 0.0145625 0.016533333333333303 
0 0.3600625 0.5319066666666666 0.0155625 0.022910000000000007 
0 0.640625 0.5328333333333334 0.01375 0.02354333333333337 
0 0.30566750000000004 0.5333733333333333 0.01375 0.02499333333333334 
0 0.666375 0.5329133333333333 0.011875 0.02425333333333333 
0 0.713375 0.5348333333333334 0.0115625 0.028333333333333332 
0 0.399875 0.5365 0.015230000000000018 0.027666666666666666 
0 0.560875 0.5385 0.013 0.029650000000000017 
0 0.429875 0.5391666666666667 0.008855000000000017 0.027673333333333328 
0 0.689625 0.5391666666666667 0.01325 0.024333333333333332 
0 0.789875 0.5395 0.0128125 0.022349999999999984 
0 0.514375 0.5395766666666667 0.0210625 0.027589999999999993 
0 0.372125 0.5404866666666667 0.0090625 0.026326666666666672 
0 0.38973 0.5402633333333333 0.0141875 0.02957666666666667 
0 0.415625 0.5415 0.009105000000000018 0.029 
0 0.699625 0.54052 0.015 0.02398000000000002 
0 0.542875 0.5425 0.0095 0.022570000000000014 
0 0.778375 0.5428333333333333 0.01425 0.026 
0 0.549125 0.5418233333333333 0.0115 0.03207666666666667 
0 0.364125 0.5419866666666667 0.0105 0.025179999999999987 
0 0.42298 0.5451666666666667 0.0121875 0.029666666666666668 
0 0.378625 0.5455 0.01475 0.025666666666666667 
0 0.646125 0.5423800000000001 0.012 0.018119999999999966 
0 0.880875 0.5458333333333333 0.0195 0.013333333333333334 
0 0.475625 0.5468333333333333 0.0105 0.030333333333333334 
0 0.467625 0.5491666666666667 0.0108125 0.026233333333333348 
0 0.405625 0.5437633333333334 0.011667500000000018 0.02707000000000001 
0 0.435875 0.5495 0.009980000000000018 0.024089999999999993 
0 0.603375 0.5498333333333333 0.015394999999999982 0.019650000000000015 
0 0.455625 0.5500733333333333 0.013875 0.02974333333333334 
0 0.580125 0.5521666666666667 0.011644999999999982 0.027 
0 0.449125 0.5528333333333333 0.0135625 0.02431666666666668 
0 0.663375 0.5528333333333333 0.00775 0.029316666666666682 
0 0.53675 0.5509066666666667 0.013625 0.02225999999999999 
0 0.795375 0.5525166666666667 0.0156875 0.026650000000000014 
0 0.590125 0.5551666666666667 0.009 0.027666666666666666 
0 0.439625 0.5561666666666667 0.013230000000000018 0.024419999999999997 
0 0.768875 0.5568333333333333 0.01925 0.02200999999999999 
0 0.669875 0.5566566666666667 0.0099375 0.021843333333333326 
0 0.63273 0.5578766666666667 0.016789999999999965 0.023046666666666625 
0 0.598875 0.5591666666666667 0.010582499999999983 0.024666666666666667 
0 0.624625 0.5595 0.012 0.024589999999999994 
0 0.655625 0.5591666666666667 0.0085625 0.026333333333333334 
0 0.616375 0.5615 0.01025 0.025923333333333326 
0 0.6748125 0.5625 0.0105625 0.021333333333333333 
0 0.646645 0.5617066666666666 0.008480000000000019 0.02879333333333337 
0 0.684625 0.5651666666666667 0.016 0.015666666666666666 
0 0.633625 0.5676233333333333 0.013894999999999982 0.027876666666666702 
0 0.632375 0.5978333333333333 0.0085 0.029666666666666668 
0 0.624125 0.6021666666666666 0.00775 0.02266666666666667 
0 0.492625 0.6198333333333333 0.02025 0.02033333333333333 
0 0.658375 0.6255 0.01625 0.024333333333333332 
0 0.628375 0.6388333333333334 0.0115 0.02033333333333333 
0 0.614375 0.6435 0.014 0.019333333333333334 
0 0.660875 0.6471666666666667 0.0175 0.018333333333333333 
0 0.622875 0.6538333333333334 0.01425 0.016666666666666666 
0 0.585625 0.6575 0.02125 0.021666666666666667 
0 0.609375 0.6608333333333334 0.01075 0.017 
0 0.646625 0.6625 0.01725 0.022 
0 0.548875 0.6665 0.01525 0.014 
0 0.576625 0.6671666666666667 0.014 0.024333333333333332 
0 0.634125 0.6698333333333333 0.0105 0.017666666666666667 
0 0.619375 0.6715 0.01375 0.02033333333333333 
0 0.657625 0.6765 0.01725 0.023666666666666666 
0 0.574625 0.6778333333333333 0.00875 0.028333333333333332 
0 0.609875 0.6785 0.00825 0.02666666666666667 
0 0.669125 0.6858333333333333 0.01125 0.02033333333333333 
0 0.618375 0.6891666666666667 0.0165 0.017333333333333333 
0 0.635625 0.6881666666666667 0.0155 0.017333333333333333 
0 0.602125 0.6898333333333333 0.00775 0.027666666666666666 
0 0.582875 0.6901666666666667 0.012 0.024333333333333332 
0 0.594125 0.6921666666666667 0.00825 0.025666666666666667 
0 0.626875 0.7055 0.02025 0.015666666666666666 
0 0.604625 0.7061666666666667 0.01275 0.018666666666666668 
0 0.618375 0.7071666666666667 0.009 0.017666666666666667 
0 0.583375 0.7148333333333333 0.02175 0.01633333333333333 
