0 0.434 0.6966666666666667 0.01525 0.035666666666666666 
0 0.5835 0.5980966666666666 0.01725 0.026903333333333345 
0 0.2776225 0.7003333333333334 0.016627499999999996 0.04005000000000003 
0 0.524 0.537 0.017 0.01633333333333333 
0 0.5974775 0.5323333333333333 0.024772500000000038 0.012333333333333333 
0 0.35125 0.702 0.0155 0.027666666666666666 
0 0.49025 0.5413333333333333 0.01325 0.019 
0 0.592 0.6290866666666667 0.01175 0.03624666666666667 
0 0.52875 0.6196666666666667 0.018 0.025333333333333333 
0 0.53675 0.6796666666666666 0.01475 0.034666666666666665 
0 0.69775 0.6093333333333333 0.0285 0.014666666666666666 
0 0.6815 0.624 0.0145 0.025526666666666642 
0 0.37375 0.6473333333333333 0.0175 0.025666666666666667 
0 0.53225 0.537 0.0145 0.021 
0 0.48425 0.6316666666666667 0.01425 0.02666666666666667 
0 0.649 0.6963333333333334 0.025 0.02266666666666667 
0 0.6105 0.62592 0.015809999999999946 0.02974666666666667 
0 0.522 0.7003333333333334 0.01125 0.027333333333333334 
0 0.37375 0.693 0.01625 0.034 
0 0.484 0.7096666666666667 0.0285 0.014333333333333333 
0 0.41325 0.688 0.0255 0.020666666666666667 
0 0.548 0.6311166666666667 0.01175 0.0332166666666667 
0 0.46195749999999997 0.5686666666666667 0.02404250000000002 0.015333333333333332 
0 0.5623524999999999 0.521 0.011147500000000036 0.02207666666666667 
0 0.38275 0.7 0.01875 0.04348666666666668 
0 0.508 0.5126666666666667 0.0105 0.022333333333333334 
0 0.4485 0.625 0.01025 0.027666666666666666 
0 0.5455 0.5446666666666666 0.021 0.013 
0 0.414 0.7023333333333334 0.02475 0.021333333333333333 
0 0.51175 0.646 0.0275 0.015333333333333332 
0 0.42125 0.6223333333333333 0.01275 0.024333333333333332 
0 0.46075 0.6916666666666667 0.0125 0.03333333333333333 
0 0.43275 0.582 0.014 0.030666666666666665 
0 0.44425 0.704 0.01325 0.03133333333333333 
0 0.33275 0.7016666666666667 0.02025 0.030666666666666665 
0 0.491 0.6483333333333333 0.0145 0.03233333333333333 
0 0.58775 0.5243333333333333 0.0145 0.017 
0 0.538 0.6266999999999999 0.01225 0.02730000000000003 
0 0.362 0.623 0.02525 0.016666666666666666 
0 0.32025 0.5886666666666667 0.0195 0.025666666666666667 
0 0.3545 0.5306666666666666 0.0215 0.023666666666666666 
0 0.3235 0.7666666666666667 0.017 0.027666666666666666 
0 0.36225 0.69 0.01625 0.033 
0 0.57275 0.522 0.010602499999999964 0.02099333333333334 
0 0.48725 0.784 0.02525 0.021666666666666667 
0 0.3035 0.7013333333333334 0.0165 0.026333333333333334 
0 0.452 0.6986666666666667 0.01175 0.03233333333333333 
0 0.34275 0.6486666666666666 0.0205 0.020663333333333336 
0 0.39525 0.6136666666666667 0.016 0.028 
0 0.568 0.555 0.02775 0.013333333333333334 
0 0.557 0.6266666666666667 0.01 0.027333333333333334 
0 0.54375 0.537 0.02125 0.010666666666666666 
0 0.70525 0.6193333333333333 0.02325 0.019333333333333334 
0 0.51625 0.6223333333333333 0.017 0.026 
0 0.51825 0.5233333333333333 0.01225 0.018666666666666668 
0 0.3495 0.6313333333333333 0.016 0.027 
0 0.39375 0.6373333333333333 0.0175 0.027666666666666666 
0 0.31125 0.614 0.01675 0.017333333333333333 
0 0.62625 0.588 0.014 0.026 
0 0.52825 0.6893333333333334 0.01475 0.035333333333333335 
0 0.5115 0.5253333333333333 0.01075 0.018333333333333333 
0 0.41025 0.6046666666666667 0.0155 0.027 
0 0.45175 0.61234 0.01375 0.02499333333333334 
0 0.557 0.7013333333333334 0.02375 0.029333333333333333 
0 0.4775 0.559 0.025 0.011333333333333334 
0 0.31825 0.6373333333333333 0.0205 0.028 
0 0.66425 0.596 0.017 0.021 
0 0.30375 0.8506666666666667 0.0145 0.018333333333333333 
0 0.32575 0.5653333333333334 0.01025 0.023333333333333334 
0 0.386 0.5516666666666666 0.01525 0.018 
0 0.624 0.6096666666666667 0.01425 0.030333333333333334 
0 0.44275 0.5776666666666667 0.01375 0.026333333333333334 
0 0.67825 0.598 0.0175 0.023666666666666666 
0 0.55025 0.6023333333333334 0.016 0.021666666666666667 
0 0.60225 0.518 0.01275 0.014333333333333333 
0 0.3475 0.568 0.01525 0.017666666666666667 
0 0.465 0.6153333333333333 0.01125 0.024 
0 0.60375 0.702 0.022 0.036 
0 0.51475 0.544 0.014 0.015 
0 0.49525 0.6203333333333333 0.01325 0.03333333333333333 
0 0.4545 0.54 0.0095 0.025666666666666667 
0 0.57625 0.6936666666666667 0.02025 0.025666666666666667 
0 0.54675 0.52 0.0185 0.01 
0 0.43575 0.616 0.01225 0.033666666666666664 
0 0.499 0.611 0.01675 0.016 
0 0.35375 0.51339 0.0169375 0.02557666666666667 
0 0.3709375 0.50764 0.0146875 0.020330000000000004 
0 0.365875 0.5173066666666667 0.01425 0.015163333333333336 
0 0.38275 0.5113066666666667 0.016625 0.01799666666666667 
0 0.383125 0.50331 0.01525 0.01199666666666667 
0 0.3918125 0.5039766666666667 0.0234375 0.013163333333333336 
0 0.3735625 0.5278866666666667 0.0169375 0.013580000000000004 
0 0.3965625 0.51714 0.0109375 0.017576666666666674 
0 0.398875 0.5147233333333333 0.029497500000000003 0.011413333333333336 
0 0.396 0.52497 0.02125 0.016163333333333335 
0 0.4139375 0.5043933333333334 0.013872500000000003 0.013663333333333336 
0 0.38977 0.5332733333333333 0.026 0.018080000000000002 
0 0.3938325 0.5484366666666667 0.0305 0.017663333333333336 
0 0.508915 0.5604333333333333 0.019374999999999944 0.018330000000000003 
0 0.426145 0.5035866666666666 0.0205625 0.013080000000000003 
0 0.4455825 0.5005866666666666 0.012875 0.018830000000000003 
0 0.4265825 0.51142 0.021125 0.014076666666666673 
0 0.45302 0.4912566666666667 0.013125 0.018413333333333337 
0 0.42052 0.5244133333333333 0.012625 0.019080000000000003 
0 0.408145 0.52125 0.0134375 0.015660000000000007 
0 0.4285825 0.5183333333333333 0.0125 0.017413333333333336 
0 0.438145 0.5179166666666667 0.020625 0.010330000000000002 
0 0.4547075 0.5095033333333333 0.01 0.017410000000000005 
0 0.46452 0.5052533333333333 0.0134375 0.012663333333333337 
0 0.403915 0.53505 0.021 0.01624666666666667 
0 0.4087275 0.5394666666666666 0.0200625 0.015830000000000004 
0 0.41672750000000003 0.5433 0.0133125 0.02099333333333334 
0 0.426665 0.5433833333333333 0.01225 0.020076666666666673 
0 0.441415 0.52497 0.0199375 0.008330000000000002 
0 0.435665 0.5278866666666667 0.018875 0.010413333333333337 
0 0.43185250000000003 0.5349666666666667 0.023125 0.01199666666666667 
0 0.46129000000000003 0.5150566666666667 0.016375 0.011080000000000003 
0 0.46079000000000003 0.5198900000000001 0.017125 0.01174666666666667 
0 0.44854 0.5298033333333334 0.0243125 0.01449666666666667 
0 0.4616025 0.5310533333333334 0.0178125 0.014576666666666674 
0 0.43129 0.5384666666666666 0.01275 0.022826666666666672 
0 0.4407275 0.5467966666666667 0.0121875 0.02074666666666667 
0 0.4471025 0.5452166666666667 0.0128125 0.025489999999999933 
0 0.397625 0.5599066666666667 0.0233125 0.014163333333333337 
0 0.418 0.5603233333333334 0.024372500000000002 0.017910000000000006 
0 0.4024375 0.5644033333333334 0.0136875 0.028160000000000004 
0 0.3846875 0.56582 0.0164375 0.023326666666666673 
0 0.378375 0.5508233333333333 0.01075 0.022413333333333337 
0 0.3696875 0.5619066666666667 0.014625 0.018576666666666672 
0 0.3745 0.5785666666666667 0.0198125 0.022993333333333338 
0 0.3711875 0.5881466666666667 0.0259375 0.020580000000000005 
0 0.38825 0.5699033333333333 0.0148125 0.026410000000000006 
0 0.398375 0.5749 0.0145 0.022830000000000003 
0 0.4326225 0.56257 0.02325 0.021163333333333336 
0 0.4143125 0.56957 0.026560000000000004 0.023910000000000008 
0 0.42225 0.5821500000000001 0.014622500000000002 0.026826666666666672 
0 0.4774975 0.4899233333333333 0.0150625 0.013580000000000004 
0 0.477185 0.5072533333333333 0.0109375 0.01674666666666667 
0 0.4869975 0.50542 0.0133125 0.018663333333333337 
0 0.49456 0.5052533333333333 0.0080625 0.014830000000000003 
0 0.5009975 0.50542 0.013499999999999943 0.018163333333333337 
0 0.5165599999999999 0.5065866666666666 0.0106875 0.01708 
0 0.5008725 0.5224166666666666 0.0068125 0.01099666666666667 
0 0.4857475 0.52275 0.0165 0.014660000000000006 
0 0.49031 0.53133 0.0214375 0.00999666666666667 
0 0.5052475 0.5392433333333333 0.010749999999999944 0.01974666666666667 
0 0.493935 0.5395766666666667 0.0138125 0.01499666666666667 
0 0.4722475 0.5194166666666666 0.019875 0.01199666666666667 
0 0.47731 0.5224166666666666 0.019125 0.014826666666666672 
0 0.4703725 0.53108 0.017 0.027326666666666673 
0 0.4639975 0.53483 0.0148125 0.026410000000000006 
0 0.47406 0.53508 0.017875 0.02249333333333334 
0 0.476935 0.5546566666666667 0.0183125 0.006666666666666667 
0 0.45624750000000003 0.55849 0.023 0.017660000000000006 
0 0.500685 0.55424 0.025374999999999943 0.021160000000000005 
0 0.52779 0.51275 0.0091875 0.012163333333333337 
0 0.536415 0.5120833333333333 0.0238125 0.00799666666666667 
0 0.5353525 0.5185833333333333 0.0178125 0.01549333333333334 
0 0.5357274999999999 0.5266633333333334 0.019125 0.01124666666666667 
0 0.5263525 0.5192466666666666 0.0126875 0.018663333333333337 
0 0.5826024999999999 0.5198333333333334 0.0118125 0.016410000000000004 
0 0.36225 0.6004866666666667 0.022247500000000003 0.019163333333333338 
0 0.3383125 0.62473 0.0166875 0.02899333333333334 
0 0.3835 0.6189 0.016810000000000002 0.027910000000000008 
0 0.30827 0.64009 0.013 0.026906666666666676 
0 0.36427 0.64592 0.015125 0.030410000000000006 
0 0.3835825 0.6495033333333333 0.0278125 0.02449333333333334 
0 0.40326999999999996 0.6228433333333333 0.0125625 0.028906666666666674 
0 0.41208249999999996 0.6320066666666666 0.012625 0.03649000000000001 
0 0.44866500000000004 0.5880133333333333 0.0211875 0.02599333333333334 
0 0.46279000000000003 0.5875133333333333 0.01325 0.025326666666666674 
0 0.470665 0.59093 0.0091875 0.024826666666666674 
0 0.45966500000000005 0.6119233333333334 0.017 0.0105 
0 0.475165 0.6053433333333333 0.014125 0.023826666666666673 
0 0.48379 0.6152566666666667 0.01125 0.02274333333333334 
0 0.4722275 0.6253366666666667 0.0133125 0.023663333333333335 
0 0.45779000000000003 0.6282533333333333 0.012125 0.03141000000000001 
0 0.47110250000000004 0.6358366666666667 0.021125 0.020826666666666674 
0 0.5079975 0.6222 0.014437499999999943 0.02982666666666667 
0 0.51804 0.6037866666666666 0.01825 0.022830000000000003 
0 0.534165 0.5999566666666666 0.014875 0.022993333333333338 
0 0.5434775 0.6082033333333333 0.01175 0.018580000000000003 
0 0.549415 0.6154533333333333 0.019375 0.01782666666666667 
0 0.56583 0.60093 0.0110625 0.02349333333333334 
0 0.5696425 0.61659 0.01225 0.030993333333333338 
0 0.5648925 0.6226733333333333 0.010125 0.02957666666666667 
0 0.57608 0.60626 0.0093125 0.021330000000000002 
0 0.5805175 0.62334 0.013 0.030743333333333338 
0 0.5902050000000001 0.6167566666666666 0.0150625 0.02582666666666667 
0 0.5991425 0.6124266666666667 0.0115 0.033990000000000006 
0 0.604705 0.60143 0.0115625 0.026326666666666672 
0 0.6082675000000001 0.61984 0.009 0.01799666666666667 
0 0.6159975 0.5973433333333333 0.01125 0.020913333333333336 
0 0.6103725 0.61234 0.0170625 0.020330000000000004 
0 0.6248724999999999 0.6332533333333333 0.0181875 0.019326666666666673 
0 0.6319975 0.6071766666666667 0.013375 0.028906666666666674 
0 0.6406225 0.6105066666666666 0.0121875 0.02924333333333334 
0 0.6473099999999999 0.59676 0.0146875 0.02949333333333334 
0 0.661435 0.6064266666666667 0.01075 0.026660000000000007 
0 0.64506 0.6219233333333333 0.018375 0.02624000000000001 
0 0.6695599999999999 0.61134 0.01875 0.024910000000000005 
0 0.6690175 0.6174499999999999 0.0223125 0.023160000000000007 
0 0.693955 0.6185333333333333 0.0123125 0.023660000000000007 
0 0.3977275 0.6926666666666667 0.0154375 0.031489999999999935 
0 0.4831425 0.6851133333333334 0.031187500000000055 0.021910000000000006 
0 0.4841425 0.70011 0.029312500000000057 0.01824333333333334 
0 0.5099549999999999 0.68028 0.014750000000000056 0.030910000000000083 
0 0.5200175 0.6765333333333333 0.011125 0.025076666666666674 
0 0.5493300000000001 0.6968599999999999 0.0124375 0.03990666666666675 
0 0.5263724999999999 0.66584 0.0311875 0.018496666666666745 
0 0.55131 0.6775033333333333 0.0196875 0.027576666666666597 
0 0.5678724999999999 0.6740033333333333 0.012625 0.03199333333333326 
0 0.5547875 0.7582666666666668 0.0155 0.027160000000000007 
0 0.42583 0.77465 0.016375 0.01983000000000008 
0 0.40258 0.7704866666666667 0.012 0.01849333333333334 
