0 0.408 0.33466666666666667 0.028 0.04633333333333333 
0 0.3865 0.37766666666666665 0.0195 0.032 
0 0.354 0.693 0.034 0.03766666666666667 
0 0.4800775 0.3343333333333333 0.033 0.08031000000000002 
0 0.40225 0.377 0.02525 0.06866666666666667 
0 0.29425 0.7866666666666666 0.0325 0.04733333333333333 
0 0.45625 0.32666666666666666 0.030160000000000024 0.07532666666666667 
0 0.63 0.547 0.04 0.043 
0 0.384 0.5536666666666666 0.0315 0.042666666666666665 
0 0.37025 0.348 0.03975 0.037333333333333336 
0 0.34275 0.4806666666666667 0.031 0.025 
0 0.30175 0.552 0.03225 0.042666666666666665 
0 0.4308525 0.3274166666666667 0.03539749999999998 0.06558333333333333 
0 0.33725 0.457 0.0235 0.027333333333333334 
0 0.4125 0.5386666666666666 0.02275 0.027 
0 0.42425 0.2946666666666667 0.05516000000000003 0.03866666666666667 
0 0.423 0.38966666666666666 0.026 0.052 
0 0.33125 0.8 0.0305 0.043666666666666666 
0 0.491 0.574 0.05225 0.035 
0 0.32975 0.4053333333333333 0.02325 0.050333333333333334 
0 0.51825 0.614 0.02475 0.036333333333333336 
0 0.30225 0.39066666666666666 0.027 0.07433333333333333 
0 0.367 0.35 0.019 0.029 
0 0.4005 0.4673333333333333 0.0275 0.044333333333333336 
0 0.24575 0.4216666666666667 0.03525 0.04733333333333333 
0 0.315 0.5253333333333333 0.0295 0.027333333333333334 
0 0.34191000000000005 0.37933 0.0455 0.09731000000000002 
0 0.34866 0.4393166666666667 0.05325 0.057650000000000014 
0 0.38291000000000003 0.4219866666666667 0.034 0.05632000000000001 
0 0.41741 0.4246533333333333 0.0455 0.059650000000000016 
0 0.45016 0.39466 0.05675 0.054320000000000014 
0 0.3488275 0.34632666666666667 0.05075 0.08231333333333335 
0 0.2753275 0.3739866666666667 0.036 0.07964666666666669 
0 0.2850775 0.45930000000000004 0.0685 0.043319999999999935 
0 0.30082749999999997 0.49728999999999995 0.06225 0.04398666666666668 
0 0.21583000000000002 0.51195 0.06749749999999997 0.04499000000000001 
0 0.3500775 0.4936233333333333 0.06775 0.03865666666666667 
0 0.44707749999999996 0.44830000000000003 0.03825 0.048989999999999936 
0 0.47632749999999996 0.41864333333333337 0.05725 0.06598333333333335 
0 0.4648275 0.47796000000000005 0.019 0.029326666666666598 
0 0.4708275 0.47629333333333335 0.07524750000000006 0.04432333333333326 
0 0.4928275 0.49128999999999995 0.04475 0.055653333333333346 
0 0.4375775 0.4959766666666667 0.0375 0.05698333333333335 
0 0.4700775 0.5206366666666667 0.0255 0.05564999999999994 
0 0.4955775 0.5118033333333334 0.061837499999999976 0.07448333333333328 
0 0.4640775 0.5719566666666667 0.03425 0.06398333333333335 
0 0.4365775 0.5459633333333334 0.04 0.055316666666666604 
0 0.3765775 0.5093066666666667 0.062 0.04798666666666668 
0 0.32757749999999997 0.5432966666666666 0.06075 0.06931666666666661 
0 0.26958 0.48164666666666667 0.0564975 0.06831333333333335 
0 0.12758 0.5526266666666667 0.05350000000000001 0.09330999999999995 
0 0.24708000000000002 0.6262733333333333 0.06624749999999997 0.05165333333333334 
0 0.26408 0.5706233333333333 0.0684975 0.07531333333333336 
0 0.3160775 0.5956166666666667 0.051 0.06131666666666668 
0 0.33007749999999997 0.5752866666666666 0.048 0.06665000000000001 
0 0.3858275 0.5629566666666667 0.07325 0.05298666666666668 
0 0.3773275 0.6139833333333333 0.0405 0.09730666666666661 
0 0.33732999999999996 0.6499733333333334 0.0457475 0.06198333333333327 
0 0.26233 0.6699700000000001 0.074 0.04265333333333327 
0 0.21708000000000002 0.6942966666666667 0.06824999999999998 0.05865000000000009 
0 0.18483000000000002 0.7659433333333333 0.08799999999999997 0.0636500000000001 
0 0.21033000000000002 0.79127 0.07849999999999997 0.05599666666666674 
0 0.16233 0.81894 0.06475 0.0456566666666666 
0 0.23258 0.8086099999999999 0.06049999999999997 0.06065000000000009 
0 0.28232999999999997 0.8336033333333334 0.0395 0.043990000000000085 
0 0.4145775 0.5986566666666667 0.042 0.07698000000000002 
0 0.4375775 0.60632 0.0405 0.07431333333333336 
0 0.4045775 0.6259833333333333 0.051 0.08031000000000002 
0 0.4543275 0.6459766666666666 0.0485 0.08464333333333335 
0 0.4640775 0.63998 0.0655 0.062316666666666604 
0 0.49082749999999997 0.6653066666666667 0.0335 0.0543166666666666 
0 0.4678275 0.6109866666666667 0.0625 0.047320000000000015 
0 0.5220775 0.6439766666666666 0.03625 0.07298333333333334 
0 0.5513275 0.6459766666666666 0.05874750000000006 0.03865666666666667 
0 0.5745775 0.66464 0.05724750000000006 0.05764999999999994 
0 0.5455774999999999 0.69463 0.05374750000000006 0.045990000000000086 
0 0.5163274999999999 0.6906333333333333 0.047 0.04865333333333335 
0 0.48082749999999996 0.7186233333333333 0.06425 0.03532666666666667 
0 0.41732749999999996 0.6833 0.05525 0.06164999999999994 
0 0.3810775 0.7066266666666667 0.061 0.04298999999999993 
0 0.4423275 0.7359533333333333 0.06725 0.03598999999999993 
0 0.29533 0.70996 0.062247500000000004 0.04398999999999993 
0 0.3448275 0.7226233333333333 0.03825 0.05965000000000009 
0 0.3773275 0.73962 0.06925 0.03632333333333327 
0 0.4285775 0.7639466666666667 0.03775 0.055983333333333274 
0 0.45557749999999997 0.7506166666666666 0.0735 0.061983333333333425 
0 0.5155775 0.7462833333333333 0.03825 0.08564333333333343 
0 0.5400775 0.7329533333333333 0.06749750000000006 0.05165333333333334 
0 0.5913275 0.71196 0.04124750000000006 0.04865333333333335 
0 0.6218250000000001 0.62865 0.06275 0.03832333333333334 
0 0.625075 0.59899 0.07325249999999994 0.03865666666666667 
0 0.5893275 0.5873266666666667 0.03624750000000006 0.04265333333333335 
0 0.6976525 0.4053633333333333 0.0745 0.041323333333333344 
0 0.7901525 0.63197 0.0305 0.0823266666666666 
0 0.8071525 0.6806233333333332 0.05 0.07398000000000002 
0 0.24382749999999997 0.7039933333333334 0.08125 0.0733166666666666 
0 0.2780775 0.76198 0.0675 0.0396566666666666 
0 0.3038275 0.7466499999999999 0.07225 0.04865333333333335 
0 0.3620775 0.7753099999999999 0.0715 0.04865333333333335 
0 0.3560775 0.8192966666666667 0.04475 0.026993333333333338 
0 0.38357749999999996 0.79997 0.05125 0.07331333333333336 
0 0.41982749999999996 0.8079666666666667 0.06 0.05598666666666668 
0 0.4648275 0.8212966666666667 0.08924750000000006 0.045990000000000086 
0 0.4753275 0.78664 0.05349750000000006 0.046653333333333345 
0 0.5440775 0.76632 0.064 0.04698666666666668 
0 0.5478275 0.7986466666666667 0.06275 0.04298666666666668 
0 0.5610775 0.8346366666666666 0.0735 0.04932000000000001 
0 0.6063275 0.7666533333333333 0.05225 0.07531333333333336 
0 0.2273275 0.8616433333333333 0.0625 0.04865333333333335 
0 0.2740775 0.8583099999999999 0.05375 0.06431666666666676 
0 0.3140775 0.8336499999999999 0.029 0.04398666666666668 
0 0.3455775 0.8386466666666667 0.04925 0.06664999999999995 
0 0.3138275 0.8876333333333334 0.03525 0.07464999999999994 
0 0.2388275 0.8949666666666667 0.044 0.04198999999999993 
0 0.21982749999999998 0.9316233333333332 0.045 0.06865000000000009 
0 0.17033 0.9669466666666667 0.036997499999999975 0.03266000000000001 
0 0.2538275 0.9556166666666667 0.049 0.044656666666666754 
0 0.2578275 0.9042966666666666 0.055 0.05865000000000009 
0 0.29632749999999997 0.9596166666666667 0.05425 0.04232000000000001 
0 0.3405775 0.8503099999999999 0.02775 0.0913100000000001 
0 0.3550775 0.9036299999999999 0.05275 0.07165000000000009 
0 0.3470775 0.9629466666666667 0.03475 0.0386566666666666 
0 0.3908275 0.8523099999999999 0.0515 0.07264666666666668 
0 0.41632749999999996 0.8823033333333333 0.03025 0.11230333333333344 
0 0.3918275 0.9279566666666667 0.0355 0.07265000000000009 
0 0.4353275 0.8456466666666667 0.038997500000000004 0.09864000000000002 
0 0.42432749999999997 0.94662 0.03825 0.0543166666666666 
0 0.4800775 0.8609866666666667 0.06475 0.04698666666666668 
0 0.45916500000000005 0.8671633333333333 0.029 0.11880000000000003 
0 0.48491500000000004 0.89632 0.0411225 0.08231333333333335 
0 0.49304000000000003 0.9026533333333333 0.0432475 0.09230999999999995 
0 0.5000775 0.9756133333333333 0.051 0.026326666666666672 
0 0.5300775 0.8989666666666667 0.03625 0.0993066666666667 
0 0.5398275 0.8283200000000001 0.03375 0.09264333333333327 
0 0.5578275 0.8783066666666667 0.0785 0.05632000000000001 
0 0.5543275 0.9212966666666667 0.0795 0.039653333333333346 
0 0.5628275 0.9456233333333333 0.09625 0.04498666666666668 
0 0.5873275 0.9756133333333333 0.05 0.024660000000000005 
0 0.6160775 0.7006866666666667 0.06375 0.07431333333333336 
0 0.6603275 0.7510066666666667 0.05299750000000006 0.07331333333333336 
0 0.6395775 0.8009933333333333 0.061 0.03598999999999993 
0 0.6323274999999999 0.8426499999999999 0.039 0.11230333333333344 
0 0.6593275 0.8176566666666666 0.057997500000000056 0.0656500000000001 
0 0.6833275 0.8423166666666666 0.04424750000000006 0.0853100000000001 
0 0.718825 0.8096566666666666 0.05775 0.08064666666666669 
0 0.6603275 0.8889699999999999 0.06999750000000006 0.0893100000000001 
0 0.745075 0.8859699999999999 0.06175 0.06598333333333342 
0 0.690155 0.5299866666666667 0.041 0.07798000000000002 
0 0.723155 0.49266333333333334 0.062 0.04265333333333335 
0 0.7198275 0.6139666666666667 0.05 0.06831666666666661 
0 0.7423275 0.5806433333333334 0.0345 0.08464333333333328 
0 0.57533 0.6252966666666667 0.07224749999999995 0.06865000000000002 
0 0.45057749999999996 0.96763 0.04925 0.03199000000000009 
0 0.5550775 0.9869566666666666 0.02625 0.01333000000000008 
0 0.5339149999999999 0.5584566666666666 0.04125 0.08431333333333335 
