0 0.63325 0.29633333333333334 0.02325 0.050333333333333334 
0 0.7535 0.379 0.0225 0.05633333333333333 
0 0.3715 0.29233333333333333 0.0265 0.03666666666666667 
0 0.596 0.7016666666666667 0.02675 0.06133333333333333 
0 0.26825 0.33166666666666667 0.0205 0.05 
0 0.58225 0.3353333333333333 0.03575 0.029 
0 0.82325 0.4056666666666667 0.02275 0.04466666666666667 
0 0.57275 0.372 0.0215 0.047 
0 0.79675 0.4093333333333333 0.032 0.029 
0 0.531 0.2856666666666667 0.0185 0.032 
0 0.25475 0.47933333333333333 0.032 0.041666666666666664 
0 0.65275 0.158 0.036 0.027 
0 0.4995 0.25866666666666666 0.0255 0.041666666666666664 
0 0.419 0.203 0.0225 0.03233333333333333 
0 0.9075 0.44266666666666665 0.0225 0.027333333333333334 
0 0.932 0.468 0.025 0.061 
0 0.74725 0.49266666666666664 0.0255 0.029333333333333333 
0 0.4055 0.23966666666666667 0.01375 0.04466666666666667 
0 0.532 0.619 0.03 0.05366666666666667 
0 0.517 0.2703333333333333 0.028 0.04466666666666667 
0 0.53625 0.2986666666666667 0.0275 0.043 
0 0.521 0.4836666666666667 0.0235 0.028 
0 0.493 0.3293333333333333 0.021 0.04133333333333333 
0 0.2905 0.5293333333333333 0.04025 0.027333333333333334 
0 0.4585 0.23533333333333334 0.0225 0.045 
0 0.59775 0.308 0.035 0.03133333333333333 
0 0.82325 0.4483333333333333 0.02425 0.06066666666666667 
0 0.3835 0.24066666666666667 0.023 0.05733333333333333 
0 0.71225 0.37033333333333335 0.013 0.04066666666666666 
0 0.572 0.4846666666666667 0.02125 0.035 
0 0.56475 0.2683333333333333 0.02625 0.06466666666666666 
0 0.71725 0.3863333333333333 0.02325 0.06233333333333333 
0 0.419 0.23533333333333334 0.0165 0.05333333333333334 
0 0.49125 0.2996666666666667 0.025 0.035 
0 0.6585 0.39566666666666667 0.02775 0.04566666666666667 
0 0.93375 0.5356666666666666 0.02125 0.05633333333333333 
0 0.72 0.4206666666666667 0.0305 0.050333333333333334 
0 0.4285 0.246 0.02075 0.05 
0 0.95525 0.5166666666666667 0.0265 0.05433333333333333 
0 0.51325 0.323 0.01775 0.04533333333333334 
0 0.66825 0.4146666666666667 0.0295 0.049 
0 0.486 0.5936666666666667 0.0275 0.059333333333333335 
0 0.51675 0.386 0.02625 0.049666666666666665 
0 0.6875 0.36033333333333334 0.02625 0.056666666666666664 
0 0.72275 0.3406666666666667 0.0345 0.033 
0 0.589 0.47933333333333333 0.02475 0.052 
0 0.87825 0.4206666666666667 0.02025 0.05533333333333333 
0 0.51875 0.44666666666666666 0.0385 0.04033333333333333 
0 0.53775 0.49333333333333335 0.03325 0.04533333333333334 
0 0.899 0.43233333333333335 0.01275 0.034333333333333334 
0 0.477 0.25433333333333336 0.0185 0.044333333333333336 
0 0.591 0.43066666666666664 0.0355 0.042666666666666665 
0 0.74125 0.38766666666666666 0.02475 0.057666666666666665 
0 0.90575 0.506 0.03775 0.025666666666666667 
0 0.453 0.41133333333333333 0.027 0.06366666666666666 
0 0.33375 0.20823333333333335 0.03549000000000001 0.049433333333333315 
0 0.751 0.283 0.040412500000000025 0.06739666666666669 
0 0.531 0.391 0.01825 0.061 
0 0.16574250000000001 0.20856666666666668 0.062 0.049319999999999975 
0 0.1857425 0.2258933333333333 0.0375 0.04565666666666668 
0 0.2114925 0.19190333333333334 0.03725 0.06531666666666665 
0 0.2434925 0.20856666666666668 0.03225 0.02898999999999997 
0 0.2082425 0.2288933333333333 0.0465 0.06498333333333335 
0 0.2432425 0.21456333333333336 0.042 0.06831666666666665 
0 0.2187425 0.2658833333333333 0.032 0.08264666666666665 
0 0.2572425 0.25922 0.026 0.06864666666666669 
0 0.2412425 0.2812133333333333 0.02975 0.08564333333333332 
0 0.2797425 0.20190333333333335 0.03125 0.062316666666666645 
0 0.3032425 0.17724333333333334 0.03275 0.06897999999999999 
0 0.2712425 0.24755666666666665 0.04275 0.09164333333333335 
0 0.2917425 0.24422666666666665 0.037 0.0769766666666667 
0 0.2867425 0.30887333333333333 0.052 0.03265999999999997 
0 0.3202425 0.24622333333333332 0.0305 0.08198000000000003 
0 0.3227425 0.16957666666666668 0.0422475 0.07064999999999998 
0 0.3504925 0.2109 0.031747500000000005 0.06864999999999997 
0 0.36174 0.22856333333333334 0.03225 0.06431666666666665 
0 0.39124000000000003 0.28154999999999997 0.03725 0.07464666666666665 
0 0.3367425 0.2738833333333333 0.0329975 0.07697999999999998 
0 0.28049250000000003 0.33588666666666667 0.054997500000000005 0.05498666666666664 
0 0.2884925 0.33422 0.028 0.028660000000000043 
0 0.35599000000000003 0.34321666666666667 0.0265 0.0376566666666666 
0 0.35899000000000003 0.30756 0.0385 0.07997999999999998 
0 0.3157425 0.34355 0.0412475 0.07131666666666661 
0 0.33749 0.37021000000000004 0.033 0.0733166666666666 
0 0.3037425 0.41219999999999996 0.0412475 0.03799000000000001 
0 0.35074 0.38420666666666664 0.0595 0.040656666666666674 
0 0.41474 0.37821000000000005 0.0325 0.07064666666666661 
0 0.44399 0.34955 0.02425 0.06864999999999993 
0 0.45249 0.3428833333333334 0.0365 0.07864666666666661 
0 0.41949000000000003 0.3008966666666667 0.0405 0.08030999999999995 
0 0.38799 0.3458833333333334 0.0325 0.052986666666666606 
0 0.43499 0.2535766666666667 0.034 0.053316666666666644 
0 0.44399 0.28290000000000004 0.034 0.05498666666666664 
0 0.45599 0.2915666666666667 0.03375 0.052316666666666685 
0 0.47149 0.3128933333333333 0.02875 0.07097999999999997 
0 0.48749000000000003 0.37821000000000005 0.02675 0.07397999999999995 
0 0.34899 0.42256000000000005 0.02825 0.08730999999999994 
0 0.36949 0.4212266666666667 0.026 0.10796999999999995 
0 0.38274 0.40556333333333333 0.02975 0.07431333333333336 
0 0.40349 0.39490000000000003 0.02475 0.08764333333333335 
0 0.38799 0.46721333333333337 0.0325 0.08197999999999994 
0 0.41349 0.47188 0.03725 0.0686466666666666 
0 0.42799 0.3932333333333333 0.0305 0.07731333333333335 
0 0.45799 0.41189333333333333 0.04625 0.09330999999999995 
0 0.43824 0.46688 0.0295 0.11030333333333328 
0 0.31749 0.4398866666666667 0.03075 0.051319999999999935 
0 0.32499 0.44555333333333336 0.03875 0.08864333333333328 
0 0.28799 0.4418866666666667 0.0415 0.03299000000000001 
0 0.1902425 0.3329166666666667 0.04075 0.03565666666666668 
0 0.20074250000000002 0.34658 0.04575 0.04398666666666668 
0 0.23249250000000002 0.36124 0.03675 0.05632000000000001 
0 0.2482425 0.37657 0.0365 0.05332000000000001 
0 0.2612425 0.38323666666666667 0.0534975 0.05365000000000002 
0 0.2617425 0.39923000000000003 0.0567475 0.053986666666666676 
0 0.2157425 0.41989333333333334 0.04625 0.03499000000000001 
0 0.2354925 0.44955 0.0632475 0.038989999999999934 
0 0.2727425 0.46921333333333337 0.054247500000000004 0.06364999999999994 
0 0.28799 0.4758766666666667 0.049 0.06598333333333327 
0 0.31782499999999997 0.5145333333333333 0.0575 0.08331333333333335 
0 0.28257499999999997 0.54186 0.0455 0.08331000000000002 
0 0.326075 0.54186 0.0514975 0.07264666666666668 
0 0.361325 0.5431933333333333 0.026497500000000004 0.06465000000000001 
0 0.376075 0.5285299999999999 0.029747500000000003 0.02999333333333334 
0 0.40032249999999997 0.5351966666666667 0.04075 0.04898666666666668 
0 0.4225725 0.49887 0.03425 0.09797666666666668 
0 0.46332249999999997 0.5018699999999999 0.0165 0.03699000000000001 
0 0.5033225 0.44855 0.028 0.05665333333333327 
0 0.4698225 0.49154 0.05 0.07864666666666668 
0 0.5145725 0.5085366666666666 0.0365 0.057983333333333345 
0 0.4888225 0.5381933333333333 0.03725 0.041656666666666675 
0 0.4625725 0.5641866666666666 0.03175 0.05632000000000001 
0 0.49257249999999997 0.5631866666666666 0.02875 0.041990000000000006 
0 0.5113225 0.56452 0.0315 0.06831666666666668 
0 0.46082249999999997 0.61051 0.024 0.06198333333333335 
0 0.4363225 0.5751833333333333 0.03575 0.07365000000000002 
0 0.4163225 0.58085 0.028 0.08531000000000002 
0 0.3870725 0.55119 0.0395 0.09131000000000002 
0 0.34957499999999997 0.5765166666666667 0.0499975 0.07764666666666668 
0 0.37432499999999996 0.6288366666666667 0.0644975 0.04532333333333334 
0 0.42857249999999997 0.6398333333333334 0.03225 0.06798333333333327 
0 0.313075 0.60551 0.0625 0.04432333333333334 
0 0.269325 0.57052 0.047 0.08931000000000001 
0 0.31782499999999997 0.6295033333333333 0.0505 0.08231333333333328 
0 0.347325 0.6428333333333334 0.0409975 0.04932000000000001 
0 0.3780725 0.6624966666666666 0.038 0.08397666666666669 
0 0.3926475 0.6652233333333334 0.039 0.10664000000000003 
0 0.2496475 0.5659166666666666 0.03949999999999997 0.08597666666666669 
0 0.2731475 0.6478966666666667 0.029 0.07731333333333335 
0 0.29614749999999995 0.64523 0.041 0.10530666666666669 
0 0.3286475 0.6885533333333332 0.051 0.06731333333333335 
0 0.5040725 0.33265 0.03675 0.10330666666666662 
0 0.5585725 0.33298333333333335 0.024 0.05232000000000001 
0 0.5393225 0.32365333333333335 0.02275 0.06498333333333335 
0 0.6450724999999999 0.31332333333333334 0.0225 0.06131666666666668 
0 0.5785725 0.3013266666666667 0.028 0.045986666666666676 
0 0.6570725 0.32232 0.05325 0.053986666666666676 
0 0.5982875 0.33899 0.04712249999999994 0.042656666666666676 
0 0.5876625 0.3569866666666667 0.02875 0.07831333333333335 
0 0.6137875 0.3693166666666667 0.033122499999999944 0.08064333333333336 
0 0.6299125 0.37215000000000004 0.029997499999999944 0.08781000000000003 
0 0.64966 0.3587633333333333 0.0365 0.05831666666666668 
0 0.6792849999999999 0.40741666666666665 0.02625 0.025660000000000006 
0 0.5402875 0.38175666666666663 0.031375 0.07798000000000002 
0 0.5700375 0.4254133333333333 0.033125 0.06698000000000001 
0 0.5696625000000001 0.39075666666666664 0.026 0.04282000000000001 
0 0.54808 0.43113333333333337 0.027122499999999945 0.06798333333333327 
0 0.6880775 0.41830333333333336 0.033125 0.0806466666666666 
0 0.6025375000000001 0.46684666666666663 0.07 0.08664333333333335 
0 0.6215375000000001 0.4426866666666667 0.033375 0.05481666666666668 
0 0.6469125 0.44051999999999997 0.0305 0.07198000000000002 
0 0.6681625 0.4580166666666666 0.03749749999999995 0.06848000000000001 
0 0.60762 0.4967266666666667 0.04525 0.06598333333333335 
0 0.556245 0.5080566666666667 0.031 0.0618166666666666 
0 0.57862 0.5490466666666667 0.011875 0.016330000000000004 
0 0.58562 0.5162233333333334 0.033625 0.07581333333333327 
0 0.6156200000000001 0.55871 0.04375 0.04132333333333327 
0 0.539245 0.5345500000000001 0.0265 0.09547666666666661 
0 0.56312 0.5644866666666667 0.03125 0.06165000000000002 
0 0.58687 0.5834833333333334 0.022625 0.057983333333333345 
0 0.60687 0.5908133333333333 0.024875 0.06631666666666668 
0 0.55483 0.5923133333333334 0.046 0.06848333333333335 
0 0.4439075 0.65028 0.046 0.07798000000000009 
0 0.4891575 0.63162 0.044 0.0659800000000001 
0 0.5126575 0.65628 0.0495 0.05665000000000001 
0 0.45165750000000005 0.67294 0.041 0.06698333333333335 
0 0.4701575 0.6876033333333333 0.04425 0.06931666666666676 
0 0.5109075000000001 0.67294 0.03325 0.0929766666666667 
0 0.4086575 0.7036000000000001 0.04425 0.0939733333333332 
0 0.42740750000000005 0.73459 0.04575 0.08498000000000001 
0 0.45165750000000005 0.7399233333333334 0.047 0.07531333333333336 
0 0.4826575 0.72726 0.033 0.09164333333333329 
0 0.6488225 0.4887666666666666 0.0395 0.06865000000000002 
0 0.6453225 0.5510833333333334 0.0315 0.07065000000000002 
0 0.6763224999999999 0.51676 0.02675 0.08931000000000001 
0 0.5573250000000001 0.6397266666666667 0.07649749999999994 0.050986666666666604 
0 0.6260725 0.5960733333333333 0.0195 0.06265000000000001 
0 0.6313225 0.6044033333333333 0.052 0.08264666666666669 
0 0.6798225 0.60407 0.0265 0.06331666666666669 
0 0.6975725 0.5034299999999999 0.04525 0.03832333333333334 
0 0.70599 0.46855 0.0435 0.0346566666666666 
0 0.72624 0.44589 0.04675 0.06798333333333327 
0 0.76624 0.46655 0.025747499999999944 0.051986666666666605 
0 0.7719125 0.38400666666666666 0.02425 0.06798000000000001 
0 0.7799125 0.43399333333333334 0.01875 0.05665000000000001 
0 0.7971625 0.43166 0.0285 0.07964666666666669 
0 0.8401625 0.38600666666666666 0.0225 0.04832000000000001 
0 0.8589125 0.4199966666666667 0.025 0.05598333333333335 
0 0.8421625 0.42666 0.029 0.07664666666666668 
0 0.8634125 0.47598 0.0205 0.05798666666666668 
0 0.8441625 0.45965333333333336 0.01875 0.05032000000000001 
0 0.7899125 0.4949766666666667 0.0355 0.08597666666666662 
0 0.8181625 0.5083066666666667 0.0205 0.05831666666666661 
0 0.8141625 0.5143033333333333 0.043 0.0836466666666666 
0 0.8564125 0.5346333333333334 0.04825 0.08930999999999994 
0 0.8721625000000001 0.52197 0.0465 0.07964333333333327 
0 0.9069125 0.5306333333333334 0.03325 0.08697666666666662 
0 0.8821625000000001 0.46398333333333336 0.025 0.022663333333333337 
0 0.8859125 0.47131666666666666 0.02825 0.024326666666666674 
0 0.9001625 0.46798333333333336 0.03625 0.03799000000000001 
0 0.9244125 0.44499 0.03625 0.024326666666666674 
0 0.7154125 0.5163033333333333 0.03975 0.058986666666666604 
0 0.7809125 0.5153033333333333 0.02225 0.07331333333333327 
0 0.7646625 0.52297 0.0195 0.06797999999999994 
0 0.7394125 0.51597 0.0345 0.08131333333333328 
0 0.6921649999999999 0.5326333333333334 0.028997500000000058 0.07431333333333327 
0 0.7686625 0.5739566666666667 0.045 0.046653333333333345 
0 0.8421625 0.5626266666666667 0.02325 0.056649999999999937 
0 0.8526625 0.5526266666666667 0.04125 0.08397999999999994 
0 0.8966625 0.5986166666666667 0.04275 0.06198333333333335 
0 0.9331625 0.5686233333333333 0.04025 0.08897666666666669 
0 0.9696625 0.52397 0.030497499999999945 0.09697333333333329 
0 0.9749125000000001 0.6159433333333333 0.025247499999999947 0.03299333333333334 
0 0.9554125 0.6102799999999999 0.034747499999999945 0.08331000000000002 
0 0.6992474999999999 0.5875066666666666 0.0345 0.07165000000000002 
0 0.7179975 0.56518 0.03475 0.06631666666666668 
0 0.7422475 0.5861733333333333 0.03 0.07698000000000002 
0 0.7774975 0.6025033333333333 0.03899750000000006 0.060316666666666685 
0 0.809745 0.5781766666666667 0.04125 0.06298333333333335 
0 0.842495 0.6175 0.06575 0.04798666666666668 
0 0.5762474999999999 0.66082 0.06025 0.052653333333333344 
0 0.6334974999999999 0.64216 0.058 0.07064666666666669 
0 0.7077475 0.6274966666666667 0.045 0.07997999999999994 
0 0.7469975 0.6234966666666667 0.0345 0.09197666666666669 
0 0.7789974999999999 0.65749 0.02549750000000006 0.03632333333333334 
0 0.802995 0.62583 0.048 0.060316666666666685 
0 0.831995 0.6354933333333334 0.06025 0.06132000000000001 
0 0.7889974999999999 0.6778166666666667 0.06249750000000006 0.04499000000000001 
0 0.834495 0.6911466666666667 0.0585 0.06031666666666661 
0 0.5609974999999999 0.6842600000000001 0.0375 0.0743133333333332 
0 0.5229974999999999 0.7039200000000001 0.039 0.07797999999999987 
0 0.5374975 0.7255833333333334 0.0465 0.09364000000000003 
0 0.5872474999999999 0.7219166666666667 0.04975 0.08530999999999994 
0 0.5814975 0.7569066666666666 0.0245 0.027326666666666673 
0 0.6374974999999999 0.6765966666666666 0.06025 0.06731333333333335 
0 0.6919974999999999 0.6599333333333334 0.0255 0.05332000000000009 
0 0.7164974999999999 0.6765966666666666 0.0365 0.06798000000000001 
0 0.7477474999999999 0.6695966666666666 0.04125 0.07931333333333335 
0 0.7619975 0.7209166666666667 0.03375 0.054653333333333345 
0 0.7789974999999999 0.75091 0.04324750000000006 0.056649999999999937 
0 0.6849974999999999 0.7022533333333334 0.0565 0.05431999999999986 
0 0.6567474999999999 0.7309133333333333 0.07475 0.03965666666666675 
0 0.6207474999999999 0.7425766666666667 0.05075 0.08098000000000002 
0 0.6464975 0.7652399999999999 0.05375 0.054316666666666756 
0 0.493 0.76557 0.034997499999999945 0.09664333333333328 
0 0.518 0.7719033333333334 0.029997499999999944 0.10963666666666662 
0 0.5459974999999999 0.77457 0.04125 0.1013066666666667 
0 0.5794975 0.79123 0.03875 0.07464999999999994 
0 0.5964974999999999 0.79723 0.075 0.05332000000000001 
0 0.6945800000000001 0.26297666666666664 0.03875 0.055653333333333346 
0 0.63583 0.07669333333333334 0.0285 0.050986666666666666 
0 0.4630825 0.10202 0.03575 0.05698333333333333 
0 0.36975 0.02004 0.0445 0.07931333333333333 
0 0.412 0.02870666666666667 0.061497500000000004 0.03399 
