0 0.249375 0.2005 0.01125 0.007 
0 0.3873125 0.5865 0.016842499999999972 0.017403333333333347 
0 0.39609500000000003 0.5915 0.023625 0.01219999999999997 
0 0.408375 0.5961666666666666 0.01925 0.012666666666666666 
0 0.352625 0.5971966666666666 0.012707499999999981 0.02128666666666671 
0 0.3684575 0.5993366666666666 0.010167500000000019 0.019839999999999993 
0 0.383125 0.59992 0.01024000000000001 0.020076666666666673 
0 0.392625 0.6035 0.021 0.009833333333333333 
0 0.358125 0.6026966666666667 0.01067750000000001 0.02128666666666671 
0 0.35966750000000003 0.6134700000000001 0.01088499999999999 0.023830000000000004 
0 0.3382075 0.6183333333333333 0.02016750000000002 0.0197033333333333 
0 0.30475 0.6048333333333333 0.020875 0.01449666666666667 
0 0.338125 0.6041133333333333 0.014519999999999983 0.01705333333333336 
0 0.337125 0.60878 0.01758249999999998 0.023386666666666694 
0 0.32047000000000003 0.61891 0.02007249999999999 0.017539999999999965 
0 0.3068125 0.6245366666666666 0.014407500000000028 0.020616666666666714 
0 0.3013125 0.6393233333333334 0.02048000000000002 0.021176666666666656 
0 0.3738025 0.6012533333333333 0.01025 0.0199533333333333 
0 0.3912075 0.6101666666666666 0.026387500000000046 0.010526666666666643 
0 0.3010625 0.6125 0.021375 0.01624333333333334 
0 0.297125 0.6161666666666666 0.01425 0.015910000000000007 
0 0.2938125 0.6287433333333333 0.0186875 0.023160000000000007 
0 0.396875 0.6155266666666667 0.02322000000000003 0.014330000000000002 
0 0.2743325 0.6175 0.012782500000000026 0.01774000000000001 
0 0.2846775 0.61737 0.01615499999999997 0.01428666666666671 
0 0.3670825 0.61718 0.010220000000000028 0.019203333333333374 
0 0.375375 0.61758 0.02636500000000001 0.016586666666666663 
0 0.409125 0.6181666666666666 0.018 0.01782666666666667 
0 0.253125 0.6251666666666666 0.02038499999999999 0.021 
0 0.44634500000000005 0.6251666666666666 0.0105 0.02632333333333334 
0 0.417875 0.6258333333333334 0.012029999999999973 0.01633333333333333 
0 0.2619475 0.6262433333333334 0.018532500000000028 0.02207666666666667 
0 0.349115 0.6260933333333333 0.0095625 0.021786666666666708 
0 0.3390625 0.6442833333333333 0.0213125 0.030423333333333327 
0 0.37769749999999996 0.6265233333333333 0.02025 0.009580000000000003 
0 0.4545525 0.6248566666666666 0.0138125 0.027326666666666673 
0 0.272375 0.6278333333333334 0.01875 0.020666666666666667 
0 0.27825 0.62916 0.0184375 0.027243333333333338 
0 0.286625 0.6252433333333334 0.018625 0.027160000000000007 
0 0.285375 0.6508333333333334 0.02748000000000002 0.011666666666666667 
0 0.35651 0.6288833333333333 0.0105 0.015413333333333336 
0 0.38729250000000004 0.6318333333333334 0.01883249999999998 0.014573333333333343 
0 0.37769749999999996 0.6335633333333334 0.018470000000000028 0.01600999999999999 
0 0.403375 0.6388333333333334 0.011759999999999991 0.030346666666666654 
0 0.380635 0.64056 0.010322499999999991 0.01493999999999998 
0 0.340625 0.6324933333333334 0.009582499999999982 0.01949666666666667 
0 0.409615 0.6342066666666666 0.0093125 0.017410000000000005 
0 0.367875 0.6356666666666667 0.013125 0.0135 
0 0.324625 0.63666 0.01776999999999998 0.02650666666666666 
0 0.3212825 0.65113 0.024404999999999972 0.024033333333333302 
0 0.3578325 0.63859 0.013052500000000009 0.023439999999999978 
0 0.412375 0.6388733333333333 0.021125 0.01974333333333334 
0 0.39460500000000004 0.64373 0.010875 0.03624000000000001 
0 0.3626775 0.6430899999999999 0.013279999999999972 0.03676666666666665 
0 0.41925 0.6462466666666666 0.017875 0.02899333333333334 
0 0.3171675 0.6495 0.010207499999999982 0.018396666666666686 
0 0.374875 0.6489633333333333 0.009802500000000009 0.023119999999999967 
0 0.3800725 0.64856 0.01616750000000002 0.03760666666666664 
0 0.407875 0.6507466666666667 0.020720000000000027 0.02375333333333333 
0 0.351615 0.65524 0.015457499999999982 0.029549999999999955 
0 0.289875 0.6572333333333333 0.02904250000000002 0.014933333333333318 
0 0.341125 0.6650833333333334 0.01344749999999999 0.0331566666666666 
0 0.331125 0.6672899999999999 0.01205250000000001 0.029876666666666704 
0 0.298625 0.6711666666666667 0.0205 0.015333333333333332 
0 0.460625 0.6763766666666667 0.016625 0.028816666666666605 
0 0.35290750000000004 0.6800433333333333 0.018914999999999963 0.025789999999999962 
0 0.374625 0.6821666666666667 0.01332249999999999 0.029333333333333333 
0 0.440625 0.6815066666666667 0.012720000000000026 0.03251666666666673 
0 0.498875 0.6831666666666667 0.01375 0.027410000000000007 
0 0.339125 0.6852033333333334 0.01975 0.022296666666666624 
0 0.416375 0.6841666666666667 0.0139375 0.02554333333333337 
0 0.39449 0.6898333333333333 0.0133125 0.03816333333333326 
0 0.426125 0.6895 0.010447499999999992 0.02727333333333339 
0 0.6149375 0.6898333333333333 0.0136875 0.027 
0 0.583375 0.6889633333333333 0.012322499999999991 0.028703333333333376 
0 0.59301 0.68938 0.0138125 0.030993333333333338 
0 0.43357249999999997 0.6908333333333333 0.008802500000000008 0.030440000000000054 
0 0.441625 0.69507 0.020529999999999972 0.028160000000000004 
0 0.4464375 0.7040833333333333 0.024375 0.023783333333333302 
0 0.432 0.7123999999999999 0.014875 0.036963333333333445 
0 0.605875 0.6915 0.01025 0.027 
0 0.628625 0.6925 0.01825 0.016510000000000066 
0 0.6323125 0.7062600000000001 0.0168125 0.02411999999999989 
0 0.6349049999999999 0.7098033333333332 0.016157500000000026 0.04207333333333342 
0 0.407145 0.6925066666666667 0.011125 0.032239999999999935 
0 0.4791875 0.6956366666666666 0.013157500000000027 0.03340666666666675 
0 0.649125 0.6952466666666666 0.012625 0.02558666666666674 
0 0.38474 0.6968333333333333 0.01584249999999997 0.02816333333333326 
0 0.378905 0.7090766666666667 0.023470000000000026 0.027756666666666662 
0 0.674875 0.6944966666666665 0.01525 0.026953333333333374 
0 0.510625 0.6970433333333333 0.021470000000000027 0.02266333333333326 
0 0.5070625 0.7062466666666666 0.0215 0.026790000000000116 
0 0.3123225 0.6968500000000001 0.01875 0.03346666666666655 
0 0.354375 0.6975833333333333 0.0228125 0.029116666666666638 
0 0.49125 0.6937466666666666 0.011779999999999973 0.03557666666666667 
0 0.66175 0.69783 0.014029999999999973 0.027783333333333455 
0 0.276375 0.7005 0.02848000000000002 0.019030000000000047 
0 0.556125 0.6996933333333333 0.02186500000000001 0.01880666666666669 
0 0.68176 0.70262 0.020875 0.0286566666666666 
0 0.7041675000000001 0.70135 0.027644999999999982 0.023149999999999938 
0 0.717625 0.7035 0.027167500000000018 0.014763333333333321 
0 0.6945625 0.71318 0.0273125 0.013983333333333273 
0 0.741625 0.7038333333333333 0.02366750000000002 0.025746666666666595 
0 0.413875 0.7017433333333334 0.015154999999999972 0.0371233333333333 
0 0.470375 0.7058333333333333 0.0125 0.036333333333333336 
0 0.6203125 0.70241 0.015375 0.03675666666666666 
0 0.53874 0.7061666666666667 0.014967499999999972 0.026230000000000017 
0 0.3004375 0.7057399999999999 0.014042500000000019 0.031953333333333375 
0 0.758125 0.7068333333333333 0.029125 0.04282000000000001 
0 0.323095 0.7076633333333333 0.015375 0.03799333333333334 
0 0.5992799999999999 0.7065799999999999 0.013315000000000054 0.01591333333333341 
0 0.599875 0.7211566666666666 0.0223125 0.03567666666666673 
0 0.5014700000000001 0.7097433333333334 0.018809999999999945 0.0361233333333333 
0 0.778375 0.7104933333333333 0.023470000000000026 0.03070666666666663 
0 0.370375 0.7118333333333333 0.0145 0.027333333333333334 
0 0.380625 0.7276833333333333 0.014595000000000028 0.02676333333333332 
0 0.6556150000000001 0.7096366666666666 0.01150999999999999 0.04422666666666676 
0 0.581875 0.7129033333333333 0.012957499999999981 0.04046000000000004 
0 0.7731549999999999 0.7134566666666666 0.019875 0.033533333333333304 
0 0.45447000000000004 0.7134566666666666 0.017559999999999944 0.03569666666666672 
0 0.47925 0.7123266666666667 0.017125 0.03817333333333333 
0 0.552125 0.7129533333333333 0.013125 0.04503666666666656 
0 0.7339175 0.71497 0.019977499999999964 0.03286333333333338 
0 0.341125 0.7161666666666666 0.01839499999999998 0.027433333333333393 
0 0.592625 0.7161666666666666 0.0100625 0.034666666666666665 
0 0.7425525000000001 0.7146933333333333 0.02075 0.033533333333333304 
0 0.420125 0.7163299999999999 0.015720000000000026 0.030836666666666738 
0 0.3539375 0.7188333333333333 0.017157500000000027 0.03520333333333338 
0 0.354625 0.7358500000000001 0.01482249999999999 0.034866666666666636 
0 0.6133125 0.7161566666666666 0.0165625 0.03401000000000007 
0 0.57378 0.7192433333333333 0.012125 0.03125666666666666 
0 0.268625 0.7205 0.01698000000000002 0.030666666666666665 
0 0.67328 0.7184499999999999 0.024190000000000055 0.037953333333333374 
0 0.299125 0.7542833333333333 0.02066750000000002 0.05155000000000003 
0 0.6474575 0.7185533333333333 0.011845000000000027 0.03544666666666672 
0 0.27648 0.7231666666666666 0.016894999999999983 0.030666666666666665 
0 0.493375 0.7219899999999999 0.015625 0.037510000000000064 
0 0.5200625 0.7231666666666666 0.01874000000000001 0.01799333333333334 
0 0.761375 0.7228333333333333 0.018 0.028333333333333332 
0 0.522375 0.7235366666666667 0.023582499999999982 0.02596333333333329 
0 0.7026875 0.7232033333333334 0.0314375 0.01795666666666663 
0 0.6904375 0.7252466666666666 0.0164375 0.033920000000000075 
0 0.36652999999999997 0.72482 0.015427500000000009 0.031423333333333324 
0 0.731875 0.7238033333333332 0.01590499999999997 0.03176666666666673 
0 0.2851675 0.7254866666666667 0.016457499999999983 0.03434666666666666 
0 0.439875 0.7255366666666667 0.020654999999999972 0.028559999999999947 
0 0.657 0.7254533333333334 0.020404999999999972 0.03337999999999996 
0 0.340875 0.7298333333333333 0.01325 0.025333333333333333 
0 0.534845 0.7315366666666667 0.016309999999999946 0.02996333333333329 
0 0.3319275 0.7313033333333333 0.0165 0.03349333333333334 
0 0.663405 0.7331666666666666 0.025815000000000053 0.038739999999999934 
0 0.4995 0.7301633333333333 0.0170625 0.04694666666666671 
0 0.291625 0.7375 0.01675 0.025666666666666667 
0 0.2902925 0.73687 0.02205250000000001 0.0407833333333333 
0 0.5437799999999999 0.7363266666666667 0.016315000000000055 0.03703666666666671 
0 0.517625 0.7515 0.01675 0.03766666666666667 
0 0.35774 0.7542433333333334 0.030664999999999963 0.017589999999999995 
0 0.338375 0.7542866666666667 0.017529999999999973 0.035910000000000004 
0 0.387875 0.7998966666666667 0.03225 0.03257666666666667 
0 0.566625 0.81929 0.03 0.029876666666666704 
0 0.3618125 0.85032 0.0403125 0.04182000000000001 
0 0.322355 0.60558 0.0195625 0.01574666666666667 
0 0.31948000000000004 0.6099133333333333 0.0224375 0.020160000000000008 
0 0.315855 0.6315733333333333 0.0210625 0.020826666666666674 
0 0.3241675 0.6324066666666667 0.014625 0.01749666666666667 
0 0.392895 0.6294566666666667 0.017032500000000027 0.010540000000000039 
0 0.42884500000000003 0.62454 0.012434999999999946 0.02886666666666671 
0 0.4375625 0.6241633333333333 0.01125 0.027910000000000008 
0 0.31001999999999996 0.7250133333333333 0.014542500000000019 0.04107333333333342 
0 0.32283249999999997 0.7160733333333332 0.020262500000000044 0.04855666666666669 
0 0.51248 0.6857466666666666 0.0315 0.024326666666666674 
0 0.5286675000000001 0.70396 0.017539999999999965 0.020359999999999975 
0 0.562875 0.71907 0.0154375 0.03532666666666667 
0 0.5616875 0.7035799999999999 0.024717499999999972 0.02182666666666667 
0 0.6973125 0.7255766666666666 0.0348125 0.02157666666666667 
0 0.7055 0.74274 0.03 0.018910000000000007 
