0 0.44642750000000003 0.40686999999999995 0.02105250000000001 0.024273333333333386 
0 0.348875 0.41936999999999997 0.023042500000000018 0.035130000000000036 
0 0.3571675 0.42386999999999997 0.031875 0.027076666666666672 
0 0.392375 0.42483333333333334 0.02675 0.020666666666666667 
0 0.3945425 0.4348966666666667 0.02500999999999999 0.016910000000000005 
0 0.40854250000000003 0.43944999999999995 0.013832499999999982 0.029716666666666697 
0 0.424105 0.42487333333333327 0.024375 0.017160000000000005 
0 0.4521675 0.42656 0.015477499999999964 0.02847333333333328 
0 0.4410425 0.43083333333333335 0.014582499999999983 0.02805333333333336 
0 0.431605 0.43994999999999995 0.014019999999999982 0.024883333333333365 
0 0.46276 0.4299766666666667 0.02044749999999999 0.022549999999999955 
0 0.48504250000000004 0.4538633333333333 0.0293125 0.02424333333333334 
0 0.5208550000000001 0.43604 0.0146875 0.025910000000000006 
0 0.525105 0.44816666666666666 0.02251999999999998 0.026779999999999974 
0 0.3679175 0.4362833333333333 0.024625 0.015330000000000003 
0 0.2751675 0.43921000000000004 0.02325 0.02395666666666663 
0 0.30348 0.43854 0.0204375 0.026660000000000007 
0 0.327875 0.44116666666666665 0.02141750000000002 0.028666666666666667 
0 0.31479250000000003 0.46479 0.020125 0.02174666666666667 
0 0.30973 0.4736233333333333 0.0151875 0.038736666666666676 
0 0.41967750000000004 0.44183333333333336 0.014779999999999972 0.025333333333333333 
0 0.45600999999999997 0.4457166666666667 0.01236500000000001 0.03344999999999997 
0 0.44748000000000004 0.4564533333333333 0.01789499999999998 0.024380000000000034 
0 0.4380825 0.4597033333333333 0.014292500000000019 0.027463333333333367 
0 0.417875 0.4648066666666667 0.024240000000000008 0.014286666666666633 
0 0.495375 0.44416666666666665 0.025 0.015 
0 0.46548 0.44496 0.012894999999999981 0.029693333333333308 
0 0.475625 0.4447933333333334 0.010667500000000019 0.03503999999999997 
0 0.29185500000000003 0.44553666666666664 0.01825 0.02374333333333334 
0 0.394375 0.4465 0.02111500000000001 0.022343333333333323 
0 0.391875 0.4598333333333333 0.026105000000000017 0.01769666666666664 
0 0.316625 0.4452866666666666 0.015417500000000018 0.02574333333333334 
0 0.359125 0.44703999999999994 0.0315 0.012126666666666702 
0 0.2721675 0.4498733333333333 0.017375 0.01374666666666667 
0 0.2640425 0.45403999999999994 0.0195 0.021660000000000006 
0 0.18341749999999998 0.4544533333333333 0.0146875 0.02582666666666667 
0 0.213625 0.4565 0.013 0.017 
0 0.23079249999999998 0.45616666666666666 0.02433250000000001 0.026869999999999967 
0 0.203125 0.45570666666666665 0.01285499999999999 0.02574333333333334 
0 0.2537925 0.4588333333333333 0.014437500000000028 0.03652999999999997 
0 0.280855 0.45720666666666665 0.0125 0.015826666666666673 
0 0.16629249999999998 0.45836999999999994 0.0170625 0.018826666666666672 
0 0.504605 0.4615 0.027875 0.021106666666666645 
0 0.53673 0.46216666666666667 0.03089499999999998 0.016666666666666666 
0 0.533605 0.4743633333333333 0.0310625 0.01974333333333334 
0 0.22304249999999998 0.4627933333333334 0.0116875 0.029889999999999948 
0 0.29002 0.4648333333333333 0.026105000000000017 0.02666666666666667 
0 0.256615 0.4813666666666666 0.0326875 0.026690000000000054 
0 0.269375 0.48801666666666665 0.030480000000000017 0.02648333333333335 
0 0.271125 0.49983333333333335 0.018730000000000017 0.042866666666666636 
0 0.246855 0.5002866666666667 0.02493750000000003 0.039330000000000004 
0 0.248355 0.5129566666666666 0.02475000000000003 0.03974000000000001 
0 0.28623000000000004 0.46493666666666666 0.023352499999999964 0.023453333333333375 
0 0.189605 0.4647833333333333 0.0136875 0.03438333333333336 
0 0.19654249999999998 0.47702999999999995 0.01558250000000001 0.04515666666666668 
0 0.20523 0.4905 0.02489500000000001 0.03918999999999998 
0 0.26098000000000005 0.4705 0.03014499999999998 0.02294666666666664 
0 0.335355 0.46869666666666665 0.0176875 0.02875333333333333 
0 0.210105 0.4728333333333333 0.0146875 0.038029999999999974 
0 0.37098000000000003 0.47203666666666666 0.023 0.03332666666666667 
0 0.159625 0.47383333333333333 0.02925 0.01633333333333333 
0 0.418875 0.47383333333333333 0.01825 0.016353333333333313 
0 0.4052925 0.47719666666666666 0.016082499999999982 0.04530333333333336 
0 0.413625 0.4831666666666667 0.01704250000000002 0.03151999999999998 
0 0.242105 0.47583333333333333 0.01852000000000001 0.02969666666666664 
0 0.46623000000000003 0.4729533333333333 0.0159375 0.02607666666666667 
0 0.467625 0.49116666666666664 0.022480000000000017 0.024333333333333332 
0 0.384875 0.47494 0.030667500000000018 0.015336666666666663 
0 0.34973000000000004 0.4762033333333333 0.0155 0.018330000000000003 
0 0.348105 0.4847833333333333 0.015125 0.035883333333333364 
0 0.359875 0.5006966666666667 0.01604250000000002 0.039136666666666695 
0 0.5207925 0.47694666666666663 0.018875 0.0418866666666667 
0 0.44460500000000003 0.47852999999999996 0.01925 0.03630333333333336 
0 0.4214175 0.48151333333333335 0.022764999999999987 0.03825666666666666 
0 0.457875 0.48069999999999996 0.013730000000000018 0.03574000000000001 
0 0.547875 0.4835 0.01925 0.03666666666666667 
0 0.485375 0.48335999999999996 0.02023000000000002 0.03241000000000001 
0 0.28748 0.4830566666666667 0.026322499999999992 0.029799999999999955 
0 0.374125 0.4840333333333333 0.02141750000000002 0.03699000000000001 
0 0.379625 0.4855 0.02625 0.043333333333333335 
0 0.5357075 0.48683333333333334 0.02066750000000002 0.03666666666666667 
0 0.142125 0.4875 0.0185 0.033666666666666664 
0 0.5724575 0.48789333333333335 0.014417500000000019 0.03560666666666665 
0 0.498375 0.48983333333333334 0.016957499999999983 0.041666666666666664 
0 0.5089575 0.48839333333333335 0.018625 0.04310666666666665 
0 0.4354175 0.49052666666666667 0.0173125 0.03665666666666668 
0 0.1319175 0.48961666666666664 0.0181875 0.033740000000000006 
0 0.5590824999999999 0.49516666666666664 0.016 0.036333333333333336 
0 0.339625 0.4925333333333333 0.01225 0.028966666666666696 
0 0.3235425 0.49644999999999995 0.019375 0.03932333333333334 
0 0.17370750000000001 0.5008333333333334 0.02066749999999999 0.042666666666666665 
0 0.158625 0.5025 0.024125 0.024 
0 0.1892925 0.5007766666666666 0.01733250000000001 0.03839000000000002 
0 0.39623 0.49977666666666665 0.02000999999999999 0.030910000000000007 
0 0.28504250000000003 0.5004533333333333 0.02875 0.03049333333333334 
0 0.48004250000000004 0.5102766666666666 0.0210625 0.03355666666666669 
0 0.291605 0.5114466666666666 0.0309375 0.033386666666666696 
0 0.33691750000000004 0.5153599999999999 0.024125 0.034073333333333344 
0 0.4521675 0.5142733333333334 0.02925 0.01999666666666667 
0 0.325375 0.5181933333333333 0.025605000000000017 0.04130666666666669 
0 0.277875 0.5251666666666667 0.02283249999999998 0.034333333333333334 
0 0.3947075 0.5263433333333333 0.03275 0.044859999999999976 
0 0.236125 0.5275366666666667 0.0145 0.0412966666666667 
0 0.246355 0.5417 0.03375000000000003 0.027573333333333342 
0 0.3060825 0.5682200000000001 0.0425 0.027826666666666673 
0 0.351375 0.6165 0.01725 0.04149666666666667 
0 0.363625 0.6238333333333334 0.021457499999999984 0.045826666666666675 
0 0.405625 0.6268333333333334 0.02775 0.036076666666666674 
0 0.291125 0.6395 0.036 0.02849000000000001 
0 0.399625 0.6741666666666667 0.012 0.020666666666666667 
0 0.41889499999999996 0.6465 0.025980000000000017 0.03648666666666668 
0 0.315375 0.6496633333333334 0.02670749999999998 0.04440666666666668 
0 0.329625 0.6502466666666666 0.025082499999999983 0.0502366666666666 
0 0.382625 0.6578333333333334 0.016 0.036333333333333336 
0 0.3744175 0.6716633333333334 0.016957499999999983 0.04299000000000001 
0 0.387375 0.6863133333333333 0.02091750000000002 0.060186666666666645 
0 0.293375 0.6581666666666667 0.03370749999999998 0.026653333333333345 
0 0.346875 0.65683 0.01883249999999998 0.03500333333333333 
0 0.3619575 0.6625 0.02016750000000002 0.037333333333333336 
0 0.437125 0.6635 0.01525 0.03766666666666667 
0 0.450375 0.6688133333333334 0.022042500000000017 0.0496566666666666 
0 0.407625 0.67749 0.024332499999999983 0.03300999999999999 
0 0.422875 0.6801666666666667 0.01725 0.03866666666666667 
0 0.41804250000000004 0.7151666666666666 0.020832499999999983 0.04133333333333333 
0 0.472125 0.6643166666666667 0.024 0.04584999999999999 
0 0.26945749999999996 0.6678333333333333 0.0263125 0.05048666666666668 
0 0.246625 0.6685 0.028644999999999983 0.03448000000000002 
0 0.252375 0.6828333333333333 0.0265 0.04766666666666667 
0 0.28075 0.6744066666666667 0.032875 0.03909333333333333 
0 0.481625 0.6868333333333333 0.02816750000000002 0.04666666666666667 
0 0.35358249999999997 0.6861666666666667 0.022 0.04666666666666667 
0 0.36970749999999997 0.7011666666666667 0.018417500000000017 0.049 
0 0.2963325 0.6856633333333333 0.0228125 0.03399000000000008 
0 0.26033249999999997 0.7073266666666667 0.040292500000000016 0.03573666666666668 
0 0.299375 0.7125 0.008875 0.016666666666666666 
0 0.287375 0.7235 0.016207499999999982 0.023896666666666684 
0 0.32614499999999996 0.6928333333333333 0.022022500000000035 0.05798666666666668 
0 0.32377 0.6938333333333333 0.012 0.03849333333333334 
0 0.342645 0.6864866666666667 0.0131875 0.030883333333333363 
0 0.3078325 0.6935 0.019292500000000018 0.05433333333333333 
0 0.437375 0.7021666666666667 0.023417500000000018 0.0436266666666667 
0 0.399375 0.7028333333333333 0.022 0.04666666666666667 
0 0.348375 0.7081666666666667 0.023 0.057 
0 0.451625 0.7141666666666666 0.0265 0.04566666666666667 
0 0.234875 0.7201666666666666 0.025 0.058 
0 0.4722925 0.71797 0.042 0.03349000000000008 
0 0.333125 0.7172466666666666 0.01933249999999998 0.051716666666666695 
0 0.266625 0.7284833333333333 0.03175 0.04001666666666673 
0 0.296625 0.7295 0.02825 0.044 
0 0.415625 0.7425 0.03825 0.034666666666666665 
0 0.329375 0.8631666666666666 0.02025 0.06233333333333333 
0 0.343875 0.9481666666666667 0.026 0.03233333333333333 
0 0.343875 0.9661666666666666 0.021375 0.021 
0 0.1715825 0.4792833333333333 0.01989749999999998 0.018580000000000003 
0 0.154605 0.4948633333333333 0.03625 0.024410000000000005 
0 0.1567925 0.48630666666666666 0.0169375 0.018056666666666617 
0 0.22848 0.46729 0.026625 0.030410000000000006 
0 0.223605 0.4840366666666666 0.021125 0.03932333333333334 
0 0.318855 0.48062 0.0166875 0.03799000000000001 
0 0.33129250000000005 0.45446000000000003 0.01725 0.0309066666666666 
0 0.3401675 0.45953999999999995 0.01975 0.01699666666666667 
0 0.3617925 0.47086999999999996 0.0144375 0.036076666666666674 
0 0.4774175 0.43494666666666665 0.020889999999999985 0.03590666666666668 
0 0.4915425 0.43052999999999997 0.026875 0.018163333333333337 
0 0.47885500000000003 0.47478 0.01875 0.016330000000000004 
0 0.49398000000000003 0.47078 0.0304375 0.02424333333333334 
0 0.3915825 0.6436633333333334 0.025375 0.04499000000000001 
0 0.39945749999999997 0.639 0.0246875 0.04507000000000001 
