0 0.67175 0.2916666666666667 0.024 0.04666666666666667 
0 0.58775 0.24966666666666668 0.01975 0.050666666666666665 
0 0.68925 0.751 0.03375 0.036333333333333336 
0 0.1635 0.24866666666666667 0.02625 0.04733333333333333 
0 0.59275 0.13766666666666666 0.032 0.04033333333333333 
0 0.21225 0.228 0.0235 0.049666666666666665 
0 0.8415 0.19233333333333333 0.0195 0.035 
0 0.63425 0.19566666666666666 0.02525 0.032 
0 0.40225 0.2956666666666667 0.025 0.03266666666666666 
0 0.86425 0.15 0.02325 0.041 
0 0.50525 0.5406666666666666 0.033 0.026333333333333334 
0 0.12475 0.2633333333333333 0.02 0.047 
0 0.9235 0.163 0.02075 0.04666666666666667 
0 0.65775 0.259 0.022 0.04466666666666667 
0 0.08975 0.25133333333333335 0.02625 0.04766666666666667 
0 0.93925 0.23366666666666666 0.02925 0.043666666666666666 
0 0.62875 0.232 0.02625 0.04933333333333333 
0 0.91875 0.21366666666666667 0.0275 0.035 
0 0.18775 0.227 0.023 0.042 
0 0.4605 0.44966666666666666 0.03125 0.04533333333333334 
0 0.303 0.245 0.021 0.05466666666666667 
0 0.08075 0.18166666666666667 0.03425 0.041 
0 0.18725 0.264 0.02675 0.047 
0 0.709 0.14666666666666667 0.0285 0.022 
0 0.06325 0.25566666666666665 0.02875 0.04833333333333333 
0 0.43 0.533 0.02725 0.035333333333333335 
0 0.01275 0.261 0.0235 0.051 
0 0.3935 0.3566666666666667 0.02325 0.051 
0 0.89875 0.15919333333333333 0.030827499999999987 0.02747333333333334 
0 0.732 0.5386666666666666 0.0195 0.048 
0 0.49075 0.406 0.0285 0.03333333333333333 
0 0.64325 0.218 0.02175 0.05366666666666667 
0 0.49775 0.433 0.024 0.042666666666666665 
0 0.944 0.18366666666666667 0.024 0.03333333333333333 
0 0.5795 0.43166666666666664 0.0305 0.04933333333333333 
0 0.60825 0.378 0.0375 0.026 
0 0.38 0.394 0.03475 0.037 
0 0.51525 0.29401333333333335 0.028289999999999964 0.04965333333333335 
0 0.408 0.44066666666666665 0.0345 0.037 
0 0.79275 0.232 0.021 0.064 
0 0.6925 0.4176666666666667 0.0275 0.034666666666666665 
0 0.2315 0.173 0.03725 0.043333333333333335 
0 0.8705 0.213 0.023 0.03133333333333333 
0 0.50925 0.16433333333333333 0.02875 0.030333333333333334 
0 0.0355 0.257 0.0245 0.050333333333333334 
0 0.8185 0.5986666666666667 0.03 0.042666666666666665 
0 0.6095 0.218 0.02125 0.045 
0 0.517 0.4116666666666667 0.03125 0.041666666666666664 
0 0.72575 0.17 0.02175 0.05 
0 0.455 0.18666666666666668 0.01925 0.03166666666666667 
0 0.53525 0.29333333333333333 0.02 0.036333333333333336 
0 0.104 0.2623333333333333 0.0245 0.04933333333333333 
0 0.50375 0.195 0.027 0.025333333333333333 
0 0.6055 0.31133333333333335 0.02725 0.04933333333333333 
0 0.7415 0.13566666666666666 0.02875 0.04033333333333333 
0 0.79925 0.148 0.02075 0.03666666666666667 
0 0.96025 0.769 0.03075 0.03933333333333333 
0 0.6555 0.18933333333333333 0.0335 0.017666666666666667 
0 0.506 0.22266666666666668 0.02175 0.04133333333333333 
0 0.83325 0.142 0.0265 0.022333333333333334 
0 0.417 0.35833333333333334 0.02275 0.06766666666666667 
0 0.569 0.21133333333333335 0.0215 0.050666666666666665 
0 0.53175 0.17366666666666666 0.01425 0.029333333333333333 
0 0.3665 0.3566666666666667 0.029 0.04833333333333333 
0 0.63375 0.16166666666666665 0.023 0.036333333333333336 
0 0.392 0.32766666666666666 0.0315 0.043666666666666666 
0 0.6157474999999999 0.293 0.04150250000000005 0.03126666666666665 
0 0.931 0.5723333333333334 0.02525 0.047 
0 0.85875 0.182 0.02125 0.036 
0 0.106 0.18633333333333332 0.0245 0.04766666666666667 
0 0.3675 0.30466666666666664 0.0335 0.042666666666666665 
0 0.61075 0.16033333333333333 0.02225 0.042333333333333334 
0 0.1395 0.255 0.02975 0.05633333333333333 
0 0.54625 0.16966666666666666 0.01525 0.034 
0 0.62875 0.401 0.03075 0.04066666666666666 
0 0.52625 0.224 0.01875 0.03666666666666667 
0 0.77112 0.1893166666666667 0.028629999999999996 0.05568333333333332 
0 0.40425 0.5413333333333333 0.02625 0.058666666666666666 
0 0.54425 0.4816666666666667 0.028 0.06133333333333333 
0 0.708 0.158 0.018 0.035 
0 0.676 0.42733333333333334 0.01475 0.023666666666666666 
0 0.49125 0.37433333333333335 0.0355 0.031 
0 0.26675 0.25333333333333335 0.02 0.050666666666666665 
0 0.552 0.272 0.0265 0.05566666666666667 
0 0.3905 0.245 0.02675 0.057 
0 0.655 0.17266666666666666 0.0355 0.018666666666666668 
0 0.43675 0.6303333333333333 0.03225 0.029 
0 0.47775 0.6783333333333333 0.03375 0.04933333333333333 
0 0.85925 0.22 0.0235 0.06 
0 0.901 0.13 0.02575 0.029 
0 0.74775 0.18533333333333332 0.0175 0.03766666666666667 
0 0.92275 0.12933333333333333 0.02525 0.024666666666666667 
0 0.569 0.517 0.0245 0.059666666666666666 
0 0.7964125 0.5643333333333334 0.044087499999999974 0.043 
0 0.64925 0.5846666666666667 0.033 0.042333333333333334 
0 0.65425 0.30866666666666664 0.026 0.06 
0 0.7765 0.137 0.0285 0.025666666666666667 
0 0.68375 0.2796666666666667 0.04175 0.026333333333333334 
0 0.92225 0.11366666666666667 0.0275 0.022 
0 0.826 0.165 0.0175 0.025 
0 0.12580249999999998 0.17533333333333334 0.026502500000000012 0.051333333333333335 
0 0.22181 0.255 0.0335025 0.06666666666666667 
0 0.2538125 0.2613333333333333 0.0277525 0.056666666666666664 
0 0.279565 0.247 0.025252499999999997 0.048 
0 0.3178175 0.248 0.032002499999999996 0.058333333333333334 
0 0.3060675 0.32866666666666666 0.02925 0.03866666666666667 
0 0.302315 0.2986666666666667 0.044004999999999996 0.029333333333333333 
0 0.34982 0.25533333333333336 0.025002499999999997 0.062 
0 0.3733225 0.26866666666666666 0.01475 0.039 
0 0.34332 0.24966666666666668 0.01275 0.035333333333333335 
0 0.34357 0.319 0.0245 0.04766666666666667 
0 0.2670625 0.36233333333333334 0.06250499999999999 0.036333333333333336 
0 0.2680625 0.336 0.0237525 0.043 
0 0.2398125 0.38066666666666665 0.02575 0.06266666666666666 
0 0.3253175 0.3486666666666667 0.058004999999999994 0.047 
0 0.36782 0.43366666666666664 0.050004999999999994 0.025 
0 0.418075 0.421 0.0480025 0.029333333333333333 
0 0.429575 0.44333333333333336 0.0305025 0.023666666666666666 
0 0.4408275 0.4543333333333333 0.02125 0.054 
0 0.3840725 0.458 0.0422525 0.036333333333333336 
0 0.35907 0.447 0.0437525 0.06066666666666667 
0 0.298315 0.46066666666666667 0.04800499999999999 0.045 
0 0.43782499999999996 0.396 0.042004999999999994 0.039 
0 0.410825 0.22833333333333333 0.0265 0.07 
0 0.431325 0.22766666666666666 0.017502499999999997 0.032 
0 0.44907749999999996 0.23733333333333334 0.02025 0.035 
0 0.45007749999999996 0.221 0.0227525 0.025666666666666667 
0 0.4648275 0.221 0.0195025 0.035666666666666666 
0 0.47483 0.19466666666666665 0.021 0.03766666666666667 
0 0.47958 0.232 0.02125 0.057666666666666665 
0 0.4643275 0.255 0.0192525 0.028 
0 0.431325 0.25433333333333336 0.025252499999999997 0.04533333333333334 
0 0.4458275 0.27666666666666667 0.039752499999999996 0.024666666666666667 
0 0.48108 0.283 0.01775 0.05433333333333333 
0 0.49433 0.26066666666666666 0.026252499999999998 0.05733333333333333 
0 0.48933 0.222 0.024502499999999997 0.04533333333333334 
0 0.5093325 0.261 0.03025 0.06333333333333334 
0 0.5373325 0.237 0.018752500000000054 0.044333333333333336 
0 0.5680850000000001 0.261 0.02350249999999994 0.04633333333333333 
0 0.4563275 0.3383333333333333 0.0427525 0.034666666666666665 
0 0.49557999999999996 0.321 0.0235025 0.058 
0 0.5335825 0.323 0.03325250000000005 0.05533333333333333 
0 0.4458275 0.354 0.0402525 0.06233333333333333 
0 0.47633 0.36933333333333335 0.0265 0.046 
0 0.5140825 0.3473333333333333 0.01775 0.041 
0 0.5343325 0.369 0.053005 0.039 
0 0.5688350000000001 0.31666666666666665 0.036002499999999944 0.06 
0 0.5963375 0.3263333333333333 0.029502500000000053 0.062 
0 0.62909 0.321 0.02425249999999994 0.05433333333333333 
0 0.5762849999999999 0.38216666666666665 0.029127500000000056 0.06583333333333333 
0 0.57066 0.36233333333333334 0.023877500000000055 0.0645 
0 0.5572825 0.4046666666666667 0.02100249999999994 0.057833333333333334 
0 0.5995375000000001 0.4 0.04850249999999994 0.05366666666666667 
0 0.646415 0.37733333333333335 0.03350250000000005 0.06333333333333334 
0 0.6655425 0.36983333333333335 0.0225 0.04583333333333333 
0 0.65179 0.3476666666666667 0.016752500000000056 0.0375 
0 0.4665275 0.41333333333333333 0.0325025 0.054 
0 0.5261575000000001 0.39166666666666666 0.02425 0.02666666666666667 
0 0.5442825 0.4226666666666667 0.018127499999999942 0.043666666666666666 
0 0.5429075 0.4031666666666667 0.02387749999999994 0.031166666666666665 
0 0.520405 0.4615 0.025502500000000053 0.053 
0 0.52003 0.5095 0.027127500000000054 0.05366666666666667 
0 0.48427749999999997 0.4791666666666667 0.024502499999999997 0.0545 
0 0.49702999999999997 0.4691666666666667 0.027627500000000055 0.0675 
0 0.45915249999999996 0.4673333333333333 0.028375 0.06416666666666666 
0 0.444275 0.49516666666666664 0.0268775 0.0595 
0 0.4600275 0.5255 0.0521275 0.032 
0 0.5679099999999999 0.45066666666666666 0.017625 0.034666666666666665 
0 0.4016475 0.47433333333333333 0.0438775 0.057166666666666664 
0 0.431025 0.5038333333333334 0.015125 0.03383333333333333 
0 0.3901475 0.5196666666666667 0.0423775 0.06283333333333334 
0 0.4111475 0.5668333333333333 0.049629999999999994 0.06066666666666667 
0 0.4580275 0.5421666666666667 0.045627499999999994 0.04416666666666667 
0 0.453275 0.5766666666666667 0.027877499999999996 0.035666666666666666 
0 0.47740249999999995 0.56 0.05238000000000005 0.035666666666666666 
0 0.36951999999999996 0.5975 0.047877499999999996 0.04933333333333333 
0 0.44389999999999996 0.611 0.0353775 0.03933333333333333 
0 0.46465249999999997 0.6105 0.0338775 0.031166666666666665 
0 0.48077749999999997 0.5953333333333334 0.05050500000000005 0.036 
0 0.5416575 0.5293333333333333 0.029377499999999942 0.05633333333333333 
0 0.50703 0.5638333333333333 0.049752500000000054 0.04 
0 0.56316 0.5593333333333333 0.04600250000000006 0.06616666666666667 
0 0.5261575000000001 0.5851666666666666 0.04725249999999994 0.03933333333333333 
0 0.568785 0.48133333333333334 0.025377500000000056 0.028333333333333332 
0 0.5705800000000001 0.4881666666666667 0.03718999999999994 0.04575 
0 0.6174575 0.49075 0.043877500000000055 0.0405 
0 0.6035025 0.515 0.047505 0.044 
0 0.5975025 0.5261666666666667 0.04850499999999999 0.05316666666666667 
0 0.6618825 0.5141666666666667 0.017627499999999942 0.018 
0 0.6438825 0.5286666666666666 0.03625249999999994 0.057 
0 0.63263 0.4518333333333333 0.05313 0.027 
0 0.5988775000000001 0.4365 0.03700249999999994 0.07533333333333334 
0 0.629255 0.4731666666666667 0.05563 0.042333333333333334 
0 0.68376 0.4295 0.026127500000000053 0.06583333333333333 
0 0.7080125 0.4498333333333333 0.04487749999999994 0.0425 
0 0.432015 0.6573333333333333 0.0447525 0.035333333333333335 
0 0.4710175 0.631 0.0522525 0.03966666666666667 
0 0.52352 0.6183333333333333 0.044254999999999996 0.035666666666666666 
0 0.434015 0.6673333333333333 0.0570025 0.05 
0 0.4262625 0.7103333333333334 0.055255 0.04533333333333334 
0 0.49126749999999997 0.6456666666666667 0.039505000000000054 0.03766666666666667 
0 0.5317725 0.64 0.043252499999999944 0.026 
0 0.51377 0.664 0.052254999999999996 0.029666666666666668 
0 0.60789 0.5591666666666667 0.036252500000000056 0.03933333333333333 
0 0.62264 0.5956666666666667 0.047255 0.05 
0 0.5865125 0.5921666666666666 0.03700249999999994 0.0325 
0 0.5677625000000001 0.6181666666666666 0.04125249999999994 0.03166666666666667 
0 0.61064 0.6163333333333333 0.03837750000000006 0.04683333333333333 
0 0.5723875 0.6443333333333333 0.04075249999999994 0.042 
0 0.60064 0.6398333333333334 0.03175250000000005 0.0355 
0 0.6303925 0.6395 0.04025249999999994 0.048 
0 0.66752 0.5273333333333333 0.028 0.08033333333333334 
0 0.69402 0.5413333333333333 0.03913 0.07816666666666666 
0 0.68977 0.5255 0.022877500000000054 0.07683333333333334 
0 0.6537875000000001 0.6193333333333333 0.054755 0.07033333333333333 
0 0.70652 0.6055 0.04763 0.0515 
0 0.758275 0.5361666666666667 0.072005 0.05416666666666667 
0 0.75415 0.5701666666666667 0.066505 0.061 
0 0.7471475000000001 0.5373333333333333 0.025877499999999942 0.03166666666666667 
0 0.7408975 0.5916666666666667 0.044504999999999996 0.057 
0 0.7820275 0.6173333333333333 0.024125 0.051833333333333335 
0 0.7931525 0.6238333333333334 0.035252499999999944 0.08766666666666667 
0 0.7435225000000001 0.6328333333333334 0.04738 0.0465 
0 0.7258975000000001 0.65 0.05712999999999999 0.07016666666666667 
0 0.70527 0.6703333333333333 0.06688 0.06233333333333333 
0 0.68302 0.6595 0.025125 0.042833333333333334 
0 0.7298975000000001 0.7228333333333333 0.04700249999999994 0.044 
0 0.694395 0.7016666666666667 0.04100250000000005 0.06633333333333333 
0 0.6712675 0.6865 0.04250249999999994 0.0825 
0 0.626265 0.6741666666666667 0.04662750000000006 0.05683333333333333 
0 0.5047775 0.6893333333333334 0.04650500000000005 0.042 
0 0.579785 0.682 0.044002500000000055 0.033 
0 0.6095349999999999 0.7143333333333334 0.039255 0.039 
0 0.6317875000000001 0.753 0.03875249999999994 0.051 
0 0.6532899999999999 0.708 0.03825250000000006 0.062 
0 0.65079 0.743 0.049752500000000054 0.06133333333333333 
0 0.7232949999999999 0.7616666666666667 0.066255 0.05366666666666667 
0 0.4932775 0.7253333333333334 0.047002499999999996 0.043 
0 0.19099750000000001 0.37029333333333336 0.049 0.07131333333333327 
0 0.28308 0.5762366666666667 0.03975 0.07498000000000002 
0 0.33108 0.5669066666666667 0.03075 0.07031333333333335 
0 0.33732999999999996 0.65233 0.03 0.07297999999999995 
0 0.4372475 0.7288833333333333 0.05275 0.04332000000000001 
0 0.4708725 0.7223833333333334 0.0355 0.0613166666666666 
0 0.44262250000000003 0.77087 0.0485 0.04198999999999993 
0 0.48849750000000003 0.7618733333333333 0.062124999999999944 0.04915333333333335 
0 0.4957475 0.7798700000000001 0.03524999999999994 0.06914666666666669 
0 0.5361225 0.7588733333333333 0.0325 0.04998666666666668 
0 0.5612474999999999 0.6651766666666666 0.034875 0.03582333333333334 
0 0.5461225 0.6866700000000001 0.045125 0.0436566666666666 
0 0.5573724999999999 0.7119966666666666 0.046875 0.03199333333333334 
0 0.5238725 0.7273266666666667 0.05575 0.04948666666666668 
0 0.5738724999999999 0.72966 0.035 0.0406566666666666 
0 0.6034974999999999 0.7126633333333333 0.030875 0.08331333333333335 
0 0.5653725 0.76132 0.0475 0.04832000000000001 
0 0.5939975 0.7813133333333333 0.052875 0.038989999999999934 
0 0.5216225 0.7981433333333333 0.046375 0.037656666666666755 
0 0.6167474999999999 0.80264 0.04599750000000006 0.038989999999999934 
0 0.5876224999999999 0.8176366666666666 0.0605 0.04998666666666668 
0 0.5527475 0.8028066666666667 0.02775 0.06614999999999994 
0 0.4606225 0.7965866666666668 0.042625 0.06814999999999993 
0 0.5142475 0.8222466666666666 0.034125 0.04998666666666668 
0 0.573955 0.7969766666666667 0.026875 0.0903100000000001 
0 0.516455 0.8562933333333334 0.04775 0.05115333333333334 
0 0.5639974999999999 0.8541833333333334 0.028875 0.0788133333333332 
0 0.5888724999999999 0.8615133333333334 0.02875 0.07981333333333335 
0 0.6077475 0.8625133333333334 0.02675 0.08730999999999994 
0 0.6226225 0.8423533333333333 0.03937250000000006 0.07264666666666668 
0 0.65787 0.8160266666666667 0.027875 0.07014666666666669 
0 0.69887 0.7872 0.027625 0.03166000000000001 
0 0.677705 0.81997 0.036 0.09197666666666676 
0 0.701455 0.81014 0.051872499999999946 0.0638166666666666 
0 0.7244550000000001 0.7919766666666667 0.06149749999999995 0.05998333333333342 
0 0.77462 0.66701 0.026875 0.042656666666666676 
0 0.49954000000000004 0.15992 0.027374999999999945 0.03366000000000001 
0 0.5575375 0.15858999999999998 0.026 0.05681666666666668 
0 0.5272899999999999 0.20057666666666668 0.02675 0.01249666666666667 
0 0.5741625 0.19391333333333333 0.025125 0.04832000000000001 
0 0.5915375 0.19558 0.02225 0.05648333333333335 
0 0.5941625 0.17725 0.0335 0.05615333333333335 
0 0.5130399999999999 0.20724333333333333 0.05637250000000006 0.027823333333333342 
0 0.5515399999999999 0.22523666666666667 0.024747500000000058 0.04598999999999997 
0 0.6031224999999999 0.26211666666666666 0.02275 0.034323333333333345 
0 0.6166225 0.2667833333333333 0.017 0.022993333333333338 
0 0.5998724999999999 0.28561000000000003 0.037875 0.03065999999999997 
0 0.6294974999999999 0.27478 0.03162250000000006 0.02582666666666667 
0 0.6634950000000001 0.20796333333333333 0.017625 0.05232000000000001 
0 0.67537 0.20513333333333333 0.020125 0.05481666666666668 
0 0.69212 0.19763333333333333 0.01725 0.03715666666666668 
0 0.701745 0.18880333333333332 0.0295 0.05132000000000001 
0 0.67862 0.23345666666666667 0.031875 0.055653333333333346 
0 0.70337 0.23346999999999998 0.030875 0.05965333333333334 
0 0.729245 0.21880666666666665 0.0185 0.05715333333333335 
0 0.747495 0.19098333333333334 0.03 0.05514999999999998 
0 0.716995 0.13666333333333333 0.033 0.033156666666666654 
0 0.75887 0.11483666666666667 0.029875 0.04932000000000001 
0 0.768495 0.14782666666666666 0.031 0.05082000000000001 
0 0.793745 0.15882333333333334 0.034 0.056819999999999975 
0 0.813245 0.11883333333333333 0.038625 0.030326666666666672 
0 0.84287 0.16499 0.02725 0.03249000000000001 
0 0.851495 0.15732333333333334 0.022875 0.027826666666666673 
0 0.7395375000000001 0.22003 0.028 0.07247999999999998 
0 0.7659125 0.22619666666666668 0.023 0.06364666666666664 
0 0.7781625 0.25902 0.018 0.046820000000000014 
0 0.8119125 0.20370000000000002 0.03075 0.061649999999999976 
0 0.8256625000000001 0.18504 0.0145 0.024660000000000005 
0 0.8397875 0.21136666666666667 0.022375 0.053149999999999975 
0 0.7231625 0.2628666666666667 0.0235 0.05681666666666665 
0 0.6896625000000001 0.29652333333333336 0.038 0.028659999999999967 
0 0.7355375000000001 0.28419333333333335 0.023625 0.06981666666666664 
0 0.7564125 0.28619333333333336 0.03075 0.06431666666666665 
0 0.7709125 0.28886 0.028875 0.07464666666666665 
0 0.8066625000000001 0.2500366666666667 0.03625 0.05764999999999998 
0 0.7904125000000001 0.29719 0.030125 0.07114999999999998 
0 0.8170375 0.2583666666666667 0.04474749999999995 0.06298333333333331 
0 0.8193275 0.31091 0.026875 0.06465000000000001 
0 0.6795800000000001 0.3220733333333333 0.046875 0.03565666666666668 
0 0.70433 0.3415666666666667 0.04075 0.07631333333333336 
0 0.72208 0.31940666666666667 0.0345 0.06548333333333335 
0 0.756955 0.34223333333333333 0.04562249999999995 0.07448000000000002 
0 0.6809550000000001 0.3528966666666667 0.040375 0.04599000000000001 
0 0.74933 0.36006333333333335 0.03874749999999995 0.07981333333333335 
0 0.7942025 0.3608966666666667 0.034625 0.07248000000000002 
0 0.676995 0.3885566666666667 0.025625 0.04498666666666668 
0 0.6462475 0.42688000000000004 0.02674750000000006 0.0281566666666666 
0 0.703245 0.39205333333333336 0.028 0.058319999999999934 
0 0.729745 0.39322 0.029875 0.08397999999999994 
0 0.750745 0.4078833333333334 0.026625 0.07447999999999995 
0 0.774495 0.4200466666666667 0.04525 0.06414999999999994 
0 0.6915375 0.49285999999999996 0.039375 0.055320000000000015 
0 0.7179125000000001 0.47669999999999996 0.0455 0.06048333333333335 
0 0.7539125 0.48269666666666666 0.059375 0.03849000000000001 
0 0.7407875 0.5088566666666666 0.051625 0.04399000000000001 
0 0.7796625 0.5038566666666666 0.045625 0.05115333333333334 
0 0.6734075 0.07485333333333333 0.0315 0.047653333333333325 
0 0.8574525 0.12025666666666666 0.01975 0.02549333333333334 
0 0.8867025 0.10009666666666667 0.019125 0.021159999999999988 
0 0.8978275 0.11142666666666666 0.019375 0.024326666666666674 
0 0.8747024999999999 0.12859333333333334 0.033625 0.03832333333333334 
0 0.8862025 0.16558333333333333 0.039125 0.05182000000000001 
0 0.8779525 0.17941333333333334 0.039625 0.05565000000000001 
0 0.9442025 0.08493666666666667 0.029375 0.03665666666666666 
0 0.9393275 0.10959666666666668 0.02675 0.03099333333333332 
0 0.9745375000000001 0.10926333333333334 0.025164999999999965 0.029826666666666654 
0 0.9303275 0.14942 0.02875 0.047820000000000015 
0 0.9448274999999999 0.13659 0.02625 0.047653333333333346 
0 0.9634524999999999 0.13164666666666666 0.02575 0.05331999999999999 
0 0.9852025 0.13864333333333334 0.014 0.037326666666666654 
0 0.9107274999999999 0.12068666666666666 0.0140625 0.016326666666666673 
0 0.888245 0.23000666666666666 0.02975 0.058150000000000014 
0 0.91162 0.24017 0.02925 0.05932000000000001 
0 0.9437450000000001 0.19868333333333332 0.04975 0.03832333333333334 
0 0.965495 0.1768533333333333 0.03475 0.04848666666666668 
0 0.979995 0.22017666666666666 0.02025 0.03732333333333334 
0 0.95962 0.22667333333333334 0.028625 0.05798666666666668 
0 0.88637 0.2864933333333333 0.055875 0.052649999999999975 
0 0.93462 0.27516 0.02125 0.062486666666666676 
0 0.973495 0.26983 0.026875 0.02499333333333334 
0 0.98487 0.25716666666666665 0.014625 0.01499666666666667 
0 0.9477450000000001 0.2764933333333333 0.02825 0.06082000000000001 
0 0.97187 0.2858266666666667 0.02825 0.059150000000000015 
0 0.86012 0.27766 0.032625 0.06915000000000002 
0 0.891745 0.3119866666666667 0.043 0.034323333333333345 
0 0.843245 0.29849000000000003 0.03525 0.07098000000000002 
0 0.878245 0.33847666666666665 0.065375 0.03716000000000005 
0 0.962245 0.33548 0.037625 0.02749333333333334 
0 0.942245 0.34831 0.048 0.033156666666666675 
0 0.933245 0.33398 0.0165 0.01699333333333334 
0 0.8328274999999999 0.3679133333333333 0.02875 0.06015333333333334 
0 0.8704525 0.3532533333333333 0.019375 0.05082000000000001 
0 0.8479525 0.3660833333333333 0.04175 0.06864666666666669 
0 0.8780775 0.3747466666666667 0.035875 0.08814333333333335 
0 0.9023275 0.37008 0.029125 0.06981666666666668 
0 0.9188275 0.36575 0.0355 0.07664666666666668 
0 0.8200775 0.37358 0.02325 0.06931666666666668 
0 0.7877875 0.43378666666666665 0.0455 0.06815000000000002 
0 0.8326625 0.41728999999999994 0.034875 0.06115000000000002 
0 0.8824125 0.43061999999999995 0.058872499999999946 0.04482333333333334 
0 0.8329125000000001 0.48694 0.04275 0.09330666666666669 
0 0.8101625 0.4606133333333333 0.027875 0.07264666666666668 
0 0.8364125 0.4654433333333333 0.04725 0.060653333333333344 
0 0.8616625 0.4284533333333333 0.022875 0.05798666666666668 
0 0.8692875 0.4737766666666666 0.050372499999999945 0.05082000000000001 
0 0.91116 0.4517833333333333 0.035875 0.040153333333333346 
0 0.8899125 0.48327333333333333 0.04512249999999995 0.058983333333333346 
0 0.937155 0.36601 0.04425 0.03899000000000001 
0 0.972905 0.36101 0.02675 0.05665333333333335 
0 0.946655 0.39067 0.04025 0.05198666666666668 
0 0.940905 0.4396566666666667 0.0495 0.027326666666666673 
0 0.9839049999999999 0.399 0.0175 0.05598666666666668 
0 0.964905 0.46331666666666665 0.03575 0.023660000000000007 
0 0.946155 0.48131333333333337 0.0545 0.032656666666666674 
0 0.933905 0.46298333333333336 0.032 0.04798666666666668 
0 0.9414049999999999 0.4956433333333334 0.0425 0.047653333333333346 
0 0.9715775 0.5144333333333333 0.027375 0.03649000000000001 
0 0.9633275 0.5325966666666666 0.033625 0.07764333333333336 
0 0.9422024999999999 0.53243 0.03975 0.06348333333333335 
0 0.854745 0.5111566666666667 0.0645 0.05781666666666668 
0 0.90862 0.4988266666666667 0.03575 0.10430666666666669 
0 0.870995 0.5543133333333333 0.04675 0.07481333333333336 
0 0.82487 0.5294866666666667 0.051125 0.06398000000000002 
0 0.89537 0.56731 0.051 0.0651466666666666 
0 0.8240375 0.5816366666666667 0.024875 0.021163333333333336 
0 0.8441625 0.5823033333333334 0.062125 0.041656666666666675 
0 0.8462875 0.6044666666666667 0.063 0.0499866666666666 
0 0.9007875000000001 0.6277933333333333 0.042747499999999945 0.037323333333333264 
0 0.93762 0.5980233333333334 0.03325 0.04248666666666668 
0 0.96362 0.6056866666666666 0.03325 0.03449000000000001 
0 0.95516 0.63218 0.045 0.05182000000000001 
0 0.93516 0.6283466666666666 0.032875 0.06698333333333327 
0 0.9076625 0.64551 0.03287249999999994 0.08997666666666669 
0 0.93516 0.6781666666666667 0.064875 0.05848666666666668 
0 0.962785 0.7006633333333333 0.0355 0.07114666666666669 
0 0.9177025 0.7249899999999999 0.05075 0.05015333333333335 
0 0.9515775 0.72932 0.037625 0.045989999999999934 
0 0.8257875 0.6381233333333333 0.06325 0.04698666666666668 
0 0.8702875 0.6612833333333333 0.0345 0.0863100000000001 
0 0.8884125 0.6534533333333333 0.034747499999999945 0.08647666666666669 
0 0.8142875 0.6681166666666666 0.0625 0.04815333333333335 
0 0.8096625000000001 0.6924433333333333 0.045375 0.05665000000000009 
0 0.8496625 0.6964400000000001 0.02825 0.10366 
0 0.7685375 0.7077899999999999 0.0835 0.05798333333333342 
0 0.7867875 0.7504466666666667 0.0545 0.08530999999999994 
0 0.7735375 0.7327833333333333 0.044375 0.1008066666666667 
0 0.8301625 0.76411 0.048875 0.0858100000000001 
0 0.8753275 0.7361166666666666 0.03525 0.07481333333333336 
0 0.8999524999999999 0.75661 0.057875 0.06815000000000009 
0 0.9039524999999999 0.77877 0.060875 0.06498333333333342 
0 0.8669525 0.7644433333333334 0.03775 0.09130666666666669 
0 0.95187 0.8043766666666667 0.0485 0.06548333333333327 
0 0.98687 0.7725500000000001 0.0135 0.03449333333333334 
0 0.90237 0.8427533333333334 0.0555 0.047323333333333266 
0 0.958245 0.8357566666666667 0.041875 0.06364999999999994 
0 0.634205 0.8746366666666666 0.046 0.06864666666666669 
0 0.68108 0.8719699999999999 0.035375 0.07231333333333335 
0 0.711955 0.8409766666666666 0.0445 0.09764000000000002 
0 0.74533 0.8353133333333334 0.031875 0.07814333333333327 
0 0.796205 0.8318133333333334 0.06587249999999994 0.040489999999999936 
0 0.80208 0.8706366666666666 0.06412249999999994 0.045153333333333344 
0 0.6483724999999999 0.9079033333333334 0.04425 0.045323333333333264 
0 0.6256225 0.9463933333333333 0.057875 0.04049000000000008 
0 0.438875 0.8458166666666667 0.0641225 0.0888100000000001 
0 0.3459575 0.77578 0.0755 0.06981666666666661 
0 0.44125 0.06275 0.02525 0.026326666666666672 
0 0.1098375 0.029536666666666666 0.01475 0.017329999999999998 
0 8.75e-05 0.18660666666666667 0.01125 0.05798333333333331 
0 0.434375 0.29334666666666664 0.039625 0.04532333333333334 
0 0.447875 0.29234666666666664 0.03525 0.04465666666666668 
0 0.4255 0.30551 0.02025 0.05048666666666668 
0 0.437 0.32300666666666666 0.02575 0.06598333333333335 
0 0.5008325 0.40232 0.02675 0.017660000000000006 
