0 0.713125 0.6163333333333333 0.019625 0.0245 
0 0.858875 0.6505 0.017904999999999973 0.014636666666666694 
0 0.61975 0.6589166666666667 0.0174375 0.03183333333333333 
0 0.644875 0.6668333333333333 0.0165625 0.02625 
0 0.753625 0.6698333333333333 0.02625 0.024666666666666667 
0 0.766125 0.6698333333333333 0.0305 0.025 
0 0.612125 0.6705 0.0185 0.027666666666666666 
0 0.63625 0.6673333333333333 0.012625 0.030833333333333334 
0 0.5596875 0.6698333333333333 0.018375 0.03075 
0 0.585375 0.6721666666666667 0.02525 0.019333333333333334 
0 0.547375 0.6751666666666667 0.014 0.028666666666666667 
0 0.738125 0.6751666666666667 0.03075 0.02266666666666667 
0 0.649125 0.6821666666666667 0.0225 0.021 
0 0.33375 0.6881666666666667 0.012375 0.022083333333333333 
0 0.571375 0.6885 0.01225 0.02225 
0 0.474625 0.6898333333333333 0.01725 0.024 
0 0.583125 0.6875833333333333 0.0121875 0.01925 
0 0.573375 0.7065 0.01775 0.017333333333333333 
0 0.539125 0.69 0.0163125 0.022583333333333334 
0 0.6315 0.6914166666666667 0.0161875 0.02775 
0 0.3385625 0.6948333333333333 0.0205625 0.025166666666666667 
0 0.6516875 0.6931666666666667 0.0189375 0.02025 
0 0.3149375 0.6955 0.0194375 0.012 
0 0.446375 0.6958333333333333 0.02875 0.016833333333333332 
0 0.5891875 0.6943333333333334 0.0189375 0.0255 
0 0.585125 0.7168333333333333 0.0181875 0.03283333333333333 
0 0.49275 0.6978333333333333 0.015625 0.021333333333333333 
0 0.5599375 0.692 0.01625 0.029833333333333333 
0 0.72525 0.6973333333333334 0.020375 0.02875 
0 0.506125 0.7005 0.0135 0.018666666666666668 
0 0.5120625 0.7195833333333334 0.0185625 0.021833333333333333 
0 0.5075625 0.7371666666666666 0.0125 0.03166666666666667 
0 0.621875 0.7011666666666667 0.01375 0.030333333333333334 
0 0.836625 0.7011666666666667 0.01475 0.026 
0 0.305 0.70125 0.02425 0.02325 
0 0.460625 0.7031666666666667 0.01625 0.01633333333333333 
0 0.706625 0.7031666666666667 0.0135625 0.028666666666666667 
0 0.3768125 0.701 0.0180625 0.030833333333333334 
0 0.524875 0.7038333333333333 0.01075 0.023583333333333335 
0 0.718375 0.7038333333333333 0.0125 0.029333333333333333 
0 0.861375 0.7038333333333333 0.026375 0.036 
0 0.325625 0.7048333333333333 0.01525 0.03133333333333333 
0 0.875625 0.7068333333333333 0.024 0.031083333333333334 
0 0.553125 0.7041666666666667 0.0141875 0.025 
0 0.8120625 0.7085 0.0195625 0.030333333333333334 
0 0.8299375 0.7161666666666666 0.0301875 0.036333333333333336 
0 0.865375 0.7238333333333333 0.01925 0.035333333333333335 
0 0.877375 0.7591666666666667 0.0249375 0.03241666666666667 
0 0.853625 0.7895 0.032 0.017333333333333333 
0 0.856125 0.7971666666666667 0.0406875 0.05075 
0 0.869 0.7995 0.0264375 0.035333333333333335 
0 0.693125 0.70775 0.0151875 0.02675 
0 0.360875 0.7094166666666667 0.0161875 0.02275 
0 0.4303125 0.7088333333333333 0.015625 0.024583333333333332 
0 0.642625 0.7101666666666666 0.013375 0.023583333333333335 
0 0.451625 0.7105833333333333 0.01725 0.016583333333333332 
0 0.470375 0.7134166666666667 0.0140625 0.020166666666666666 
0 0.468375 0.7295 0.021 0.028333333333333332 
0 0.541125 0.7079166666666666 0.0115 0.017916666666666668 
0 0.440375 0.7118333333333333 0.0268125 0.02266666666666667 
0 0.4160625 0.7294166666666667 0.0175 0.03075 
0 0.653125 0.7121666666666666 0.02675 0.014666666666666666 
0 0.603125 0.7134166666666667 0.01925 0.02808333333333333 
0 0.347375 0.7134166666666667 0.0144375 0.029083333333333333 
0 0.476625 0.7141666666666666 0.0181875 0.03333333333333333 
0 0.488625 0.715 0.0203125 0.033166666666666664 
0 0.789875 0.7158333333333333 0.0165 0.028666666666666667 
0 0.803375 0.7175 0.019375 0.025666666666666667 
0 0.910125 0.7188333333333333 0.0295 0.03791666666666667 
0 0.930375 0.7215 0.01975 0.028333333333333332 
0 0.951875 0.7395 0.02175 0.026 
0 0.9615 0.7425 0.0305 0.037 
0 0.984875 0.7425 0.01475 0.015 
0 0.980375 0.7481666666666666 0.01775 0.033 
0 0.932375 0.7478333333333333 0.0285 0.0205 
0 0.995375 0.7521666666666667 0.004375 0.032 
0 0.939625 0.7595 0.02075 0.032 
0 0.951375 0.7615 0.024 0.035 
0 0.971125 0.7645 0.029125 0.037 
0 0.738875 0.7198333333333333 0.015 0.023916666666666666 
0 0.957375 0.7198333333333333 0.0221875 0.030083333333333333 
0 0.6195 0.7185833333333334 0.025625 0.02925 
0 0.355375 0.7221666666666666 0.01525 0.031 
0 0.541875 0.7194166666666667 0.0199375 0.03908333333333333 
0 0.5615 0.7209166666666667 0.02725 0.012416666666666666 
0 0.601375 0.7200833333333333 0.01275 0.027416666666666666 
0 0.654875 0.7218333333333333 0.0220625 0.0335 
0 0.672375 0.7255 0.01975 0.02266666666666667 
0 0.532625 0.72425 0.0135 0.03691666666666667 
0 0.694625 0.7275 0.0181875 0.024666666666666667 
0 0.721875 0.7269166666666667 0.0179375 0.021416666666666667 
0 0.7666875 0.7288333333333333 0.0194375 0.03025 
0 0.7844375 0.7361666666666666 0.0199375 0.03216666666666667 
0 0.553375 0.729 0.0200625 0.0315 
0 0.894625 0.7295 0.0294375 0.031 
0 0.571875 0.7301666666666666 0.01225 0.027 
0 0.583625 0.7335 0.00875 0.025166666666666667 
0 0.228375 0.7308333333333333 0.0165625 0.027 
0 0.638875 0.7328333333333333 0.01575 0.036333333333333336 
0 0.153625 0.7326666666666667 0.0230625 0.028833333333333332 
0 0.1455 0.74975 0.016375 0.03475 
0 0.69972 0.73246 0.024904999999999972 0.030623333333333298 
0 0.676875 0.7304166666666667 0.0195625 0.02975 
0 0.625375 0.73275 0.0174375 0.031083333333333334 
0 0.7524375 0.7268333333333333 0.0161875 0.02975 
0 0.494375 0.7374166666666667 0.01375 0.028333333333333332 
0 0.884875 0.73675 0.01625 0.03175 
0 0.895625 0.7658333333333334 0.0286875 0.058666666666666666 
0 0.16125 0.7405 0.029125 0.03375 
0 0.4340625 0.7389166666666667 0.015625 0.032916666666666664 
0 0.447125 0.7411666666666666 0.0179375 0.043333333333333335 
0 -0.000125 0.7418333333333333 0.01625 0.024 
0 0.807875 0.7418333333333333 0.030125 0.01633333333333333 
0 0.828625 0.7558333333333334 0.0140625 0.033 
0 0.84225 0.7576666666666667 0.017875 0.030833333333333334 
0 0.13975 0.7428333333333333 0.0159375 0.023833333333333335 
0 0.720875 0.7428333333333333 0.035875 0.02025 
0 0.1183125 0.7435 0.0225625 0.025 
0 0.1065 0.7471666666666666 0.0205625 0.0205 
0 0.103875 0.7638333333333334 0.023 0.03866666666666667 
0 0.124375 0.7510833333333333 0.0158125 0.03675 
0 0.120125 0.7644166666666666 0.0289375 0.03975 
0 0.4615625 0.7458333333333333 0.01575 0.02025 
0 0.608625 0.7461666666666666 0.01675 0.0395 
0 0.777875 0.7455 0.01525 0.045 
0 0.592875 0.7469166666666667 0.0213125 0.029916666666666668 
0 0.273 0.7485 0.017125 0.03908333333333333 
0 0.581125 0.7463333333333333 0.0208125 0.029833333333333333 
0 0.082375 0.7501666666666666 0.02275 0.028 
0 0.203125 0.7479166666666667 0.02525 0.04058333333333333 
0 0.21025 0.7599166666666667 0.0225 0.04125 
0 0.215125 0.7765 0.022875 0.023 
0 0.054625 0.7518333333333334 0.02525 0.03966666666666667 
0 0.653875 0.7455 0.0189375 0.03891666666666667 
0 0.6851875 0.7518333333333334 0.0154375 0.04066666666666666 
0 0.6988125 0.7616666666666667 0.0163125 0.03783333333333333 
0 0.567375 0.7525 0.0140625 0.028333333333333332 
0 0.1585 0.7528066666666667 0.030875 0.035666666666666666 
0 0.186625 0.7528333333333334 0.02625 0.037333333333333336 
0 0.275875 0.7531666666666667 0.02375 0.03933333333333333 
0 0.665875 0.7531666666666667 0.0204375 0.03166666666666667 
0 0.7504375 0.7528333333333334 0.023 0.034 
0 0.918625 0.7528333333333334 0.0298125 0.044583333333333336 
0 0.222875 0.7485 0.031125 0.034333333333333334 
0 0.738125 0.7548333333333334 0.016125 0.03766666666666667 
0 0.487125 0.7561666666666667 0.0175 0.043333333333333335 
0 0.474875 0.7608333333333334 0.01625 0.041 
0 0.707375 0.7552933333333334 0.018 0.04120666666666663 
0 0.09225 0.7571666666666667 0.016875 0.020583333333333332 
0 0.236875 0.75775 0.0139375 0.03183333333333333 
0 0.537 0.7536666666666667 0.01275 0.03075 
0 0.7234375 0.7565 0.0193125 0.04975 
0 0.030875 0.7585 0.019 0.030333333333333334 
0 0.401125 0.7574166666666666 0.0245625 0.03641666666666667 
0 0.769375 0.7591666666666667 0.0115 0.026333333333333334 
0 0.039875 0.7611666666666667 0.02075 0.036333333333333336 
0 0.49675 0.7635 0.0185625 0.03666666666666667 
0 0.425375 0.7638333333333334 0.0195 0.035666666666666666 
0 0.550625 0.7635 0.01875 0.03133333333333333 
0 0.549125 0.7898333333333334 0.0135 0.03333333333333333 
0 0.420875 0.76225 0.0123125 0.03025 
0 0.907125 0.76025 0.0266875 0.04325 
0 0.4520625 0.7655 0.0250625 0.03908333333333333 
0 0.247375 0.7658333333333334 0.0279375 0.035666666666666666 
0 0.363625 0.7671666666666667 0.02075 0.022833333333333334 
0 0.791875 0.7671666666666667 0.0285 0.03166666666666667 
0 0.058375 0.7643333333333333 0.0234375 0.04016666666666667 
0 0.509375 0.7721666666666667 0.0163125 0.031 
0 0.0761875 0.7731666666666667 0.0281875 0.04633333333333333 
0 0.537875 0.7731666666666667 0.019875 0.03133333333333333 
0 0.349625 0.7741666666666667 0.032 0.029 
0 0.384375 0.7751666666666667 0.020875 0.036333333333333336 
0 0.524625 0.7748333333333334 0.01725 0.036333333333333336 
0 0.067375 0.77475 0.021875 0.042416666666666665 
0 0.5765625 0.7795 0.0111875 0.038 
0 0.584375 0.7788333333333334 0.0156875 0.04466666666666667 
0 0.598125 0.7796666666666666 0.0126875 0.041166666666666664 
0 0.607875 0.7825 0.01575 0.042333333333333334 
0 0.8394375 0.782 0.0211875 0.051833333333333335 
0 0.820125 0.7841666666666667 0.0105 0.026333333333333334 
0 0.561875 0.7848333333333334 0.01525 0.042666666666666665 
0 0.621375 0.7855 0.01575 0.04975 
0 0.632375 0.79175 0.02525 0.03875 
0 0.746375 0.7858333333333334 0.034 0.016666666666666666 
0 0.229625 0.7884166666666667 0.0185625 0.03808333333333333 
0 0.081875 0.7901666666666667 0.0283125 0.035083333333333334 
0 0.831125 0.7918333333333333 0.01025 0.026 
0 0.775625 0.7921666666666667 0.02125 0.048666666666666664 
0 0.78775 0.792 0.0409375 0.058583333333333334 
0 0.654625 0.7955 0.01825 0.029333333333333333 
0 0.7211875 0.79525 0.0174375 0.028583333333333332 
0 0.694625 0.8005 0.024875 0.0375 
0 0.752125 0.7985 0.01875 0.052 
0 0.7355625 0.8018333333333333 0.0195 0.048 
0 0.888125 0.801 0.0225 0.030166666666666668 
0 0.7636875 0.8010833333333334 0.0226875 0.04908333333333333 
0 0.709875 0.8078333333333333 0.0345 0.04133333333333333 
0 0.702625 0.83125 0.03375 0.04725 
0 0.7200625 0.8345833333333333 0.0300625 0.04525 
0 0.0366875 0.8529166666666667 0.01275 0.011 
0 0.362 0.8565 0.022375 0.023166666666666665 
0 0.018875 0.861 0.02575 0.025166666666666667 
0 0.872625 0.8625 0.0445 0.022 
0 0.176875 0.8771666666666667 0.0139375 0.027 
0 0.207875 0.8811666666666667 0.02325 0.02125 
0 0.156375 0.8818333333333334 0.018 0.011666666666666667 
0 0.165625 0.7714166666666666 0.022375 0.036 
0 0.1788125 0.7525 0.02575 0.026416666666666668 
0 0.244625 0.74925 0.021875 0.043583333333333335 
0 0.256125 0.7406666666666667 0.0260625 0.042166666666666665 
0 0.41825 0.7104166666666667 0.0129375 0.01875 
0 0.39975 0.7256666666666667 0.0293125 0.029083333333333333 
0 0.452125 0.682 0.026625 0.018 
0 0.42475 0.7320833333333333 0.0188125 0.03183333333333333 
0 0.4414375 0.7308333333333333 0.0264375 0.0155 
0 0.465375 0.72075 0.007 0.017333333333333333 
0 0.48175 0.6954166666666667 0.02 0.019833333333333335 
0 0.5011875 0.7178333333333333 0.0206875 0.026 
0 0.51225 0.7056666666666667 0.013 0.013583333333333333 
0 0.53225 0.70325 0.01275 0.0275 
0 0.5194375 0.72775 0.0160625 0.03075 
0 0.5164375 0.7559166666666667 0.0243125 0.029 
0 0.607875 0.6846666666666666 0.01975 0.025833333333333333 
0 0.606875 0.6943333333333334 0.016125 0.035083333333333334 
0 0.664125 0.6985 0.019875 0.01525 
0 0.6771875 0.7006666666666667 0.0290625 0.014 
0 0.652 0.7348333333333333 0.01525 0.01975 
0 0.6706875 0.7126666666666667 0.0245 0.018416666666666668 
0 0.795 0.7915 0.032375 0.043166666666666666 
0 0.7960625 0.78625 0.0286875 0.03775 
0 0.7970625 0.7439166666666667 0.0191875 0.03275 
0 0.8123125 0.75475 0.0183125 0.034333333333333334 
0 0.850625 0.7058333333333333 0.01475 0.027666666666666666 
0 0.8265 0.7391666666666666 0.037625 0.0305 
0 0.8480625 0.72775 0.0260625 0.029583333333333333 
0 0.86175 0.748 0.0185 0.028166666666666666 
0 0.8523125 0.761 0.0261875 0.03158333333333333 
0 0.8693125 0.7748333333333334 0.0303125 0.03266666666666666 
0 0.978375 0.7370833333333333 0.008375 0.012 
0 0.98525 0.7370833333333333 0.0149375 0.0125 
0 0.8206875 0.8899166666666667 0.0326875 0.01525 
0 0.8145625 0.9014166666666666 0.0313125 0.022 
0 0.8333125 0.8925833333333333 0.017125 0.03475 
0 0.038625 0.8991666666666667 0.030875 0.026166666666666668 
0 -0.0003125 0.7644166666666666 0.00625 0.015916666666666666 
0 0.8705625 0.6545133333333333 0.02575 0.024933333333333318 
