0 0.850968567251462 0.036595394736842105 0.02412280701754386 0.043859649122807015 
0 0.9538559941520468 0.03961074561403509 0.02540204678362573 0.051535087719298246 
0 0.8727156432748538 0.04015899122807018 0.024853801169590642 0.04139254385964912 
0 0.8608369883040936 0.07853618421052631 0.0266812865497076 0.04906798245614035 
0 0.9087171052631579 0.08292214912280702 0.019371345029239765 0.04523026315789474 
0 0.8851425438596491 0.09443530701754387 0.023391812865497075 0.04276315789473684 
0 0.8666849415204678 0.11060855263157894 0.03326023391812866 0.05345394736842105 
0 0.8909904970760234 0.11499451754385964 0.02905701754385965 0.05893640350877193 
0 0.9046966374269005 0.1289747807017544 0.027595029239766082 0.0556469298245614 
0 0.7234100877192983 0.0459155701754386 0.03490497076023392 0.03262061403508772 
0 0.7372989766081871 0.04756030701754386 0.03983918128654971 0.023574561403508772 
0 0.7734831871345029 0.05523574561403509 0.021747076023391813 0.043859649122807015 
0 0.7206688596491229 0.07305372807017543 0.039473684210526314 0.02425986842105263 
0 0.9896747076023392 0.05578399122807018 0.01023391812865497 0.03289473684210526 
0 0.8018092105263158 0.06428179824561403 0.018457602339181287 0.04797149122807018 
0 0.8403691520467836 0.0678453947368421 0.024853801169590642 0.05756578947368421 
0 0.7533808479532164 0.07086074561403509 0.030519005847953216 0.02275219298245614 
0 0.6570723684210527 0.0771655701754386 0.030153508771929825 0.04057017543859649 
0 0.6649305555555556 0.11581688596491228 0.033625730994152045 0.04468201754385965 
0 0.9538559941520468 0.0790844298245614 0.02046783625730994 0.05921052631578947 
0 0.8206323099415205 0.07963267543859649 0.01864035087719298 0.0581140350877193 
0 0.8776498538011696 0.08045504385964912 0.025950292397660817 0.0356359649122807 
0 0.8038194444444444 0.09936951754385964 0.022478070175438597 0.04824561403508772 
0 0.7634320175438597 0.1128015350877193 0.028143274853801168 0.025219298245614034 
0 0.9321089181286549 0.08292214912280702 0.027412280701754384 0.05482456140350877 
0 0.9659173976608187 0.11252741228070176 0.02540204678362573 0.05756578947368421 
0 0.836531432748538 0.0878563596491228 0.019371345029239765 0.05180921052631579 
0 0.7047697368421053 0.09333881578947369 0.03892543859649123 0.034265350877192985 
0 0.6367872807017544 0.10923793859649122 0.027777777777777776 0.05043859649122807 
0 0.9251644736842105 0.11006030701754387 0.03892543859649123 0.05455043859649123 
0 0.9321089181286549 0.13884320175438597 0.020285087719298246 0.06716008771929824 
0 0.9492872807017544 0.15830592105263158 0.04029605263157895 0.03399122807017544 
0 0.7248720760233918 0.10992324561403509 0.04111842105263158 0.041529605263157895 
0 0.7321820175438597 0.12815241228070176 0.047697368421052634 0.02631578947368421 
0 0.7661732456140351 0.13226425438596492 0.03654970760233918 0.038651315789473686 
0 0.795047514619883 0.13692434210526316 0.01882309941520468 0.05345394736842105 
0 0.830500730994152 0.13747258771929824 0.03527046783625731 0.042214912280701754 
0 0.8098501461988304 0.13856907894736842 0.021747076023391813 0.060032894736842105 
0 0.9916849415204678 0.17009320175438597 0.008223684210526315 0.02412280701754386 
0 0.742781432748538 0.15145285087719298 0.04331140350877193 0.03837719298245614 
0 0.6808296783625731 0.15090460526315788 0.04349415204678363 0.01617324561403509 
0 0.8489583333333334 0.15282346491228072 0.047149122807017545 0.027138157894736843 
0 0.8988486842105263 0.19695723684210525 0.04057017543859649 0.0625 
0 0.7292580409356725 0.15391995614035087 0.04678362573099415 0.04577850877192982 
0 0.7204861111111112 0.15775767543859648 0.027777777777777776 0.047149122807017545 
0 0.7086074561403509 0.16543311403508773 0.01918859649122807 0.04358552631578947 
0 0.7544773391812866 0.19010416666666666 0.03344298245614035 0.06359649122807018 
0 0.7462536549707602 0.20052083333333334 0.024853801169590642 0.05921052631578947 
0 0.7849049707602339 0.2800164473684211 0.030062134502923978 0.0683936403508772 
0 0.6475694444444444 0.15446820175438597 0.027412280701754384 0.04057017543859649 
0 0.5896381578947368 0.15830592105263158 0.020285087719298246 0.07209429824561403 
0 0.5713633040935673 0.16981907894736842 0.02046783625730994 0.05345394736842105 
0 0.5141630116959064 0.16324013157894737 0.03782894736842105 0.04851973684210526 
0 0.6654788011695907 0.16324013157894737 0.04842836257309942 0.02631578947368421 
0 0.6336805555555556 0.17886513157894737 0.022112573099415205 0.05345394736842105 
0 0.6545138888888888 0.18270285087719298 0.03983918128654971 0.03399122807017544 
0 0.7784173976608187 0.16461074561403508 0.0222953216374269 0.05921052631578947 
0 0.6037097953216374 0.16927083333333334 0.02320906432748538 0.057291666666666664 
0 0.9187682748538012 0.17146381578947367 0.03399122807017544 0.059484649122807015 
0 0.813139619883041 0.17256030701754385 0.025950292397660817 0.05263157894736842 
0 0.8286732456140351 0.17804276315789475 0.027777777777777776 0.05043859649122807 
0 0.8412828947368421 0.18078399122807018 0.029239766081871343 0.057839912280701754 
0 0.6691337719298246 0.18146929824561403 0.039565058479532164 0.04673793859649123 
0 0.6899671052631579 0.19476425438596492 0.020650584795321638 0.06524122807017543 
0 0.6709612573099415 0.22711074561403508 0.023026315789473683 0.05701754385964912 
0 0.9626279239766082 0.18791118421052633 0.03709795321637427 0.05866228070175439 
0 0.9849232456140351 0.18900767543859648 0.014802631578947368 0.042214912280701754 
0 0.8641264619883041 0.19202302631578946 0.04148391812865497 0.032072368421052634 
0 0.6247258771929824 0.19640899122807018 0.017361111111111112 0.03837719298245614 
0 0.7100694444444444 0.20271381578947367 0.039473684210526314 0.027412280701754384 
0 0.7168311403508771 0.22299890350877194 0.03508771929824561 0.05235745614035088 
0 0.6983735380116959 0.22875548245614036 0.03819444444444445 0.02987938596491228 
0 0.6846673976608187 0.24986293859649122 0.03764619883040936 0.04111842105263158 
0 0.9556834795321637 0.21175986842105263 0.023757309941520467 0.05756578947368421 
0 0.5647843567251462 0.21367872807017543 0.030884502923976608 0.054276315789473686 
0 0.6393457602339181 0.2147752192982456 0.03344298245614035 0.05016447368421053 
0 0.5238486842105263 0.21669407894736842 0.04057017543859649 0.02823464912280702 
0 0.8789290935672515 0.21888706140350878 0.023391812865497075 0.05838815789473684 
0 0.8734466374269005 0.2709703947368421 0.03326023391812866 0.04550438596491228 
0 0.8142361111111112 0.22382127192982457 0.02138157894736842 0.04961622807017544 
0 0.8480445906432749 0.22491776315789475 0.03545321637426901 0.05180921052631579 
0 0.5963998538011696 0.22546600877192982 0.04258040935672515 0.031524122807017545 
0 0.9004934210526315 0.22601425438596492 0.03490497076023392 0.04468201754385965 
0 0.9372258771929824 0.23780153508771928 0.026133040935672515 0.06030701754385965 
0 0.9196820175438597 0.26055372807017546 0.031980994152046784 0.031524122807017545 
0 0.531889619883041 0.2372532894736842 0.020376461988304093 0.044956140350877194 
0 0.9757858187134503 0.24575109649122806 0.023848684210526317 0.023574561403508772 
0 0.655610380116959 0.25095942982456143 0.027138157894736843 0.044407894736842105 
0 0.6830226608187134 0.2915296052631579 0.028143274853801168 0.02987938596491228 
0 0.644828216374269 0.2916666666666667 0.04632675438596491 0.044270833333333336 
0 0.7212171052631579 0.25479714912280704 0.03728070175438596 0.05592105263157895 
0 0.7341922514619883 0.2616502192982456 0.03298611111111111 0.06373355263157894 
0 0.7783717105263158 0.2572642543859649 0.02106176900584795 0.047697368421052634 
0 0.6133040935672515 0.2591831140350877 0.02823464912280702 0.04906798245614035 
0 0.8601059941520468 0.2643914473684211 0.022112573099415205 0.05345394736842105 
0 0.8147843567251462 0.26795504385964913 0.034722222222222224 0.051535087719298246 
0 0.9637244152046783 0.2682291666666667 0.0360014619883041 0.03481359649122807 
0 0.9027777777777778 0.27425986842105265 0.033168859649122806 0.06085526315789474 
0 0.913468567251462 0.3208607456140351 0.02640716374269006 0.07099780701754387 
0 0.986202485380117 0.3007127192982456 0.013523391812865496 0.043722587719298246 
0 0.8482273391812866 0.31345942982456143 0.03782894736842105 0.062225877192982455 
0 0.8175255847953217 0.3182565789473684 0.04367690058479532 0.039884868421052634 
0 0.7904788011695907 0.31921600877192985 0.0268640350877193 0.05071271929824561 
0 0.8837719298245614 0.31866776315789475 0.03243786549707602 0.060581140350877194 
0 0.7144554093567251 0.32524671052631576 0.024853801169590642 0.06414473684210527 
0 0.9765168128654971 0.3340186403508772 0.023300438596491228 0.04139254385964912 
0 0.5117872807017544 0.3373081140350877 0.030975877192982455 0.06716008771929824 
0 0.5645102339181286 0.34141995614035087 0.02677266081871345 0.07291666666666667 
0 0.607547514619883 0.34141995614035087 0.02101608187134503 0.05537280701754386 
0 0.5852521929824561 0.34059758771929827 0.02631578947368421 0.10773026315789473 
0 0.6495796783625731 0.3441611842105263 0.039656432748538015 0.059484649122807015 
0 0.5399305555555556 0.3444353070175439 0.02850877192982456 0.06633771929824561 
0 0.5280519005847953 0.3666392543859649 0.019554093567251463 0.06140350877192982 
0 0.42041301169590645 0.34745065789473684 0.03179824561403509 0.05646929824561404 
0 0.4385051169590643 0.3822642543859649 0.03654970760233918 0.06757127192982457 
0 0.8041849415204678 0.34745065789473684 0.016812865497076022 0.05098684210526316 
0 0.8193530701754386 0.3534813596491228 0.01663011695906433 0.06551535087719298 
0 0.48099415204678364 0.3581414473684211 0.022934941520467836 0.07072368421052631 
0 0.5022843567251462 0.37020285087719296 0.013888888888888888 0.05263157894736842 
0 0.8590095029239766 0.36362390350877194 0.028143274853801168 0.04550438596491228 
0 0.8783808479532164 0.39240679824561403 0.018457602339181287 0.059484649122807015 
0 0.8343384502923976 0.36746162280701755 0.04111842105263158 0.05098684210526316 
0 0.9678362573099415 0.3748629385964912 0.032072368421052634 0.06578947368421052 
0 0.9387792397660819 0.38116776315789475 0.03737207602339181 0.057291666666666664 
0 0.9258954678362573 0.42475328947368424 0.03782894736842105 0.06332236842105263 
0 0.6057200292397661 0.3880208333333333 0.025127923976608187 0.07456140350877193 
0 0.5923793859649122 0.4505208333333333 0.0421235380116959 0.025767543859649123 
0 0.3760051169590643 0.38884320175438597 0.031615497076023395 0.06112938596491228 
0 0.3688779239766082 0.4225603070175439 0.036366959064327485 0.06071820175438596 
0 0.39555921052631576 0.4329769736842105 0.02503654970760234 0.057839912280701754 
0 0.8984831871345029 0.3926809210526316 0.05116959064327485 0.03179824561403509 
0 0.7681834795321637 0.39377741228070173 0.039656432748538015 0.060581140350877194 
0 0.7946820175438597 0.39364035087719296 0.049890350877192985 0.044270833333333336 
0 0.40323464912280704 0.3965186403508772 0.03782894736842105 0.057839912280701754 
0 0.6956323099415205 0.39761513157894735 0.026726973684210526 0.08168859649122807 
0 0.4737755847953216 0.3957648026315789 0.029605263157894735 0.07915296052631579 
0 0.6237207602339181 0.40200109649122806 0.031158625730994153 0.0644188596491228 
0 0.5644188596491229 0.4047423245614035 0.02887426900584795 0.07661732456140351 
0 0.6597222222222222 0.41049890350877194 0.030610380116959063 0.07675438596491228 
0 0.6729714912280702 0.43571820175438597 0.027777777777777776 0.06606359649122807 
0 0.7173793859649122 0.4126918859649123 0.027960526315789474 0.08264802631578948 
0 0.5322551169590644 0.4135142543859649 0.0222953216374269 0.07730263157894737 
0 0.5042945906432749 0.4140625 0.029239766081871343 0.06990131578947369 
0 0.7729349415204678 0.41625548245614036 0.025127923976608187 0.055098684210526314 
0 0.7349232456140351 0.4472313596491228 0.03929093567251462 0.0581140350877193 
0 0.7738486842105263 0.45079495614035087 0.041666666666666664 0.06770833333333333 
0 0.7807931286549707 0.4732730263157895 0.04294590643274854 0.05592105263157895 
0 0.855171783625731 0.41817434210526316 0.02942251461988304 0.07894736842105263 
0 0.8421966374269005 0.4967105263157895 0.02942251461988304 0.03193530701754386 
0 0.813139619883041 0.5267269736842105 0.044407894736842105 0.04029605263157895 
0 0.8060124269005848 0.42365679824561403 0.03618421052631579 0.0268640350877193 
0 0.834703947368421 0.43242872807017546 0.02412280701754386 0.06990131578947369 
0 0.8160635964912281 0.4439418859649123 0.02540204678362573 0.05921052631578947 
0 0.801078216374269 0.5004111842105263 0.02503654970760234 0.06716008771929824 
0 0.8177083333333334 0.501233552631579 0.033808479532163746 0.04194078947368421 
0 0.981359649122807 0.4239309210526316 0.018548976608187134 0.06551535087719298 
0 0.8955592105263158 0.43516995614035087 0.05171783625730994 0.10334429824561403 
0 0.8999451754385965 0.46587171052631576 0.025584795321637425 0.07291666666666667 
0 0.9098135964912281 0.43571820175438597 0.042214912280701754 0.04523026315789474 
0 0.9626279239766082 0.45024671052631576 0.017361111111111112 0.05180921052631579 
0 0.8803910818713451 0.45216557017543857 0.02266081871345029 0.060032894736842105 
0 0.3182565789473684 0.4546326754385965 0.049570540935672515 0.034265350877192985 
0 0.5493421052631579 0.4557291666666667 0.026041666666666668 0.06770833333333333 
0 0.5887244152046783 0.4699835526315789 0.0489766081871345 0.047149122807017545 
0 0.36430921052631576 0.47162828947368424 0.03435672514619883 0.02905701754385965 
0 0.34731359649122806 0.4965734649122807 0.03326023391812866 0.04057017543859649 
0 0.4963450292397661 0.47231359649122806 0.0516264619883041 0.031661184210526314 
0 0.457328216374269 0.4751918859649123 0.04632675438596491 0.0424890350877193 
0 0.44590643274853803 0.49328399122807015 0.028965643274853802 0.06140350877192982 
0 0.9810855263157895 0.4869791666666667 0.01882309941520468 0.04550438596491228 
0 0.948921783625731 0.48862390350877194 0.012426900584795321 0.01918859649122807 
0 0.9567799707602339 0.4960252192982456 0.03545321637426901 0.04961622807017544 
0 0.9412463450292398 0.5031524122807017 0.049890350877192985 0.05537280701754386 
0 0.5686220760233918 0.48862390350877194 0.019736842105263157 0.05537280701754386 
0 0.7420504385964912 0.4908168859649123 0.04057017543859649 0.04276315789473684 
0 0.7129934210526315 0.49520285087719296 0.038559941520467836 0.033168859649122806 
0 0.5868969298245614 0.49191337719298245 0.025584795321637425 0.0756578947368421 
0 0.6378837719298246 0.4946546052631579 0.030519005847953216 0.05016447368421053 
0 0.602796052631579 0.5089089912280702 0.046052631578947366 0.048793859649122806 
0 0.6910635964912281 0.5286458333333334 0.03399122807017544 0.06661184210526316 
0 0.6682200292397661 0.5335800438596491 0.03654970760233918 0.046052631578947366 
0 0.611202485380117 0.5349506578947368 0.04312865497076023 0.022478070175438597 
0 0.649671052631579 0.5415296052631579 0.01653874269005848 0.08484100877192982 
0 0.6645650584795322 0.542077850877193 0.03289473684210526 0.05893640350877193 
0 0.6303910818713451 0.5475603070175439 0.02320906432748538 0.08141447368421052 
0 0.8553545321637427 0.49383223684210525 0.03033625730994152 0.05975877192982456 
0 0.3283077485380117 0.49575109649122806 0.02046783625730994 0.07044956140350878 
0 0.3098501461988304 0.5193256578947368 0.02850877192982456 0.06661184210526316 
0 0.3591922514619883 0.5215186403508771 0.052083333333333336 0.030975877192982455 
0 0.37801535087719296 0.5275493421052632 0.03654970760233918 0.05290570175438596 
0 0.284859283625731 0.5335800438596491 0.02882858187134503 0.05756578947368421 
0 0.3378106725146199 0.5439967105263158 0.04422514619883041 0.0381030701754386 
0 0.2972404970760234 0.49780701754385964 0.0360014619883041 0.0503015350877193 
0 0.5037463450292398 0.5037006578947368 0.05445906432748538 0.02987938596491228 
0 0.5165387426900585 0.5179550438596491 0.02412280701754386 0.05098684210526316 
0 0.4284539473684211 0.5046600877192983 0.014619883040935672 0.014665570175438597 
0 0.8694261695906432 0.5111019736842105 0.034722222222222224 0.03700657894736842 
0 0.4666483918128655 0.5193256578947368 0.03527046783625731 0.047149122807017545 
0 0.4841922514619883 0.5267269736842105 0.04057017543859649 0.03481359649122807 
0 0.4147478070175439 0.5486567982456141 0.04861111111111111 0.04413377192982456 
0 0.4626279239766082 0.5615405701754386 0.01425438596491228 0.01425438596491228 
0 0.44691154970760233 0.563733552631579 0.036915204678362575 0.061677631578947366 
0 0.742781432748538 0.5217927631578947 0.03874269005847953 0.027138157894736843 
0 0.75484283625731 0.5267269736842105 0.055190058479532164 0.06661184210526316 
0 0.7780519005847953 0.5450932017543859 0.017361111111111112 0.02768640350877193 
0 0.5353618421052632 0.5291940789473685 0.027777777777777776 0.06304824561403509 
0 0.5593019005847953 0.5418037280701754 0.033625730994152045 0.033168859649122806 
0 0.5422149122807017 0.5590734649122807 0.02640716374269006 0.046600877192982455 
0 0.5693530701754386 0.5719572368421053 0.03527046783625731 0.02823464912280702 
0 0.5587536549707602 0.5842927631578947 0.017361111111111112 0.06578947368421052 
0 0.5344480994152047 0.5993695175438597 0.02942251461988304 0.055098684210526314 
0 0.5165387426900585 0.6361019736842105 0.027412280701754384 0.054276315789473686 
0 0.5391995614035088 0.6470668859649122 0.04806286549707602 0.06551535087719298 
0 0.40542763157894735 0.5311129385964912 0.019736842105263157 0.044407894736842105 
0 0.8718019005847953 0.5338541666666666 0.03545321637426901 0.0581140350877193 
0 0.9013157894736842 0.5363212719298246 0.05893640350877193 0.02850877192982456 
0 0.9686586257309941 0.5508497807017544 0.025767543859649123 0.06798245614035088 
0 0.8739948830409356 0.5530427631578947 0.04422514619883041 0.06277412280701754 
0 0.9205043859649122 0.5609923245614035 0.05491593567251462 0.06578947368421052 
0 0.9167580409356725 0.5703125 0.01882309941520468 0.03399122807017544 
0 0.9191337719298246 0.5818256578947368 0.036915204678362575 0.0644188596491228 
0 0.9308296783625731 0.5944353070175439 0.03673245614035088 0.06387061403508772 
0 0.8931834795321637 0.6010142543859649 0.02850877192982456 0.0400219298245614 
0 0.8831323099415205 0.6138980263157895 0.052083333333333336 0.05674342105263158 
0 0.8471308479532164 0.5472861842105263 0.03179824561403509 0.05838815789473684 
0 0.809484649122807 0.5560581140350878 0.046600877192982455 0.03262061403508772 
0 0.813139619883041 0.5845668859649122 0.024853801169590642 0.02823464912280702 
0 0.8325109649122807 0.5878563596491229 0.023940058479532164 0.0996436403508772 
0 0.4922331871345029 0.5552357456140351 0.031432748538011694 0.04029605263157895 
0 0.4922331871345029 0.5678453947368421 0.01918859649122807 0.06661184210526316 
0 0.47578581871345027 0.5689418859649122 0.018457602339181287 0.07182017543859649 
0 0.5998720760233918 0.5552357456140351 0.036915204678362575 0.023848684210526317 
0 0.24954312865497075 0.5614035087719298 0.05500730994152047 0.0546875 
0 0.6636513157894737 0.5634594298245614 0.027960526315789474 0.06798245614035088 
0 0.6928910818713451 0.5757949561403509 0.020650584795321638 0.0268640350877193 
0 0.6875913742690059 0.5933388157894737 0.02320906432748538 0.04029605263157895 
0 0.5929276315789473 0.5675712719298246 0.04258040935672515 0.05098684210526316 
0 0.6044407894736842 0.5900493421052632 0.027595029239766082 0.060581140350877194 
0 0.40999634502923976 0.5714089912280702 0.04550438596491228 0.03577302631578947 
0 0.7617872807017544 0.5722313596491229 0.03782894736842105 0.05400219298245614 
0 0.7489948830409356 0.5757949561403509 0.04961622807017544 0.08292214912280702 
0 0.7365679824561403 0.573327850877193 0.026498538011695907 0.05455043859649123 
0 0.9821820175438597 0.5746984649122807 0.017543859649122806 0.07264254385964912 
0 0.9553179824561403 0.6308936403508771 0.044407894736842105 0.0512609649122807 
0 0.35060307017543857 0.5788103070175439 0.05500730994152047 0.03536184210526316 
0 0.7263340643274854 0.5804550438596491 0.020833333333333332 0.06112938596491228 
0 0.6927083333333334 0.588952850877193 0.04239766081871345 0.06332236842105263 
0 0.5759320175438597 0.5908717105263158 0.0445906432748538 0.08799342105263158 
0 0.590734649122807 0.5971765350877193 0.0266812865497076 0.05180921052631579 
0 0.7970577485380117 0.5941611842105263 0.03216374269005848 0.07839912280701754 
0 0.8102156432748538 0.6037554824561403 0.028326023391812866 0.06853070175438597 
0 0.9942434210526315 0.6193804824561403 0.005391081871345029 0.04057017543859649 
0 0.7208516081871345 0.6265076754385965 0.03179824561403509 0.05317982456140351 
0 0.7510051169590644 0.6270559210526315 0.02631578947368421 0.08525219298245613 
0 0.715734649122807 0.6583059210526315 0.03654970760233918 0.06277412280701754 
0 0.7360197368421053 0.7013432017543859 0.0489766081871345 0.039473684210526314 
0 0.6393457602339181 0.6366502192982456 0.05847953216374269 0.04358552631578947 
0 0.18612938596491227 0.6391173245614035 0.030884502923976608 0.0878563596491228 
0 0.38879751461988304 0.6404879385964912 0.0301078216374269 0.07785087719298246 
0 0.5558296783625731 0.643640350877193 0.05226608187134503 0.05413925438596491 
0 0.4299159356725146 0.645422149122807 0.05720029239766082 0.044956140350877194 
0 0.6119334795321637 0.6588541666666666 0.02284356725146199 0.05180921052631579 
0 0.655610380116959 0.6757127192982456 0.054276315789473686 0.04070723684210526 
0 0.8531615497076024 0.6816063596491229 0.027046783625730993 0.06414473684210527 
0 0.6320358187134503 0.6881853070175439 0.025219298245614034 0.04906798245614035 
0 0.4184027777777778 0.6906524122807017 0.02823464912280702 0.08086622807017543 
0 0.8383589181286549 0.6933936403508771 0.03344298245614035 0.06332236842105263 
0 0.5905519005847953 0.6968201754385965 0.0445906432748538 0.08264802631578948 
0 0.6111111111111112 0.7058662280701754 0.03737207602339181 0.09114583333333333 
0 0.2034904970760234 0.701891447368421 0.0424890350877193 0.06853070175438597 
0 0.9582419590643275 0.7087445175438597 0.041849415204678365 0.04523026315789474 
0 0.7652595029239766 0.7108004385964912 0.03490497076023392 0.09443530701754387 
0 0.3513340643274854 0.7123081140350878 0.03929093567251462 0.06880482456140351 
0 0.32684576023391815 0.7334155701754386 0.039108187134502925 0.06277412280701754 
0 0.2571271929824561 0.7087445175438597 0.0377375730994152 0.06551535087719298 
0 0.7881030701754386 0.7128563596491229 0.03782894736842105 0.08991228070175439 
0 0.4004934210526316 0.7128563596491229 0.029605263157894735 0.0805921052631579 
0 0.5488852339181286 0.7134046052631579 0.028143274853801168 0.05400219298245614 
0 0.5296966374269005 0.7197094298245614 0.02503654970760234 0.08442982456140351 
0 0.678453947368421 0.7145010964912281 0.034722222222222224 0.06387061403508772 
0 0.6473866959064327 0.7334155701754386 0.05043859649122807 0.06661184210526316 
0 0.45531798245614036 0.7180646929824561 0.02722953216374269 0.08086622807017543 
0 0.469937865497076 0.7191611842105263 0.029788011695906433 0.08141447368421052 
0 0.43777412280701755 0.7224506578947368 0.03024488304093567 0.09347587719298246 
0 0.5788559941520468 0.719983552631579 0.03654970760233918 0.06469298245614036 
0 0.9109100877192983 0.734375 0.046600877192982455 0.052768640350877194 
0 0.7150036549707602 0.7386239035087719 0.03070175438596491 0.07086074561403509 
0 0.9399671052631579 0.7361567982456141 0.040661549707602336 0.09923245614035088 
0 0.5689875730994152 0.7416392543859649 0.026133040935672515 0.0537280701754386 
0 0.876827485380117 0.7561677631578947 0.04084429824561404 0.08991228070175439 
0 0.9803545321637427 0.754797149122807 0.019371345029239765 0.03399122807017544 
0 0.5271381578947368 0.8057839912280702 0.04842836257309942 0.0908031798245614 
0 0.5130665204678363 0.9664199561403509 0.027046783625730993 0.03138706140350877 
0 0.8236074561403508 0.9322998903508772 0.020833333333333332 0.0635882675438596 
0 0.8191794590643275 0.8988980263157894 0.030235745614035053 0.042214912280701754 
0 0.9741410818713451 0.7728892543859649 0.025584795321637425 0.04331140350877193 
0 0.9883040935672515 0.6780427631578947 0.010782163742690058 0.014665570175438597 
0 0.8548976608187134 0.5885416666666666 0.031432748538011694 0.08374451754385964 
0 0.8530701754385965 0.6091008771929824 0.02238669590643275 0.062225877192982455 
0 0.7106176900584795 0.5115131578947368 0.036275584795321635 0.06195175438596491 
0 0.7055921052631579 0.528234649122807 0.031524122807017545 0.052083333333333336 
0 0.5478801169590644 0.5546875 0.010416666666666666 0.013706140350877192 
0 0.5120614035087719 0.5581140350877193 0.030519005847953216 0.0625 
0 0.5098684210526315 0.5778508771929824 0.03079312865497076 0.06866776315789473 
0 0.4153929093567252 0.5022752192982456 0.04376827485380117 0.05482456140350877 
0 0.4003106725146199 0.49821820175438597 0.022934941520467836 0.03330592105263158 
0 0.39054093567251463 0.4829797149122807 0.05664473684210527 0.02563048245614035 
0 0.36083698830409355 0.48862390350877194 0.041301169590643276 0.03399122807017544 
0 0.72953216374269 0.3652686403508772 0.031980994152046784 0.05084978070175439 
0 0.7306286549707602 0.3902138157894737 0.03572733918128655 0.04303728070175439 
0 0.7624269005847953 0.24739583333333334 0.022934941520467836 0.057702850877192985 
0 0.7687317251461988 0.2889939692982456 0.028097587719298246 0.040364583333333336 
0 0.7133589181286549 0.08264802631578948 0.04084429824561404 0.0234375 
0 0.7284100877192983 0.09441611842105263 0.05226973684210526 0.020540021929824563 
0 0.7715350877192982 0.0811047149122807 0.030365497076023366 0.0417297149122807 
0 0.7911184210526315 0.08536458333333334 0.01719115497076018 0.04550438596491228 
0 0.7849963450292398 0.18695175438596492 0.02631578947368421 0.05413925438596491 
0 0.7945906432748538 0.20518092105263158 0.02055921052631579 0.06236293859649123 
0 0.8675986842105263 0.1747532894736842 0.0533625730994152 0.031661184210526314 
0 0.9161988304093567 0.20572916666666666 0.03654970760233918 0.04330317982456141 
0 0.9780902777777777 0.08826754385964912 0.02209247076023398 0.060581140350877194 
0 0.9857913011695907 0.08463541666666667 0.013888888888888888 0.02261513157894737 
0 0.6830226608187134 0.07853618421052631 0.025767543859649123 0.05084978070175439 
0 0.6815789473684211 0.11607456140350877 0.03919956140350877 0.04029605263157896 
