0 0.1805 0.5376666666666666 0.02225 0.041666666666666664 
0 0.5525 0.5893333333333334 0.022 0.042666666666666665 
0 0.85175 0.6276666666666667 0.02475 0.04833333333333333 
0 0.10475 0.43833333333333335 0.02025 0.030666666666666665 
0 0.14425 0.499 0.02575 0.029 
0 0.264 0.36733333333333335 0.02175 0.028333333333333332 
0 0.94075 0.5786666666666667 0.025 0.041 
0 0.9575 0.51 0.0245 0.035666666666666666 
0 0.83975 0.36 0.02125 0.033666666666666664 
0 0.139 0.47633333333333333 0.02425 0.03 
0 0.2795 0.36333333333333334 0.02375 0.029333333333333333 
0 0.40825 0.444 0.0265 0.03333333333333333 
0 0.04825 0.38 0.038 0.030666666666666665 
0 0.79375 0.4673333333333333 0.0205 0.04 
0 0.95775 0.545 0.0275 0.035333333333333335 
0 0.42575 0.597 0.02025 0.042 
0 0.492 0.434 0.03475 0.027333333333333334 
0 0.40425 0.497 0.02125 0.04666666666666667 
0 0.269 0.43566666666666665 0.0225 0.037333333333333336 
0 0.05525 0.434 0.0285 0.02666666666666667 
0 0.3805 0.49266666666666664 0.016 0.03933333333333333 
0 0.32475 0.582 0.0195 0.042333333333333334 
0 0.007 0.49233333333333335 0.0175 0.04133333333333333 
0 0.863 0.5173333333333333 0.02725 0.044333333333333336 
0 0.73675 0.6003333333333334 0.02 0.050333333333333334 
0 0.83875 0.49033333333333334 0.02425 0.04466666666666667 
0 0.40925 0.358 0.03 0.018666666666666668 
0 0.666 0.5173333333333333 0.02625 0.028666666666666667 
0 0.44475 0.43033333333333335 0.0295 0.035 
0 0.5825 0.5696666666666667 0.028 0.043 
0 0.443 0.498 0.03225 0.027 
0 0.61 0.633 0.031 0.04 
0 0.36875 0.37233333333333335 0.0235 0.02666666666666667 
0 0.3075 0.587 0.023 0.04566666666666667 
0 0.66925 0.36333333333333334 0.03075 0.026333333333333334 
0 0.22425 0.5203333333333333 0.032 0.039 
0 0.9575 0.45666666666666667 0.029 0.043 
0 0.74975 0.44266666666666665 0.02225 0.037333333333333336 
0 0.0455 0.491 0.026 0.03666666666666667 
0 0.9075 0.5876666666666667 0.022 0.03 
0 0.62125 0.37566666666666665 0.0315 0.017666666666666667 
0 0.8655 0.46166666666666667 0.02025 0.041 
0 0.53525 0.505 0.01725 0.036 
0 0.42125 0.49433333333333335 0.03375 0.029333333333333333 
0 0.4615 0.43233333333333335 0.02925 0.037 
0 0.503 0.36933333333333335 0.034 0.016 
0 0.7905 0.37033333333333335 0.0175 0.037333333333333336 
0 0.83725 0.45 0.0205 0.037 
0 0.32025 0.3433333333333333 0.0195 0.030666666666666665 
0 0.857 0.488 0.025 0.034666666666666665 
0 0.2465 0.36933333333333335 0.02625 0.027666666666666666 
0 0.62375 0.471 0.0215 0.035333333333333335 
0 0.6205 0.5863333333333334 0.022 0.03766666666666667 
0 0.2445 0.42333333333333334 0.02925 0.028666666666666667 
0 0.56875 0.4706666666666667 0.01175 0.03133333333333333 
0 0.405 0.5226666666666666 0.028 0.03833333333333333 
0 0.08075 0.49333333333333335 0.02225 0.041 
0 0.5305 0.5256666666666666 0.0275 0.034333333333333334 
0 0.92175 0.5156666666666667 0.02075 0.04 
0 0.64125 0.595 0.02475 0.032 
0 0.23 0.37266666666666665 0.0215 0.03666666666666667 
0 0.06225 0.45266666666666666 0.02075 0.028 
0 0.239 0.3526666666666667 0.021 0.027 
0 0.72675 0.445 0.01925 0.035666666666666666 
0 0.6955 0.5613333333333334 0.04125 0.03166666666666667 
0 0.50175 0.597 0.0205 0.052 
0 0.568 0.5516666666666666 0.0185 0.03966666666666667 
0 0.0585 0.49366666666666664 0.03525 0.037333333333333336 
0 0.7195 0.6033333333333334 0.02275 0.053 
0 0.25125 0.513 0.01675 0.03 
0 0.42925 0.551 0.0205 0.037 
0 0.64775 0.5096666666666667 0.0255 0.042666666666666665 
0 0.1545 0.5013333333333333 0.0235 0.04533333333333334 
0 0.5445 0.43666666666666665 0.0235 0.04033333333333333 
0 0.65575 0.5476666666666666 0.02325 0.044 
0 0.92125 0.4603333333333333 0.019 0.036333333333333336 
0 0.021 0.4846666666666667 0.02 0.045 
0 0.7725 0.569 0.028 0.04 
0 0.7535 0.6016666666666667 0.0225 0.051666666666666666 
0 0.4705 0.46166666666666667 0.01875 0.04566666666666667 
0 0.15975 0.4716666666666667 0.02675 0.014666666666666666 
0 0.87525 0.652 0.0345 0.029 
0 0.389 0.43933333333333335 0.0335 0.021333333333333333 
0 0.73475 0.5786666666666667 0.03475 0.024666666666666667 
0 0.576 0.517 0.03525 0.020666666666666667 
0 0.7355 0.3516666666666667 0.021 0.028333333333333332 
0 0.525 0.392 0.03775 0.017 
0 0.1275 0.5353333333333333 0.027 0.027 
0 0.302 0.36 0.018 0.03 
0 0.42975 0.38466666666666666 0.028 0.022 
0 0.47325 0.51 0.02425 0.03766666666666667 
0 0.5845 0.6103333333333333 0.02825 0.05266666666666667 
0 0.43825 0.589 0.02575 0.046 
0 0.367 0.5926666666666667 0.033 0.041 
0 0.10775 0.491 0.02875 0.035333333333333335 
0 0.80475 0.614 0.0305 0.05466666666666667 
0 0.952 0.642 0.02575 0.046 
0 0.9245 0.6326666666666667 0.0265 0.05 
0 0.686275 0.5621666666666667 0.02847500000000002 0.0495 
0 0.6815 0.5853333333333334 0.02125 0.03833333333333333 
0 0.20075 0.37566666666666665 0.02475 0.018666666666666668 
0 0.31875 0.37733333333333335 0.0315 0.017 
0 0.44575 0.357 0.03025 0.017 
0 0.67875 0.45166666666666666 0.02375 0.036 
0 0.664 0.426 0.0375 0.02 
0 0.498 0.36033333333333334 0.02075 0.014 
0 0.6165 0.5266666666666666 0.016 0.04133333333333333 
0 0.2775 0.49733333333333335 0.0155 0.044333333333333336 
0 0.609 0.5076666666666667 0.0165 0.033666666666666664 
0 0.8745 0.3373333333333333 0.019 0.024666666666666667 
0 0.9415 0.45666666666666667 0.0245 0.04633333333333333 
0 0.39325 0.3516666666666667 0.0145 0.033 
0 0.73275 0.5526666666666666 0.0205 0.029 
0 0.094 0.48933333333333334 0.02725 0.039 
0 0.1845 0.43966666666666665 0.02 0.03266666666666666 
0 0.81575 0.3596666666666667 0.023 0.025666666666666667 
0 0.52375 0.346 0.03425 0.024666666666666667 
0 0.97975 0.6423333333333333 0.01825 0.03966666666666667 
0 0.187 0.49133333333333334 0.02675 0.034 
0 0.57475 0.6163333333333333 0.0215 0.04033333333333333 
0 0.52575 0.5643333333333334 0.03675 0.02266666666666667 
0 0.50525 0.5276666666666666 0.03175 0.034333333333333334 
0 0.58125 0.3466666666666667 0.018 0.030333333333333334 
0 0.1335 0.471 0.0225 0.023333333333333334 
0 0.86625 0.5466666666666666 0.007 0.010333333333333333 
0 0.0215 0.4736666666666667 0.02475 0.015666666666666666 
0 0.613 0.5633333333333334 0.0435 0.025333333333333333 
0 0.32425 0.353 0.0325 0.023666666666666666 
0 0.33975 0.5666666666666667 0.01925 0.057 
0 0.3665 0.49433333333333335 0.017 0.04666666666666667 
0 0.7745 0.6223333333333333 0.02925 0.035 
0 0.02525 0.446 0.03025 0.015333333333333332 
0 0.02125 0.458 0.035 0.019666666666666666 
0 0.1585 0.438 0.02075 0.034333333333333334 
0 0.57725 0.43433333333333335 0.017 0.034666666666666665 
0 0.48278750000000004 0.49833333333333335 0.02596249999999998 0.04066666666666666 
0 0.92525 0.576 0.02075 0.043666666666666666 
0 0.711 0.37666666666666665 0.03225 0.017333333333333333 
0 0.7415 0.37933333333333336 0.034 0.019333333333333334 
0 0.509 0.5733333333333334 0.02 0.039 
0 0.47025 0.5273333333333333 0.0265 0.04933333333333333 
0 0.973 0.37133333333333335 0.02675 0.018 
0 0.38875 0.4766666666666667 0.03275 0.021333333333333333 
0 0.746 0.3576666666666667 0.02475 0.022 
0 0.72125 0.354 0.01925 0.025 
0 0.29225 0.49766666666666665 0.026 0.034666666666666665 
0 0.3555 0.539 0.019 0.049 
0 0.912 0.36233333333333334 0.02625 0.025666666666666667 
0 0.317 0.5446666666666666 0.0225 0.041 
0 0.31775 0.517 0.016 0.035 
0 0.527 0.45566666666666666 0.01375 0.035 
0 0.9675 0.38466666666666666 0.03225 0.019666666666666666 
0 0.7005 0.6333333333333333 0.02325 0.03766666666666667 
0 0.20925 0.49533333333333335 0.0265 0.04066666666666666 
0 0.29475 0.537 0.017 0.023 
0 0.41025 0.36833333333333335 0.02725 0.018333333333333333 
0 0.7770225000000001 0.5635 0.041227499999999966 0.027166666666666665 
0 0.4615 0.36333333333333334 0.03375 0.023 
0 0.727 0.4826666666666667 0.03325 0.03333333333333333 
0 0.95675 0.5803333333333334 0.02825 0.053 
0 0.92775 0.49066666666666664 0.02075 0.029333333333333333 
0 0.3825 0.36233333333333334 0.0195 0.03133333333333333 
0 0.0955 0.4683333333333333 0.01575 0.026333333333333334 
0 0.90075 0.4856666666666667 0.02025 0.045 
0 0.31225 0.497 0.015 0.031 
0 0.435 0.433 0.014 0.03333333333333333 
0 0.48425 0.48333333333333334 0.039 0.019 
0 0.586 0.485 0.033 0.02666666666666667 
0 0.594 0.3443333333333333 0.01575 0.035666666666666666 
0 0.83725 0.5563333333333333 0.02475 0.05333333333333334 
0 0.664 0.4633333333333333 0.01825 0.043 
0 0.33975 0.4676666666666667 0.023 0.03233333333333333 
0 0.9545 0.619 0.02575 0.04466666666666667 
0 0.88775 0.35133333333333333 0.0205 0.025 
0 0.7125 0.5053333333333333 0.01825 0.034 
0 0.1985 0.442 0.019 0.03933333333333333 
0 0.24875 0.4656666666666667 0.0125 0.03833333333333333 
0 0.22675 0.46541666666666665 0.02469999999999999 0.03191666666666667 
0 0.20775 0.44633333333333336 0.0185 0.030666666666666665 
0 0.699 0.43033333333333335 0.01625 0.03333333333333333 
0 0.5185 0.493 0.025 0.025666666666666667 
0 0.88925 0.5373333333333333 0.0265 0.04733333333333333 
0 0.214 0.4693333333333333 0.0145 0.03866666666666667 
0 0.9 0.4646666666666667 0.0245 0.04033333333333333 
0 0.84675 0.5456666666666666 0.02175 0.04066666666666666 
0 0.3145 0.443 0.01975 0.024666666666666667 
0 0.318 0.4676666666666667 0.021 0.029333333333333333 
0 0.3505 0.4766666666666667 0.0195 0.036 
0 0.3345 0.36833333333333335 0.02725 0.02266666666666667 
0 0.22725 0.44 0.0235 0.017 
0 0.12175 0.4676666666666667 0.0235 0.026 
0 0.225 0.5016666666666667 0.034 0.026 
0 0.1455 0.43766666666666665 0.0165 0.037333333333333336 
0 0.769 0.354 0.02825 0.017333333333333333 
0 0.648 0.4713333333333333 0.02275 0.04066666666666666 
0 0.57725 0.505 0.033 0.015666666666666666 
0 0.331 0.542 0.01825 0.04066666666666666 
0 0.497 0.5036666666666667 0.039 0.024 
0 0.6155 0.492 0.02675 0.030666666666666665 
0 0.637 0.497 0.022 0.049 
0 0.041 0.4708333333333333 0.0336425 0.026833333333333334 
0 0.32525 0.48933333333333334 0.0155 0.043333333333333335 
0 0.8605 0.582 0.03 0.017666666666666667 
0 0.232 0.48533333333333334 0.0155 0.029333333333333333 
0 0.8705 0.5636666666666666 0.03675 0.03166666666666667 
0 0.38575 0.45866666666666667 0.02725 0.026333333333333334 
0 0.213 0.523 0.02475 0.025333333333333333 
0 0.08475 0.46166666666666667 0.01575 0.03266666666666666 
0 0.771 0.6083333333333333 0.032 0.024333333333333332 
0 0.97175 0.5616666666666666 0.0185 0.048 
0 0.35525 0.49566666666666664 0.015 0.042666666666666665 
0 0.82125 0.3393333333333333 0.0225 0.010333333333333333 
0 0.93475 0.38333333333333336 0.03825 0.02 
0 0.153 0.488 0.009 0.01 
0 0.985 0.521 0.01475 0.014 
0 0.061765 0.4703333333333333 0.025627499999999998 0.04666666666666667 
0 0.1217925 0.4915 0.019230000000000004 0.04816666666666667 
0 0.002535 0.482 0.012 0.026333333333333334 
0 0.026785 0.48933333333333334 0.0337525 0.041666666666666664 
0 0.13954499999999997 0.49333333333333335 0.02025 0.035666666666666666 
0 0.17329750000000002 0.4736666666666667 0.02375 0.038 
0 0.1840475 0.47833333333333333 0.0272525 0.037 
0 0.1227925 0.43733333333333335 0.021502499999999983 0.042666666666666665 
0 0.10676999999999999 0.4605 0.017877499999999998 0.03283333333333333 
0 0.0130125 0.4795 0.0162525 0.020166666666666666 
0 -0.0009699999999999999 0.49966666666666665 0.01475 0.042 
0 0.17677 0.43 0.0188775 0.03983333333333333 
0 0.2237725 0.451 0.024502499999999997 0.035666666666666666 
0 0.25727 0.4678333333333333 0.022 0.0435 
0 0.259895 0.4776666666666667 0.0271275 0.035333333333333335 
0 0.279895 0.472 0.029252499999999997 0.030833333333333334 
0 0.2901475 0.483 0.020375 0.03916666666666667 
0 0.30614749999999996 0.4666666666666667 0.0197525 0.03166666666666667 
0 0.277145 0.4525 0.041879999999999994 0.027333333333333334 
0 0.29239 0.5121666666666667 0.020625 0.033666666666666664 
0 0.30963999999999997 0.528 0.011502499999999997 0.04133333333333333 
0 0.3440175 0.5181666666666667 0.020252499999999996 0.0425 
0 0.3313925 0.5026666666666667 0.0192525 0.0425 
0 0.36727 0.536 0.026377499999999998 0.0585 
0 0.39177249999999997 0.5008333333333334 0.011 0.033666666666666664 
0 0.3996475 0.4886666666666667 0.0230025 0.03983333333333333 
0 0.36727 0.46066666666666667 0.020377499999999996 0.0385 
0 0.2535325 0.578 0.02175000000000003 0.048 
0 0.1120475 0.5773333333333334 0.023502500000000013 0.048 
0 0.5230775 0.598 0.019002500000000054 0.05 
0 0.5395800000000001 0.592 0.0175 0.04066666666666666 
0 0.5990850000000001 0.6346666666666667 0.022 0.034 
0 0.45478500000000005 0.5233333333333333 0.021252499999999997 0.05633333333333333 
0 0.44278500000000004 0.5223333333333333 0.01525 0.05 
0 0.4252825 0.5213333333333333 0.0187525 0.03766666666666667 
0 0.4202825 0.4701666666666667 0.022252499999999998 0.03816666666666667 
0 0.5002875 0.5256666666666666 0.02525249999999994 0.028333333333333332 
0 0.53579 0.5463333333333333 0.037252500000000056 0.02266666666666667 
0 0.5522925 0.5283333333333333 0.04575249999999994 0.025333333333333333 
0 0.583795 0.536 0.026752500000000054 0.03866666666666667 
0 0.607545 0.5386666666666666 0.013002500000000054 0.034 
0 0.5508925 0.47983333333333333 0.01862749999999994 0.0485 
0 0.563895 0.49516666666666664 0.03125250000000006 0.022333333333333334 
0 0.6051425 0.5865 0.02112749999999994 0.049 
0 0.6608975 0.5823333333333334 0.020125 0.044333333333333336 
0 0.6277699999999999 0.5195 0.020002500000000055 0.049166666666666664 
0 0.6685225 0.49383333333333335 0.01600249999999994 0.03216666666666667 
0 0.6859 0.5328333333333334 0.02425 0.030166666666666668 
0 0.6909 0.5245 0.031127500000000054 0.036833333333333336 
0 0.6910375 0.49883333333333335 0.021987499999999955 0.031166666666666665 
0 0.6911475 0.4638333333333333 0.02362749999999994 0.03233333333333333 
0 0.708025 0.4891666666666667 0.016125 0.034 
0 0.723775 0.5028333333333334 0.023377500000000054 0.0495 
0 0.7437775 0.5125 0.016875 0.036333333333333336 
0 0.7555275 0.518 0.02012749999999994 0.041166666666666664 
0 0.6920449999999999 0.6056666666666667 0.026752500000000054 0.057666666666666665 
0 0.7878025 0.6393333333333333 0.021097499999999967 0.05566666666666667 
0 0.824275 0.6056666666666667 0.021127500000000056 0.034666666666666665 
0 0.8320275 0.6003333333333334 0.02675 0.03716666666666667 
0 0.7920225000000001 0.5866666666666667 0.02862749999999994 0.018166666666666668 
0 0.7117899999999999 0.45466666666666666 0.020752500000000056 0.037 
0 0.7542949999999999 0.47933333333333333 0.02175 0.043666666666666666 
0 0.7720225000000001 0.471 0.017627499999999942 0.04716666666666667 
0 0.779525 0.49133333333333334 0.023875 0.031 
0 0.79315 0.5111666666666667 0.03375250000000005 0.03233333333333333 
0 0.8091499999999999 0.47683333333333333 0.023127500000000054 0.03933333333333333 
0 0.7693975000000001 0.5231666666666667 0.03130250000000001 0.04858333333333333 
0 0.77351 0.5201666666666667 0.04662750000000006 0.045083333333333336 
0 0.8147975000000001 0.53 0.0215 0.047 
0 0.81201 0.5145 0.035139999999999984 0.046 
0 0.8273975 0.49566666666666664 0.02137749999999994 0.04 
0 0.8429 0.532 0.043502500000000055 0.033 
0 0.9050525 0.6163333333333333 0.03750249999999994 0.022 
0 0.8959 0.537 0.036377500000000056 0.041166666666666664 
0 0.9100750000000001 0.5298333333333334 0.03175249999999994 0.04583333333333333 
0 0.87801 0.515 0.03244000000000005 0.024166666666666666 
0 0.8817725000000001 0.48233333333333334 0.01912749999999994 0.037 
0 0.9405249999999999 0.5426666666666666 0.021125 0.042166666666666665 
0 0.9826525 0.53 0.017875 0.051833333333333335 
0 0.9400499999999999 0.6526666666666666 0.02175 0.03766666666666667 
0 0.9780525 0.6496666666666666 0.00725 0.027333333333333334 
0 0.9813025 0.6113333333333333 0.02050249999999994 0.05333333333333334 
0 0.9795525 0.4686666666666667 0.01975 0.05333333333333334 
0 0.4756525 0.37616666666666665 0.0271275 0.02266666666666667 
0 0.33376 0.42825 0.01575 0.03966666666666667 
0 0.3389475 0.4528333333333333 0.026002499999999998 0.033 
0 0.42314749999999995 0.43 0.015377499999999997 0.03216666666666667 
0 0.5653025 0.42833333333333334 0.01375 0.041666666666666664 
0 0.6420575000000001 0.4195 0.01725 0.034166666666666665 
0 0.6346525000000001 0.445 0.04537749999999994 0.018833333333333334 
0 0.604645 0.33916666666666667 0.019252500000000054 0.023833333333333335 
0 0.6216475 0.3433333333333333 0.016625 0.033166666666666664 
0 0.60827 0.35433333333333333 0.018877500000000054 0.03883333333333333 
0 0.8276625 0.4603333333333333 0.016125 0.034666666666666665 
0 0.7680325 0.32816666666666666 0.03025249999999994 0.026333333333333334 
0 0.7702825 0.3411666666666667 0.02850249999999994 0.019166666666666665 
0 0.7620325 0.37216666666666665 0.03200249999999994 0.021166666666666667 
0 0.810035 0.3408333333333333 0.019377500000000054 0.03183333333333333 
0 0.8529125000000001 0.3455 0.018252499999999942 0.043666666666666666 
0 0.865915 0.3438333333333333 0.021627500000000053 0.026166666666666668 
0 0.87654 0.36816666666666664 0.023002500000000054 0.04633333333333333 
0 -0.001835 0.7235100000000001 0.0255 0.026660000000000007 
0 0.787825 0.8457 0.06849749999999995 0.03932333333333342 
