0 0.54775 0.792 0.01875 0.016666666666666666 
0 0.6625 0.749 0.013 0.019333333333333334 
0 0.298 0.6713333333333333 0.01225 0.019 
0 0.311 0.7056666666666667 0.02025 0.022333333333333334 
0 0.36875 0.6763333333333333 0.0185 0.013666666666666667 
0 0.4175 0.6753333333333333 0.01675 0.013333333333333334 
0 0.47475 0.784 0.0135 0.01633333333333333 
0 0.2825 0.7126666666666667 0.01675 0.012333333333333333 
0 0.52025 0.771 0.017 0.018666666666666668 
0 0.306 0.676 0.02075 0.014 
0 0.3415 0.7036666666666667 0.00925 0.010666666666666666 
0 0.38875 0.7063333333333334 0.0125 0.021 
0 0.3195 0.679 0.02 0.014333333333333333 
0 0.34475 0.677 0.02575 0.013666666666666667 
0 0.2905 0.699 0.0135 0.017 
0 0.5705 0.7026666666666667 0.01025 0.021666666666666667 
0 0.55775 0.747 0.0205 0.018 
0 0.37375 0.7003333333333334 0.0045 0.0036666666666666666 
0 0.377 0.698 0.01725 0.018333333333333333 
0 0.5145 0.753 0.01175 0.02 
0 0.56575 0.7856666666666666 0.01825 0.013666666666666667 
0 0.56025 0.7886666666666666 0.012 0.018666666666666668 
0 0.29725 0.7006666666666667 0.027 0.025 
0 0.53675 0.7523333333333333 0.0195 0.015 
0 0.582 0.784 0.00875 0.02 
0 0.36375 0.7046666666666667 0.0095 0.024333333333333332 
0 0.487 0.7706666666666667 0.00925 0.020666666666666667 
0 0.4785 0.759 0.0085 0.007333333333333333 
0 0.44825 0.7136666666666667 0.011 0.016 
0 0.4505 0.6816666666666666 0.01475 0.011333333333333334 
0 0.49425 0.7383333333333333 0.01775 0.013 
0 0.3378675 0.6771666666666667 0.008622500000000002 0.012916666666666667 
0 0.3440525 0.6785 0.007435000000000002 0.01125 
0 0.3262425 0.7045 0.008497500000000002 0.011416666666666667 
0 0.3354875 0.70175 0.0076225000000000025 0.011166666666666667 
0 0.3252425 0.7125 0.008997500000000002 0.013416666666666667 
0 0.33074000000000003 0.7146666666666667 0.010060000000000003 0.013 
0 0.3358625 0.71625 0.010060000000000003 0.011833333333333333 
0 0.338175 0.7035833333333333 0.010247500000000003 0.01325 
0 0.3449925 0.71375 0.015682500000000005 0.014166666666666666 
0 0.351865 0.6999166666666666 0.013307500000000005 0.011333333333333334 
0 0.3452425 0.7108333333333333 0.013120000000000005 0.010916666666666667 
0 0.35755000000000003 0.7055833333333333 0.007685000000000003 0.014833333333333334 
0 0.3692975 0.7005 0.008185000000000003 0.0125 
0 0.372045 0.7104166666666667 0.008497500000000002 0.017666666666666667 
0 0.37871499999999997 0.7157933333333334 0.007090000000000032 0.014289999999999964 
0 0.3852425 0.7175833333333334 0.009654999999999973 0.014083333333333333 
0 0.3970275 0.7049166666666666 0.010777500000000032 0.012416666666666666 
0 0.400215 0.70825 0.008372500000000001 0.011666666666666667 
0 0.40843250000000003 0.7042933333333333 0.009527499999999975 0.01345666666666663 
0 0.39999 0.7195833333333334 0.007435000000000002 0.014333333333333333 
0 0.40623750000000003 0.716 0.007372500000000002 0.015166666666666667 
0 0.4124225 0.7155 0.008247500000000003 0.014833333333333334 
0 0.4173675 0.70875 0.006997500000000002 0.011666666666666667 
0 0.42349000000000003 0.7095 0.008247500000000003 0.01 
0 0.419365 0.71875 0.007497500000000002 0.012833333333333334 
0 0.4266125 0.7043333333333334 0.007310000000000002 0.010416666666666666 
0 0.43354750000000003 0.7040833333333333 0.007375 0.01075 
0 0.425115 0.71775 0.008807500000000005 0.015583333333333333 
0 0.43117500000000003 0.7145 0.007810000000000003 0.009416666666666667 
0 0.4324875 0.71775 0.010120000000000004 0.015 
0 0.43861 0.7096666666666667 0.0056850000000000026 0.009083333333333334 
0 0.43836 0.7026666666666667 0.006435000000000002 0.007916666666666667 
0 0.44373250000000003 0.69675 0.015057500000000005 0.011416666666666667 
0 0.4428575 0.70575 0.010310000000000001 0.012166666666666666 
0 0.44210750000000004 0.71375 0.009310000000000002 0.016 
0 0.4346775 0.6764166666666667 0.009310000000000002 0.017166666666666667 
0 0.4412375 0.68075 0.008310000000000001 0.014 
0 0.4482975 0.68325 0.00375 0.0085 
0 0.4539825 0.6735 0.011185000000000002 0.009166666666666667 
0 0.45655 0.7125833333333333 0.007247500000000002 0.014916666666666667 
0 0.481025 0.671 0.007997500000000003 0.008166666666666666 
0 0.47231 0.6748333333333333 0.0068125 0.01220666666666663 
0 0.46728 0.6756266666666667 0.008310000000000001 0.014166666666666666 
0 0.4813375 0.6786666666666666 0.011995000000000004 0.009039999999999963 
0 0.4877475 0.6696666666666666 0.006777499999999975 0.010873333333333297 
0 0.491115 0.6818333333333333 0.012120000000000004 0.01225 
0 0.484055 0.6831666666666667 0.012370000000000004 0.012583333333333334 
0 0.5049225 0.6820833333333334 0.009434999999999945 0.00725 
0 0.5162424999999999 0.6786666666666666 0.01293500000000006 0.013583333333333333 
0 0.5081825 0.681 0.013745000000000004 0.007083333333333333 
0 0.5176799999999999 0.6725833333333333 0.005997500000000059 0.009916666666666667 
0 0.522865 0.67175 0.0068724999999999455 0.009583333333333333 
0 0.5294275 0.673 0.005372499999999945 0.011666666666666667 
0 0.5326124999999999 0.6749166666666667 0.005997500000000059 0.0135 
0 0.526615 0.6803333333333333 0.0068099999999999454 0.01175 
0 0.52093 0.6848333333333333 0.008932500000000005 0.012833333333333334 
0 0.5301125 0.6948333333333333 0.008810000000000059 0.012583333333333334 
0 0.473995 0.7115 0.015807500000000006 0.01525 
0 0.4694975 0.7069166666666666 0.006872500000000002 0.018083333333333333 
0 0.47512 0.7049166666666666 0.012870000000000005 0.011083333333333334 
0 0.4876775 0.70475 0.010435000000000002 0.018 
0 0.564485 0.6836666666666666 0.008622499999999946 0.013666666666666667 
0 0.5629875 0.7115 0.008747500000000059 0.017166666666666667 
0 0.5798049999999999 0.69575 0.00912250000000006 0.014833333333333334 
0 0.5911775 0.6994166666666667 0.007309999999999945 0.0175 
0 0.5846775 0.6996666666666667 0.006375 0.015583333333333333 
0 0.5803674999999999 0.7070833333333333 0.00918500000000006 0.016833333333333332 
0 0.5869249999999999 0.71075 0.00918500000000006 0.016 
0 0.5919924999999999 0.6751666666666667 0.01312250000000006 0.014416666666666666 
0 0.6038025 0.6734166666666667 0.011807500000000004 0.01075 
0 0.612985 0.6735833333333333 0.007934999999999946 0.012166666666666666 
0 0.62036 0.6723333333333333 0.007934999999999946 0.013333333333333334 
0 0.6326174999999999 0.7085833333333333 0.013997500000000059 0.010833333333333334 
0 0.6369925 0.70225 0.012932500000000005 0.013583333333333333 
0 0.6440525 0.6998333333333333 0.008684999999999946 0.01725 
0 0.647175 0.6964166666666667 0.00912250000000006 0.01525 
0 0.65355 0.7050833333333333 0.013995000000000004 0.013583333333333333 
0 0.6582975 0.7030833333333333 0.013932500000000004 0.015166666666666667 
0 0.6718624999999999 0.7099166666666666 0.00899750000000006 0.014583333333333334 
0 0.6714874999999999 0.7039166666666666 0.012622500000000059 0.011083333333333334 
0 0.68036 0.7049166666666666 0.010309999999999946 0.016166666666666666 
0 0.6882324999999999 0.7055 0.016432500000000006 0.013083333333333334 
0 0.7004275 0.7021666666666667 0.012182500000000004 0.015666666666666666 
0 0.45086750000000003 0.7706666666666667 0.014622500000000002 0.014166666666666666 
0 0.452805 0.7646666666666667 0.015057500000000005 0.01 
0 0.4574925 0.7585 0.015745000000000006 0.01775 
0 0.463365 0.7544166666666666 0.013245000000000005 0.014916666666666667 
0 0.46755 0.74975 0.012810000000000002 0.015583333333333333 
0 0.47536 0.7425833333333334 0.009622500000000003 0.018083333333333333 
0 0.48161000000000004 0.7484166666666666 0.005497500000000002 0.013 
0 0.46374 0.7731666666666667 0.014620000000000005 0.012583333333333334 
0 0.47230500000000003 0.767 0.019432500000000005 0.009333333333333334 
0 0.4759925 0.7720833333333333 0.013745000000000004 0.01775 
0 0.4864875 0.7576666666666667 0.010247500000000003 0.014583333333333334 
0 0.495485 0.7599166666666667 0.009497500000000002 0.011666666666666667 
0 0.48524 0.7475833333333334 0.0075600000000000025 0.01375 
0 0.49205 0.74875 0.006125 0.013083333333333334 
0 0.49805 0.7490833333333333 0.007997500000000003 0.0135 
0 0.5026725 0.7538333333333334 0.005935000000000002 0.0155 
0 0.5076075 0.7511666666666666 0.010560000000000002 0.017166666666666667 
0 0.50536 0.7458333333333333 0.008807500000000005 0.009166666666666667 
0 0.504175 0.76825 0.007935000000000003 0.016 
0 0.5092375 0.7674166666666666 0.008247500000000003 0.014666666666666666 
0 0.5072375 0.7821666666666667 0.014619999999999947 0.012083333333333333 
0 0.5139225000000001 0.7721666666666667 0.008809999999999945 0.019916666666666666 
0 0.520295 0.7771666666666667 0.01318500000000006 0.016 
0 0.5161749999999999 0.7383333333333333 0.008060000000000058 0.016 
0 0.5251775 0.7484166666666666 0.009247499999999945 0.012583333333333334 
0 0.5313625 0.7415 0.010060000000000058 0.01875 
0 0.5219275 0.7526666666666667 0.007184999999999946 0.01775 
0 0.5258700000000001 0.763 0.015432500000000005 0.017666666666666667 
0 0.5361775 0.7710833333333333 0.012372499999999946 0.014083333333333333 
0 0.5423 0.7645833333333333 0.013747500000000058 0.010583333333333333 
0 0.5282425 0.7581666666666667 0.014120000000000004 0.0155 
0 0.55199 0.74575 0.008997499999999945 0.016 
0 0.5485549999999999 0.7514166666666666 0.012120000000000004 0.014166666666666666 
0 0.5642999999999999 0.7468333333333333 0.012682500000000005 0.01375 
0 0.57086 0.7446666666666667 0.011995000000000004 0.013416666666666667 
0 0.5784199999999999 0.74575 0.012432500000000004 0.00775 
0 0.5707975000000001 0.7580833333333333 0.012807500000000005 0.011583333333333333 
0 0.5787325 0.755 0.01093500000000006 0.015333333333333332 
0 0.57024 0.76725 0.019370000000000005 0.009083333333333334 
0 0.5874225 0.7598333333333334 0.010872499999999945 0.01375 
0 0.5849875 0.7536666666666667 0.006997500000000059 0.00875 
0 0.59342 0.7560833333333333 0.012372500000000059 0.017583333333333333 
0 0.5718025 0.7806666666666666 0.020245000000000006 0.008416666666666666 
0 0.57524 0.773 0.017495000000000004 0.010416666666666666 
0 0.5882350000000001 0.7675 0.012932500000000005 0.01675 
0 0.5925499999999999 0.7448333333333333 0.01156000000000006 0.015333333333333332 
0 0.5889275 0.7309166666666667 0.015807500000000006 0.01575 
0 0.6246775 0.7776666666666666 0.01855499999999995 0.014916666666666667 
0 0.6394275 0.7648333333333334 0.017495000000000004 0.016166666666666666 
0 0.4633775 0.7076666666666667 0.007872500000000003 0.020416666666666666 
0 0.4630025 0.6765 0.006277499999999975 0.01420666666666663 
0 0.47584249999999995 0.6725833333333333 0.005497500000000002 0.01045666666666663 
0 0.476685 0.6792066666666666 0.007904999999999973 0.0135 
0 0.49422000000000005 0.67104 0.005404999999999972 0.012126666666666702 
0 0.4991875 0.67196 0.006092499999999973 0.01470666666666663 
0 0.5038425 0.6708333333333333 0.008122500000000003 0.012583333333333334 
0 0.5106525 0.6705399999999999 0.009310000000000002 0.01008666666666674 
0 0.5691900000000001 0.63525 0.006247499999999946 0.008 
0 0.58025 0.6325 0.007434999999999945 0.006083333333333333 
0 0.5365 0.5645 0.0068724999999999455 0.0075 
0 0.49389249999999996 0.7676700000000001 0.0055 0.01949333333333319 
0 0.4990175 0.76892 0.008125 0.020743333333333187 
0 0.45082 0.7054233333333333 0.015595000000000027 0.00775 
0 0.53883 0.6730166666666666 0.006125 0.01324666666666667 
0 0.54383 0.67918 0.0096875 0.011246666666666745 
0 0.5450175 0.67335 0.0110625 0.008413333333333337 
0 0.550705 0.6764333333333333 0.0125625 0.008580000000000003 
0 0.55283 0.6798466666666666 0.0085 0.012330000000000079 
0 0.55683 0.6793466666666667 0.008625 0.013996666666666746 
0 0.5445800000000001 0.7051733333333333 0.0173125 0.011746666666666745 
0 0.53783 0.7077566666666667 0.016 0.010913333333333412 
0 0.49633 0.70409 0.009375 0.013663333333333413 
0 0.501455 0.7081733333333333 0.011500000000000057 0.014496666666666746 
0 0.5062675 0.7036733333333334 0.010187500000000058 0.014496666666666746 
0 0.511455 0.7015100000000001 0.012562500000000056 0.012329999999999928 
0 0.5188925000000001 0.6985100000000001 0.0099375 0.014329999999999928 
0 0.52408 0.6993433333333334 0.0115625 0.013496666666666594 
0 0.49433 0.7233366666666667 0.016625 0.008996666666666594 
0 0.5077675 0.7242533333333334 0.010000000000000057 0.014079999999999928 
0 0.51258 0.7230866666666668 0.011625 0.015829999999999927 
0 0.5173300000000001 0.7270033333333334 0.011125 0.013993333333333188 
0 0.48626749999999996 0.7326666666666667 0.0174375 0.014329999999999928 
0 0.5821425 0.67801 0.00675 0.011330000000000003 
0 0.5871425 0.67301 0.0064375 0.013330000000000003 
0 0.591955 0.6713433333333333 0.009375 0.010833333333333334 
0 0.574955 0.6751766666666666 0.00925 0.013163333333333336 
0 0.594975 0.68934 0.009125 0.013830000000000078 
0 0.6011 0.68734 0.0065625 0.00933000000000008 
0 0.6040375 0.6891733333333333 0.008875 0.014330000000000079 
0 0.6064125 0.6962533333333334 0.007375 0.010916666666666667 
0 0.601975 0.7023366666666667 0.006625 0.01416333333333326 
0 0.5955375 0.7000033333333334 0.0075 0.014746666666666594 
0 0.6126 0.69384 0.0083125 0.009996666666666746 
0 0.6162875 0.6944233333333333 0.012875 0.011913333333333413 
0 0.6136625 0.7030033333333334 0.0123125 0.01416333333333326 
0 0.6221 0.6969200000000001 0.0103125 0.012079999999999928 
0 0.6296625 0.7010033333333334 0.008375 0.008829999999999926 
0 0.6077250000000001 0.7045033333333334 0.0108125 0.014829999999999927 
0 0.5637375 0.7702100000000001 0.015155000000000087 0.012123333333333297 
0 0.5581425 0.7748766666666667 0.016532499999999915 0.012663333333333261 
0 0.5582050000000001 0.7637966666666667 0.01575 0.010413333333333412 
0 0.5460499999999999 0.7695866666666668 0.0160625 0.01111999999999989 
0 0.5381125 0.7788766666666667 0.019625 0.01649333333333334 
0 0.5456125 0.7812899999999999 0.018842500000000085 0.013539999999999964 
0 0.588475 0.7836666666666666 0.0161875 0.019326666666666673 
0 0.5905375 0.7788333333333334 0.01875 0.017746666666666595 
0 0.5991625 0.7722533333333335 0.010125 0.018076666666666522 
0 0.6046 0.76917 0.008125 0.020159999999999855 
0 0.6031625 0.76134 0.0074375 0.006746666666666745 
0 0.5879125000000001 0.7430100000000001 0.00825 0.016163333333333262 
0 0.5804125 0.7358466666666666 0.009125 0.011996666666666746 
0 0.5747875 0.7352633333333333 0.00825 0.01108000000000008 
0 0.6046 0.7506700000000001 0.011 0.014663333333333261 
0 0.6007250000000001 0.7490033333333334 0.0055 0.01441333333333326 
0 0.609475 0.7471700000000001 0.0090625 0.012913333333333261 
0 0.615975 0.7510866666666668 0.009875 0.017829999999999926 
0 0.619975 0.7500866666666668 0.01 0.015246666666666594 
0 0.6229750000000001 0.7452533333333334 0.0121875 0.016579999999999928 
0 0.6271 0.7397566666666666 0.01525 0.010496666666666746 
0 0.6399125 0.73709 0.009 0.01483000000000008 
0 0.64685 0.7273433333333335 0.0155 0.013579999999999927 
0 0.656975 0.7332566666666667 0.01725 0.013163333333333412 
0 0.661725 0.73959 0.0140625 0.012496666666666746 
0 0.647475 0.7370066666666667 0.01525 0.01641333333333341 
0 0.647225 0.74309 0.018 0.017576666666666674 
0 0.64685 0.7486700000000001 0.018875 0.020996666666666594 
0 0.6341625000000001 0.7495866666666667 0.0118125 0.01191333333333326 
0 0.641225 0.7515866666666667 0.0105 0.01016333333333326 
0 0.640725 0.75975 0.0178125 0.011496666666666594 
0 0.6107250000000001 0.7737466666666666 0.0118125 0.022660000000000007 
0 0.6075375000000001 0.7639166666666667 0.009375 0.009996666666666595 
0 0.6127250000000001 0.7711633333333333 0.013375 0.01958000000000008 
0 0.6160375 0.7634166666666666 0.0116875 0.016079999999999928 
0 0.622725 0.7664166666666666 0.011625 0.012746666666666594 
0 0.62685 0.7623333333333333 0.011875 0.009496666666666594 
0 0.63335 0.7720799999999999 0.015625 0.011913333333333413 
0 0.63335 0.7562533333333334 0.009125 0.012329999999999928 
0 0.7068325 0.67779 0.012342499999999973 0.013203333333333376 
0 0.7042999999999999 0.6691666666666667 0.007470000000000027 0.010413333333333337 
0 0.7108625 0.6715833333333333 0.010032500000000028 0.01416333333333326 
0 0.7162075 0.6709566666666666 0.008217499999999973 0.013623333333333296 
0 0.7208625 0.6711233333333333 0.008845000000000026 0.009666666666666667 
0 0.7232375 0.6798733333333333 0.011907500000000027 0.012913333333333412 
0 0.7285499999999999 0.67204 0.006595000000000027 0.013289999999999963 
0 0.73402 0.67404 0.006342499999999972 0.014620000000000043 
0 0.7396125 0.6752066666666666 0.0075625 0.013163333333333412 
0 0.7433925 0.6734566666666666 0.0099375 0.01308000000000008 
0 0.74725 0.6702466666666667 0.0130625 0.007123333333333297 
0 0.7510924999999999 0.6745366666666667 0.016095000000000026 0.008250000000000075 
0 0.7493125 0.6815766666666667 0.017904999999999973 0.00866333333333326 
0 0.7047599999999999 0.7007166666666667 0.009282500000000027 0.012623333333333297 
0 0.712385 0.6975100000000001 0.008220000000000028 0.015289999999999963 
0 0.621245 0.6185666666666667 0.00625 0.007330000000000003 
