0 0.597 0.23733333333333334 0.024 0.02033333333333333 
0 0.05075 0.35733333333333334 0.023 0.030666666666666665 
0 0.0525 0.29033333333333333 0.02425 0.015333333333333332 
0 0.07625 0.3323333333333333 0.026 0.034 
0 0.79275 0.5025833333333334 0.0255 0.03841666666666667 
0 0.917 0.5143333333333333 0.029 0.033 
0 0.3515 0.45166666666666666 0.02225 0.034666666666666665 
0 0.69425 0.437 0.02025 0.03833333333333333 
0 0.55825 0.44666666666666666 0.0235 0.023333333333333334 
0 0.70875 0.273 0.016 0.028333333333333332 
0 0.2605 0.2773333333333333 0.013 0.02266666666666667 
0 0.80975 0.3413333333333333 0.03425 0.016666666666666666 
0 0.97175 0.5043333333333333 0.02475 0.03666666666666667 
0 0.427 0.5333333333333333 0.0295 0.042333333333333334 
0 0.89675 0.35733333333333334 0.023 0.034333333333333334 
0 0.53625 0.30033333333333334 0.028 0.019 
0 0.35375 0.4806666666666667 0.02775 0.032 
0 0.54175 0.5183333333333333 0.02275 0.03666666666666667 
0 0.926 0.3544966666666667 0.022100000000000022 0.028836666666666663 
0 0.53575 0.5616666666666666 0.01975 0.03666666666666667 
0 0.49375 0.4553333333333333 0.018 0.029333333333333333 
0 0.8285 0.5353333333333333 0.025 0.042666666666666665 
0 0.80275 0.306 0.04125 0.021666666666666667 
0 0.69975 0.5006666666666667 0.02275 0.041666666666666664 
0 0.8225 0.24933333333333332 0.01775 0.016666666666666666 
0 0.5555 0.479 0.0195 0.03133333333333333 
0 0.644 0.497 0.024 0.037 
0 0.954 0.5196666666666667 0.01875 0.030666666666666665 
0 0.17225 0.49433333333333335 0.02625 0.03266666666666666 
0 0.65175 0.2663333333333333 0.01725 0.021666666666666667 
0 0.00025 0.453 0.02675 0.03133333333333333 
0 0.68325 0.3416666666666667 0.03275 0.017 
0 0.3325 0.38066666666666665 0.02825 0.033666666666666664 
0 0.44775 0.538 0.0165 0.033666666666666664 
0 0.3031225 0.5183333333333333 0.021627499999999997 0.042333333333333334 
0 0.249 0.2816666666666667 0.012 0.024666666666666667 
0 0.8405 0.6016666666666667 0.03275 0.04666666666666667 
0 0.01825 0.3546666666666667 0.02025 0.032 
0 0.5385 0.469 0.02625 0.036333333333333336 
0 0.84675 0.5336666666666666 0.01875 0.03866666666666667 
0 0.55 0.2813333333333333 0.0155 0.024333333333333332 
0 0.5455 0.6153333333333333 0.04075 0.025666666666666667 
0 0.87775 0.6463333333333333 0.03575 0.034666666666666665 
0 0.89825 0.30733333333333335 0.017 0.031 
0 0.48225 0.2853333333333333 0.027 0.015333333333333332 
0 0.648 0.5846666666666667 0.0235 0.046 
0 0.505 0.5116666666666667 0.02275 0.041 
0 0.3595 0.49500666666666665 0.0275 0.030326666666666672 
0 0.31975 0.4703333333333333 0.02 0.028333333333333332 
0 0.93175 0.5973333333333334 0.018 0.043333333333333335 
0 0.8495 0.4713333333333333 0.02425 0.037 
0 0.39975 0.44733333333333336 0.01475 0.030333333333333334 
0 0.66175 0.5916666666666667 0.02625 0.045 
0 0.4905 0.5456666666666666 0.016370000000000006 0.045403333333333344 
0 0.805 0.645 0.02425 0.04933333333333333 
0 0.352 0.427 0.021435000000000003 0.03496000000000004 
0 0.0995 0.44366666666666665 0.021 0.03833333333333333 
0 0.9165 0.31 0.0175 0.030333333333333334 
0 0.044 0.49266666666666664 0.02525 0.04033333333333333 
0 0.75475 0.45766666666666667 0.0365 0.034666666666666665 
0 0.47025 0.409 0.022 0.036 
0 0.1 0.3486666666666667 0.0185 0.03266666666666666 
0 0.892 0.6106666666666667 0.02225 0.038 
0 0.64225 0.534 0.02325 0.051333333333333335 
0 0.23075 0.494 0.017 0.03666666666666667 
0 0.0 0.41333333333333333 0.02275 0.03666666666666667 
0 0.26875 0.487 0.017 0.035 
0 0.075 0.41333333333333333 0.03 0.024333333333333332 
0 0.18825 0.453 0.0205 0.032 
0 0.076 0.29633333333333334 0.0255 0.013333333333333334 
0 0.64475 0.417 0.01725 0.030333333333333334 
0 0.58575 0.431 0.0205 0.034333333333333334 
0 0.06175 0.48933333333333334 0.01875 0.029666666666666668 
0 0.8775 0.41533333333333333 0.026 0.03 
0 0.56775 0.4806666666666667 0.023 0.031 
0 0.48675 0.5053333333333333 0.02275 0.042666666666666665 
0 0.92975 0.5517966666666667 0.030075000000000046 0.03353666666666663 
0 0.60925 0.53 0.024 0.041 
0 0.47725 0.45266666666666666 0.0205 0.042666666666666665 
0 0.9085 0.5453333333333333 0.034 0.030666666666666665 
0 0.655 0.43633333333333335 0.02425 0.034 
0 0.925 0.633 0.0335 0.05366666666666667 
0 0.41375 0.44866666666666666 0.022579999999999985 0.035093333333333324 
0 0.471 0.48333333333333334 0.033 0.030666666666666665 
0 0.06325 0.5213333333333333 0.01875 0.031 
0 0.581 0.399 0.02075 0.030666666666666665 
0 0.0555 0.434 0.0175 0.034333333333333334 
0 0.23175 0.5716666666666667 0.02525 0.052333333333333336 
0 0.33675 0.5476666666666666 0.03225 0.03266666666666666 
0 0.862 0.5223333333333333 0.01925 0.03866666666666667 
0 0.13 0.473 0.0245 0.042333333333333334 
0 0.259 0.49233333333333335 0.017 0.030333333333333334 
0 0.4785 0.24633333333333332 0.01875 0.02266666666666667 
0 0.16 0.492 0.0245 0.041 
0 0.6135 0.5776666666666667 0.0375 0.039 
0 0.5095 0.3373333333333333 0.031 0.018333333333333333 
0 0.7415 0.306 0.0255 0.014666666666666666 
0 0.85425 0.29833333333333334 0.0165 0.022333333333333334 
0 0.4915 0.217 0.018 0.021666666666666667 
0 0.40875 0.4043333333333333 0.02275 0.037333333333333336 
0 0.366 0.5056666666666667 0.02275 0.032 
0 0.283 0.522 0.02025 0.05 
0 0.762 0.595 0.01625 0.04566666666666667 
0 0.2225 0.2926666666666667 0.0275 0.015666666666666666 
0 0.9685 0.646 0.02375 0.04833333333333333 
0 0.63325 0.25133333333333335 0.01425 0.023 
0 0.425 0.254 0.02475 0.02 
0 0.716 0.2926666666666667 0.026 0.017333333333333333 
0 0.70025 0.238 0.0275 0.018333333333333333 
0 0.243 0.5213333333333333 0.022872500000000004 0.045 
0 0.1035 0.399 0.024 0.026 
0 0.0845 0.281 0.03 0.017666666666666667 
0 0.4015 0.5063333333333333 0.03225 0.018333333333333333 
0 0.3445 0.5613333333333334 0.03675 0.034 
0 0.2254575 0.42649333333333334 0.01879249999999999 0.03550666666666666 
0 0.2535 0.3973333333333333 0.02525 0.032 
0 0.9635 0.5416666666666666 0.0275 0.042333333333333334 
0 0.77425 0.606 0.0185 0.05566666666666667 
0 0.10975 0.47433333333333333 0.0265 0.021666666666666667 
0 0.7345 0.49533333333333335 0.0255 0.033666666666666664 
0 0.56225 0.531 0.038 0.029666666666666668 
0 0.6305 0.2693333333333333 0.02075 0.027333333333333334 
0 0.10875 0.32666666666666666 0.0315 0.018333333333333333 
0 0.02225 0.36466666666666664 0.028 0.03166666666666667 
0 0.13925 0.43066666666666664 0.02625 0.029666666666666668 
0 0.2815 0.49166666666666664 0.015 0.034 
0 0.79325 0.32466666666666666 0.031 0.019333333333333334 
0 0.69175 0.5386666666666666 0.021 0.044333333333333336 
0 0.83825 0.2876666666666667 0.0245 0.025666666666666667 
0 0.94125 0.512 0.018 0.036 
0 0.89375 0.5373333333333333 0.02175 0.027666666666666666 
0 0.744 0.27566666666666667 0.02 0.021 
0 0.2245 0.36466666666666664 0.0285 0.028333333333333332 
0 0.04325 0.523 0.022 0.045 
0 0.72725 0.332 0.0205 0.030666666666666665 
0 0.79975 0.599 0.02275 0.06066666666666667 
0 0.8159125 0.5856666666666667 0.01833749999999998 0.06094999999999997 
0 0.81825 0.24033333333333334 0.01675 0.016666666666666666 
0 0.364 0.418 0.029 0.021666666666666667 
0 0.6245 0.421 0.02075 0.033666666666666664 
0 0.83225 0.34933333333333333 0.02875 0.024333333333333332 
0 0.04875 0.46 0.022 0.023333333333333334 
0 0.83175 0.5756666666666667 0.02525 0.029333333333333333 
0 0.1566225 0.42081666666666667 0.028627499999999997 0.029849999999999984 
0 0.51125 0.36533333333333334 0.02725 0.024666666666666667 
0 0.59925 0.2703333333333333 0.02025 0.025 
0 0.3365 0.30933333333333335 0.02975 0.016 
0 0.8625 0.4826666666666667 0.0195 0.027333333333333334 
0 0.45325 0.24766666666666667 0.01625 0.02666666666666667 
0 0.38475 0.4523333333333333 0.0175 0.03666666666666667 
0 0.87225 0.614 0.02 0.04633333333333333 
0 0.51175 0.5496666666666666 0.01975 0.034666666666666665 
0 0.45475 0.5776666666666667 0.03 0.022333333333333334 
0 0.8109500000000001 0.36955000000000005 0.04075 0.015449999999999969 
0 0.9215 0.38533333333333336 0.026 0.025666666666666667 
0 0.7845 0.252 0.022325000000000046 0.03607333333333334 
0 0.28725 0.45866666666666667 0.0195 0.029333333333333333 
0 0.41875 0.271 0.022 0.025333333333333333 
0 0.7375 0.5396666666666666 0.03611749999999995 0.017 
0 0.11425 0.41633333333333333 0.01825 0.029333333333333333 
0 0.26875 0.27366666666666667 0.01775 0.02666666666666667 
0 0.71775 0.31344 0.016952499999999985 0.028559999999999985 
0 0.849 0.5636666666666666 0.02825 0.04066666666666666 
0 0.02225 0.27066666666666667 0.02725 0.023333333333333334 
0 0.57825 0.282 0.0175 0.026 
0 0.533 0.234 0.02725 0.017666666666666667 
0 0.01025 0.42633333333333334 0.01675 0.025 
0 0.2515 0.44266666666666665 0.022 0.03333333333333333 
0 0.1765 0.462 0.01775 0.029666666666666668 
0 0.376 0.57789 0.03857999999999998 0.03444333333333331 
0 0.43257999999999996 0.5 0.024420000000000015 0.03233333333333333 
0 0.75675 0.281 0.0235 0.023666666666666666 
0 0.6935 0.22633333333333333 0.01625 0.021666666666666667 
0 0.44725 0.471 0.021579999999999985 0.025 
0 0.759 0.503 0.0295 0.025666666666666667 
0 0.46675 0.513 0.01825 0.04066666666666666 
0 0.7245 0.5656666666666667 0.03325 0.021333333333333333 
0 0.386 0.24633333333333332 0.0135 0.021333333333333333 
0 0.30575 0.433 0.01875 0.035666666666666666 
0 0.946 0.609 0.02125 0.03833333333333333 
0 0.125 0.391 0.01575 0.03 
0 0.722 0.5803333333333334 0.01725 0.04733333333333333 
0 0.84825 0.2643333333333333 0.0185 0.020666666666666667 
0 0.8825 0.3943333333333333 0.01925 0.022333333333333334 
0 0.20025 0.47833333333333333 0.0155 0.042333333333333334 
0 0.53975 0.6696666666666666 0.02525 0.037333333333333336 
0 0.97425 0.301 0.02525 0.018666666666666668 
0 0.9835 0.33666666666666667 0.01625 0.024333333333333332 
0 0.01475 0.4023333333333333 0.02975 0.012333333333333333 
0 0.95225 0.639 0.01925 0.04533333333333334 
0 0.49725 0.23733333333333334 0.02525 0.015 
0 0.909 0.309 0.014 0.027333333333333334 
0 0.55125 0.5826666666666667 0.027 0.04133333333333333 
0 0.162 0.4593333333333333 0.01975 0.019 
0 0.57675 0.304 0.0275 0.015666666666666666 
0 0.515 0.22266666666666668 0.02 0.01633333333333333 
0 0.74375 0.25633333333333336 0.01625 0.023333333333333334 
0 0.8005 0.251 0.019575000000000044 0.02174333333333334 
0 0.49 0.301 0.019 0.017666666666666667 
0 0.3865 0.5636666666666666 0.02525 0.02266666666666667 
0 0.113 0.44733333333333336 0.01775 0.035666666666666666 
0 0.67025 0.207 0.017 0.021666666666666667 
0 0.546 0.427 0.0135 0.03133333333333333 
0 0.69075 0.47536999999999996 0.033 0.0292966666666667 
0 0.06075 0.388 0.031 0.021666666666666667 
0 0.73425 0.5896666666666667 0.016 0.039 
0 0.86775 0.30933333333333335 0.018 0.029666666666666668 
0 0.71575 0.26766666666666666 0.024 0.013 
0 0.66825 0.2886666666666667 0.0295 0.027 
0 0.48675 0.256 0.03275 0.017333333333333333 
0 0.746 0.5886666666666667 0.0195 0.05333333333333334 
0 0.6835 0.269 0.01875 0.024666666666666667 
0 0.87175 0.541 0.02275 0.033666666666666664 
0 0.8805 0.477 0.02125 0.03766666666666667 
0 0.829 0.26366666666666666 0.01375 0.027666666666666666 
0 0.71625 0.5146666666666667 0.0185 0.04766666666666667 
0 0.8845 0.31033333333333335 0.016 0.025666666666666667 
0 0.8575 0.3496666666666667 0.016 0.03166666666666667 
0 0.558 0.423 0.034 0.02033333333333333 
0 0.7895 0.587 0.01775 0.050666666666666665 
0 0.63725 0.31633333333333336 0.012 0.019666666666666666 
0 0.03325 0.2796666666666667 0.038 0.021 
0 0.0295 0.439 0.02775 0.024 
0 0.3155 0.5406666666666666 0.01675 0.043333333333333335 
0 0.8635 0.2816666666666667 0.015 0.018666666666666668 
0 0.97825 0.42 0.0215 0.035333333333333335 
0 0.8775 0.28733333333333333 0.0145 0.019333333333333334 
0 0.20475 0.5676666666666667 0.03125 0.024333333333333332 
0 0.74125 0.29833333333333334 0.023 0.012666666666666666 
0 0.0122075 0.5016666666666667 0.0162925 0.041 
0 0.88675 0.3405033333333333 0.036700000000000045 0.017163333333333336 
0 0.0 0.27366666666666667 0.0145 0.022333333333333334 
0 0.8122425 0.5253333333333333 0.02425750000000005 0.020666666666666667 
0 -0.0016675 0.3556266666666667 0.0125 0.030326666666666596 
0 0.0018325 0.34996333333333335 0.024 0.043986666666666605 
0 0.028125 0.4093066666666667 0.037 0.03899000000000001 
0 -0.00025 0.3916466666666667 0.0135 0.027660000000000007 
0 -0.00025 0.41164 0.010625 0.021160000000000005 
0 -0.00075 0.44713 0.01525 0.01199666666666667 
0 -0.000625 0.4504633333333334 0.02375 0.022493333333333265 
0 0.083125 0.38399666666666665 0.041125 0.02474333333333334 
0 0.0899375 0.39974333333333334 0.0281875 0.016163333333333335 
0 0.035 0.41457333333333335 0.046875 0.03190666666666667 
0 0.05975 0.4156566666666667 0.0265625 0.020076666666666673 
0 0.0670625 0.43182000000000004 0.0173125 0.033656666666666675 
0 0.0819375 0.4239866666666667 0.030875 0.035156666666666676 
0 0.0738125 0.42915333333333333 0.0421875 0.05040333333333335 
0 0.07033249999999999 0.45023 0.0350625 0.041573333333333344 
0 0.0251675 0.4517033333333333 0.027624999999999997 0.03182333333333334 
0 0.01048 0.47089000000000003 0.0333125 0.02549333333333334 
0 -0.00027 0.48572000000000004 0.0153125 0.04724000000000001 
0 0.009105 0.4818066666666667 0.0345 0.04482000000000001 
0 0.0227925 0.48580333333333336 0.026562499999999996 0.03432666666666667 
0 0.0228325 0.5049933333333333 0.022875000000000003 0.05073666666666668 
0 -0.00035499999999999996 0.5239066666666666 0.0151875 0.03499000000000001 
0 0.0934575 0.4929133333333333 0.01975 0.046236666666666676 
0 0.0870825 0.48541666666666666 0.038625 0.02499333333333334 
0 0.0977075 0.50066 0.033750000000000016 0.04507333333333334 
0 0.1027075 0.5139066666666666 0.03700000000000001 0.041906666666666675 
0 0.12451999999999999 0.51041 0.03537500000000002 0.04115333333333335 
0 0.1360625 0.5223766666666667 0.025122500000000002 0.0459066666666666 
0 0.14725 0.5261266666666667 0.031872500000000005 0.0376566666666666 
0 0.11572750000000001 0.36140666666666665 0.023749999999999986 0.03291000000000001 
0 0.13804 0.36707333333333336 0.02475 0.03640666666666668 
0 0.18128999999999998 0.34691 0.022 0.04057333333333334 
0 0.1622275 0.3661566666666667 0.015625 0.03249000000000001 
0 0.13979 0.39823000000000003 0.0206875 0.03441 
0 0.1226875 0.41786666666666666 0.01925 0.04898666666666668 
0 0.1321875 0.4481566666666667 0.028 0.029410000000000006 
0 0.1501875 0.46598666666666666 0.0230625 0.04274000000000001 
0 0.1833725 0.4937966666666667 0.0185 0.04998999999999993 
0 0.17927 0.43266 0.0396875 0.023160000000000007 
0 0.193145 0.42024333333333336 0.0351875 0.018580000000000003 
0 0.180895 0.43774 0.025375 0.02899333333333334 
0 0.20539500000000002 0.43166 0.016125 0.03790666666666668 
0 0.2169575 0.4376566666666667 0.0200625 0.034156666666666675 
0 0.19633250000000002 0.4013333333333333 0.0203125 0.020826666666666674 
0 0.24045750000000002 0.42285666666666666 0.0141875 0.03899000000000001 
0 0.215145 0.4612633333333333 0.025 0.04398666666666668 
0 0.22083250000000001 0.45909666666666665 0.0304375 0.046653333333333345 
0 0.22889500000000002 0.46692666666666666 0.027124999999999972 0.03790666666666668 
0 0.251645 0.4205233333333333 0.014374999999999971 0.03774000000000001 
0 0.26106 0.43288000000000004 0.0286875 0.02108 
0 0.288185 0.42705000000000004 0.01775 0.043653333333333266 
0 0.2739975 0.45054333333333335 0.0175 0.03748999999999993 
0 0.26281 0.45409666666666665 0.0185 0.03932333333333334 
0 0.291185 0.46901 0.028875 0.04274000000000001 
0 0.3003725 0.46951 0.0299375 0.042156666666666676 
0 0.31712250000000003 0.43677 0.0173125 0.035073333333333345 
0 0.2254375 0.5313266666666667 0.0193725 0.03890666666666667 
0 0.2701225 0.51225 0.0176875 0.03674000000000001 
0 0.2872475 0.5115 0.0273125 0.023243333333333338 
0 0.28756 0.3624233333333333 0.0228125 0.05023666666666668 
0 0.27825 0.36017333333333335 0.015622500000000003 0.04099000000000001 
0 0.33258 0.42954 0.0205 0.04349000000000001 
0 0.33882999999999996 0.4550333333333333 0.017 0.040656666666666674 
0 0.370455 0.38372 0.016625 0.03799000000000001 
0 0.38583 0.3877166666666667 0.01925 0.039989999999999935 
0 0.373435 0.4433 0.0209375 0.037073333333333264 
0 0.3457075 0.48442666666666667 0.0233125 0.027326666666666673 
0 0.375895 0.47668 0.0273125 0.028156666666666677 
0 0.39629000000000003 0.4909533333333333 0.033125 0.018826666666666672 
0 0.38804 0.5007833333333334 0.01425 0.042323333333333345 
0 0.34060250000000003 0.5092033333333333 0.02025 0.05215333333333334 
0 0.3774775 0.5247833333333333 0.0290625 0.04515666666666668 
0 0.3277275 0.5258733333333333 0.0159375 0.04815333333333335 
0 0.30856 0.49507666666666666 0.0165 0.03674000000000001 
0 0.4048925 0.52807 0.015625 0.04948666666666668 
0 0.4152675 0.5287366666666666 0.01975 0.03865666666666667 
0 0.4210175 0.42477666666666664 0.0158125 0.04357000000000001 
0 0.433455 0.43744 0.023875 0.03857333333333334 
0 0.44758 0.4407733333333333 0.014375 0.03207333333333334 
0 0.43557999999999997 0.46018333333333333 0.019625 0.026743333333333338 
0 0.46158 0.4423533333333333 0.0199375 0.04615666666666668 
0 0.4326425 0.48218999999999995 0.0294375 0.027576666666666673 
0 0.40495749999999997 0.4781066666666666 0.032935 0.031243333333333338 
0 0.45887 0.5317533333333333 0.019375 0.04299000000000001 
0 0.47774500000000003 0.5425833333333333 0.0175 0.04399000000000001 
0 0.50037 0.5439166666666667 0.01675 0.04482333333333334 
0 0.49485250000000003 0.4877166666666667 0.015125 0.028739999999999932 
0 0.5044775 0.4651366666666667 0.020374999999999942 0.049819999999999934 
0 0.5189775 0.47372000000000003 0.021122500000000058 0.04606999999999994 
0 0.5259524999999999 0.43244999999999995 0.024 0.041156666666666675 
0 0.5318275 0.45727666666666666 0.02725 0.03132666666666667 
0 0.5033275 0.4136233333333333 0.02075 0.03865666666666667 
0 0.52458 0.5211066666666666 0.0234375 0.04874000000000001 
0 0.544285 0.5696966666666666 0.02025 0.03299000000000001 
0 0.574535 0.57936 0.02275 0.03632333333333334 
0 0.5909099999999999 0.5575333333333333 0.02325 0.027326666666666673 
0 0.5669099999999999 0.4602233333333334 0.037875 0.04365666666666668 
0 0.58441 0.4607233333333334 0.0325 0.03232666666666667 
0 0.59741 0.4588933333333334 0.022625 0.044653333333333343 
0 0.61691 0.46155666666666667 0.018875 0.04432333333333334 
0 0.59641 0.5052133333333334 0.012625 0.036823333333333264 
0 0.6111599999999999 0.5115433333333333 0.023875 0.0406566666666666 
0 0.6351175 0.45489333333333337 0.020875 0.03649000000000001 
0 0.6782425 0.4127366666666667 0.01875 0.05215333333333334 
0 0.6653675 0.4892166666666667 0.039875 0.03432333333333327 
0 0.6632425 0.49938000000000005 0.03725 0.044823333333333264 
0 0.61881 0.48952666666666667 0.04175 0.03024000000000001 
0 0.654455 0.53218 0.029875 0.049823333333333344 
0 0.6665800000000001 0.5335966666666666 0.02575 0.03432666666666667 
0 0.6641425000000001 0.5164366666666667 0.0281875 0.03190666666666667 
0 0.7103925000000001 0.5415133333333333 0.019375 0.04024000000000001 
0 0.680035 0.5751766666666667 0.0235 0.04998666666666668 
0 0.70066 0.5825066666666666 0.017375 0.043156666666666677 
0 0.713035 0.5696766666666666 0.014 0.052653333333333344 
0 0.71116 0.4327133333333334 0.023125 0.039989999999999935 
0 0.7205349999999999 0.46103999999999995 0.0225 0.040156666666666674 
0 0.7275349999999999 0.48369999999999996 0.02175 0.03682333333333334 
0 0.735035 0.5230233333333333 0.03874750000000006 0.01899666666666667 
0 0.7851174999999999 0.44243333333333335 0.028 0.03549000000000001 
0 0.7931174999999999 0.47092666666666666 0.021375 0.03765666666666668 
0 0.8148675 0.48658999999999997 0.01875 0.03832333333333334 
0 0.7729925 0.52358 0.02025 0.04798666666666668 
0 0.7827424999999999 0.52791 0.0205 0.04699000000000001 
0 0.7958675 0.53824 0.03775 0.03149333333333334 
0 0.7527425 0.5532366666666667 0.036375 0.03799000000000001 
0 0.8043674999999999 0.5584033333333334 0.02075 0.04082333333333334 
0 0.7456174999999999 0.5635666666666667 0.026875 0.04499000000000001 
0 0.7777425 0.5707333333333333 0.021375 0.03732333333333334 
0 0.8419924999999999 0.50875 0.02312250000000006 0.028160000000000004 
0 0.882865 0.50825 0.02075 0.03649000000000001 
0 0.9178675 0.47792666666666667 0.022 0.03999000000000001 
0 0.8980750000000001 0.5721233333333333 0.04675 0.02349333333333334 
0 0.8978250000000001 0.5894533333333333 0.03625 0.022826666666666672 
0 0.9689500000000001 0.6162933333333334 0.030875 0.05631999999999994 
0 0.971325 0.5383166666666667 0.029 0.028656666666666674 
0 0.9473250000000001 0.5446466666666667 0.03775 0.047320000000000015 
0 0.9427000000000001 0.56764 0.019875 0.042656666666666676 
0 0.959825 0.5778033333333333 0.021875 0.043323333333333346 
0 0.977825 0.5788033333333333 0.0175 0.051319999999999935 
0 0.9848250000000001 0.5503133333333333 0.015875 0.05198333333333335 
0 0.9908250000000001 0.6141300000000001 0.00975 0.04315333333333327 
0 0.9049075 0.45317999999999997 0.02475 0.02599333333333334 
0 0.9477825 0.44501666666666667 0.02275 0.04249000000000001 
0 0.9630325000000001 0.4071933333333333 0.020875 0.03882333333333334 
0 0.9894075 0.3797 0.0105 0.02749333333333334 
0 0.9209075 0.4061933333333333 0.0305 0.03932333333333334 
0 0.8961575 0.42068999999999995 0.02475 0.03549000000000001 
0 0.85991 0.38953 0.01924750000000006 0.042323333333333345 
0 0.84141 0.38286666666666663 0.023125 0.03799000000000001 
0 0.828535 0.39653 0.020875 0.04482000000000001 
0 0.9539500000000001 0.29151666666666665 0.0215 0.02749333333333334 
0 0.9433250000000001 0.30718 0.020125 0.01649333333333334 
0 0.9602 0.3193433333333333 0.030125 0.03232333333333334 
0 0.9552 0.3226733333333333 0.02475 0.04415666666666668 
0 0.94345 0.3198433333333333 0.018875 0.03199000000000001 
0 0.92845 0.3055133333333333 0.017 0.03715666666666668 
0 0.8893675 0.29451666666666665 0.021 0.019326666666666673 
0 0.8651175 0.33866999999999997 0.0325 0.04032333333333334 
0 0.8673675 0.34317 0.01925 0.04165333333333335 
0 0.82145 0.28974 0.02075 0.025326666666666674 
0 0.78495 0.31073333333333336 0.0295 0.01733 
0 0.8387 0.26008 0.0145 0.029660000000000006 
0 0.81545 0.26358 0.013875 0.03099000000000001 
0 0.867975 0.29545333333333335 0.02125 0.021413333333333336 
0 0.769575 0.22758333333333333 0.026375 0.02499333333333334 
0 0.766325 0.23375 0.0155 0.02949000000000001 
0 0.7517024999999999 0.23358333333333334 0.01987250000000006 0.022993333333333338 
0 0.7637 0.2550766666666667 0.02025 0.023826666666666673 
0 0.7385775 0.23491666666666666 0.02687250000000006 0.02699000000000001 
0 0.7257250000000001 0.25120333333333333 0.0208125 0.03449333333333334 
0 0.6944125 0.26473 0.0185625 0.036656666666666636 
0 0.7431599999999999 0.32927 0.024125 0.03549000000000001 
0 0.771535 0.3434333333333333 0.022875 0.03715666666666668 
0 0.75266 0.3604266666666667 0.02225 0.02799333333333334 
0 0.77666 0.37859 0.020045000000000073 0.04520333333333337 
0 0.79616 0.37342333333333333 0.01675 0.03699000000000001 
0 0.6434099999999999 0.2403566666666667 0.03625 0.020829999999999967 
0 0.66416 0.26002 0.016125 0.03232333333333334 
0 0.6762849999999999 0.26735 0.018375 0.027826666666666673 
0 0.64691 0.2621866666666666 0.014125 0.024326666666666674 
0 0.613285 0.26885 0.016375 0.03199333333333334 
0 0.604285 0.29684333333333335 0.01675 0.033656666666666675 
0 0.6211599999999999 0.3469966666666667 0.02125 0.03732333333333334 
0 0.5925775 0.36988000000000004 0.021375 0.038323333333333265 
0 0.5479525 0.2555766666666667 0.018 0.022993333333333338 
0 0.5628275 0.28823333333333334 0.01725 0.029659999999999968 
0 0.5457025 0.3257233333333333 0.043875 0.018163333333333375 
0 0.5033275 0.28290333333333334 0.02525 0.02099333333333334 
0 0.34862 0.28057 0.019125 0.028160000000000004 
0 0.2954975 0.27807000000000004 0.017497500000000003 0.030660000000000007 
0 0.303495 0.28257 0.01925 0.029656666666666637 
0 0.312245 0.28340333333333334 0.0225 0.0333233333333333 
0 0.42387 0.24541333333333334 0.020875 0.021326666666666674 
0 0.14008 0.33911 0.016375 0.03348999999999997 
0 0.21158000000000002 0.36693666666666663 0.01925 0.033490000000000006 
0 0.0635825 0.3716 0.03912499999999999 0.021330000000000002 
0 -0.000375 0.2864566666666667 0.0258725 0.041490000000000006 
0 0.014 0.26663 0.016247499999999998 0.020160000000000008 
0 0.0257475 0.25862999999999997 0.022250000000000002 0.021330000000000002 
0 0.97799 0.91713 0.021 0.02932666666666667 
