0 0.555125 0.5155 0.0109375 0.01475 
0 0.56675 0.5140833333333333 0.0135 0.0155 
0 0.5115 0.5198333333333334 0.0233125 0.01275 
0 0.536875 0.5231666666666667 0.0175 0.014666666666666666 
0 0.464375 0.5255 0.01675 0.03916666666666667 
0 0.479375 0.5255 0.01675 0.011333333333333334 
0 0.607125 0.5261666666666667 0.0145 0.0191266666666667 
0 0.592625 0.5403333333333333 0.0125 0.01825 
0 0.5134375 0.5261666666666667 0.025375 0.012666666666666666 
0 0.4918125 0.52675 0.01575 0.016789999999999965 
0 0.587375 0.5278333333333334 0.0201875 0.012 
0 0.5043125 0.5264166666666666 0.00975 0.019333333333333334 
0 0.458125 0.52875 0.011797500000000013 0.0225 
0 0.617595 0.52975 0.013529999999999973 0.017083333333333332 
0 0.539125 0.53225 0.0150625 0.01625 
0 0.553125 0.5241666666666667 0.011125 0.0185 
0 0.47875 0.5328333333333334 0.0133125 0.023416666666666665 
0 0.48075 0.5405 0.0150625 0.025 
0 0.450375 0.5351666666666667 0.010125 0.018333333333333333 
0 0.437875 0.5501666666666667 0.0269375 0.015 
0 0.498625 0.5346666666666666 0.013375 0.026166666666666668 
0 0.4885625 0.5551666666666667 0.0151875 0.022 
0 0.441375 0.5378333333333334 0.01 0.020416666666666666 
0 0.6085 0.5370833333333334 0.01627999999999997 0.022083333333333333 
0 0.6305625 0.5385 0.011375 0.027833333333333335 
0 0.6215 0.5441666666666667 0.013625 0.02266666666666667 
0 0.407625 0.5395 0.0175 0.011666666666666667 
0 0.531375 0.5383333333333333 0.012125 0.015833333333333335 
0 0.5628125 0.5465833333333333 0.0175625 0.025333333333333333 
0 0.6471875 0.5405 0.0151875 0.021333333333333333 
0 0.432125 0.5408333333333334 0.0095625 0.019416666666666665 
0 0.491125 0.5425 0.0098125 0.018833333333333334 
0 0.6394375 0.5431666666666667 0.013 0.02425 
0 0.658875 0.5425833333333333 0.016 0.025916666666666668 
0 0.462375 0.5407933333333333 0.0161875 0.025373333333333296 
0 0.6695625 0.5455 0.0148125 0.022333333333333334 
0 0.543375 0.54475 0.01025 0.021333333333333333 
0 0.56125 0.5600833333333334 0.0176875 0.036 
0 0.367375 0.5495 0.0261875 0.012333333333333333 
0 0.399875 0.5474166666666667 0.0136875 0.021416666666666667 
0 0.3881875 0.5688333333333333 0.0134375 0.031 
0 0.373375 0.5795 0.01725 0.028 
0 0.391875 0.54625 0.0108125 0.0275 
0 0.3766875 0.5575833333333333 0.0190625 0.010916666666666667 
0 0.36595 0.5675333333333333 0.027875 0.01930000000000003 
0 0.3993125 0.5493333333333333 0.0216875 0.04775 
0 0.418625 0.5509166666666667 0.0145625 0.02425 
0 0.5904375 0.552 0.01875 0.019333333333333334 
0 0.6078450000000001 0.5482933333333334 0.019092499999999974 0.03195666666666663 
0 0.6023125 0.5545833333333333 0.014125 0.03258333333333333 
0 0.532875 0.55975 0.0145 0.035416666666666666 
0 0.515875 0.5565 0.01975 0.011166666666666667 
0 0.349375 0.5595 0.029125 0.03183333333333333 
0 0.469625 0.5595 0.0241875 0.015833333333333335 
0 0.474 0.571 0.0251875 0.01775 
0 0.5043125 0.5641666666666667 0.0268125 0.018083333333333333 
0 0.517875 0.5645833333333333 0.016875 0.03625 
0 0.4126875 0.5621666666666667 0.012 0.03716666666666667 
0 0.404875 0.5728333333333333 0.01275 0.033 
0 0.45 0.5638333333333333 0.0208125 0.02275 
0 0.593125 0.5648333333333333 0.016 0.029666666666666668 
0 0.5719375 0.5665833333333333 0.02125 0.030333333333333334 
0 0.439 0.56975 0.015125 0.025083333333333332 
0 0.467125 0.5704166666666667 0.0149375 0.03833333333333333 
0 0.4290625 0.5733333333333334 0.0140625 0.028166666666666666 
0 0.361375 0.5768333333333333 0.026125 0.023 
0 0.415 0.57525 0.0155 0.035833333333333335 
0 0.419375 0.5908333333333333 0.0175625 0.03375 
0 0.403625 0.6178333333333333 0.01625 0.019666666666666666 
0 0.448375 0.5754166666666667 0.01625 0.037083333333333336 
0 0.497375 0.5771666666666667 0.0244375 0.018833333333333334 
0 0.540625 0.5815 0.01625 0.027333333333333334 
0 0.45775 0.5816666666666667 0.014375 0.0325 
0 0.483125 0.584 0.017 0.0285 
0 0.574875 0.5909166666666666 0.023 0.021916666666666668 
0 0.5565 0.59196 0.0216875 0.041539999999999966 
0 0.428125 0.5938333333333333 0.0216875 0.027666666666666666 
0 0.53075 0.594 0.02075 0.027 
0 0.394375 0.5968333333333333 0.0135 0.029666666666666668 
0 0.594375 0.5998333333333333 0.021 0.033666666666666664 
0 0.504125 0.6111666666666666 0.01725 0.03266666666666666 
0 0.514625 0.6181666666666666 0.01675 0.03133333333333333 
0 0.522625 0.6208333333333333 0.0185 0.031 
0 0.407875 0.6228333333333333 0.02725 0.023 
0 0.552125 0.6215 0.015125 0.03766666666666667 
0 0.584375 0.6241666666666666 0.0175 0.035666666666666666 
0 0.563625 0.6284166666666666 0.0231875 0.03175 
0 0.570125 0.6405833333333333 0.017875 0.035166666666666666 
0 0.353875 0.6341666666666667 0.0195 0.026 
0 0.43034500000000003 0.63475 0.01584249999999997 0.03325 
0 0.5445 0.6365 0.0126875 0.02725 
0 0.5253125 0.6444166666666666 0.0255625 0.0235 
0 0.527625 0.6638333333333334 0.015 0.03 
0 0.459625 0.6363333333333333 0.0200625 0.03716666666666667 
0 0.44427999999999995 0.6388333333333334 0.017065000000000056 0.036333333333333336 
0 0.4105 0.6389166666666667 0.0228125 0.028789999999999965 
0 0.498375 0.6398333333333334 0.01575 0.025 
0 0.523125 0.6408333333333334 0.0205 0.018 
0 0.5965625 0.64175 0.021342499999999973 0.028833333333333332 
0 0.468375 0.64225 0.0195 0.04025 
0 0.611875 0.6448333333333334 0.02625 0.016 
0 0.6331875 0.6558333333333334 0.015375 0.035083333333333334 
0 0.6179049999999999 0.6565833333333333 0.019970000000000026 0.027166666666666665 
0 0.398125 0.6433733333333332 0.0135 0.0413766666666667 
0 0.358125 0.64675 0.0213125 0.030123333333333297 
0 0.647375 0.6491666666666667 0.016 0.025 
0 0.379125 0.649 0.014875 0.0425 
0 0.477125 0.6503333333333333 0.0231875 0.033166666666666664 
0 0.472125 0.6817066666666667 0.0180625 0.03679333333333337 
0 0.5125625 0.6505 0.0176875 0.03375 
0 0.32797000000000004 0.6522933333333334 0.029092499999999973 0.019623333333333298 
0 0.41797 0.6546666666666666 0.012684999999999945 0.027166666666666665 
0 0.546375 0.6595 0.0238125 0.028 
0 0.55675 0.6571666666666667 0.021875 0.03166666666666667 
0 0.5774375 0.6595 0.0151875 0.03266666666666666 
0 0.329125 0.6608333333333334 0.031904999999999975 0.025666666666666667 
0 0.333885 0.67304 0.033375 0.01753666666666671 
0 0.429625 0.6619166666666667 0.01575 0.036333333333333336 
0 0.415125 0.6781666666666667 0.0175625 0.03258333333333333 
0 0.6565625 0.6638333333333334 0.0130625 0.025 
0 0.668125 0.6655 0.0155 0.030916666666666665 
0 0.3655 0.6619166666666667 0.019 0.03354333333333337 
0 0.485875 0.6625 0.02725 0.029666666666666668 
0 0.611125 0.6648333333333334 0.014 0.027 
0 0.6205 0.67125 0.018625 0.025083333333333332 
0 0.406625 0.66446 0.013625 0.038373333333333294 
0 0.681875 0.6668333333333333 0.01775 0.023333333333333334 
0 0.266855 0.6671566666666667 0.020625 0.03649999999999992 
0 0.5400625 0.6651666666666667 0.022375 0.02575 
0 0.386625 0.6702066666666666 0.01872000000000003 0.0195 
0 0.382125 0.6841666666666667 0.02297000000000003 0.024 
0 0.383875 0.6865 0.02625 0.028333333333333332 
0 0.4503125 0.6696666666666666 0.02375 0.0285 
0 0.437125 0.6731666666666667 0.02 0.022333333333333334 
0 0.434375 0.6945 0.013625 0.04158333333333333 
0 0.304125 0.6741666666666667 0.017 0.029 
0 0.643625 0.6730833333333334 0.018 0.029083333333333333 
0 0.59825 0.677 0.016 0.023 
0 0.694 0.6798333333333333 0.027625 0.024 
0 0.5080625 0.6760833333333334 0.033625 0.027666666666666666 
0 0.682375 0.6805 0.022375 0.023833333333333335 
0 0.488375 0.6786666666666666 0.0205625 0.03216666666666667 
0 0.474625 0.7029166666666666 0.0165 0.042916666666666665 
0 0.7125625 0.6960833333333334 0.0253125 0.021083333333333332 
0 0.684875 0.7008333333333333 0.01925 0.026 
0 0.672125 0.71904 0.0155 0.04904333333333337 
0 0.27426999999999996 0.6831666666666667 0.03302250000000004 0.023333333333333334 
0 0.534875 0.6978333333333333 0.0205 0.035083333333333334 
0 0.3454575 0.7205 0.018 0.040316666666666605 
0 0.335125 0.7218333333333333 0.013 0.03966666666666667 
0 0.4470625 0.6865 0.02825 0.028666666666666667 
0 0.6635 0.6873333333333334 0.0265625 0.03025 
0 0.655875 0.6885833333333333 0.02775 0.03191666666666667 
0 0.364125 0.6895 0.019595000000000026 0.029333333333333333 
0 0.5052225 0.69095 0.028902499999999973 0.020883333333333365 
0 0.604375 0.6908333333333333 0.0231875 0.022333333333333334 
0 0.6133125 0.7011666666666667 0.0130625 0.0295 
0 0.28854250000000004 0.6941333333333334 0.0163125 0.027203333333333374 
0 0.33164499999999997 0.6939866666666666 0.020875 0.018410000000000006 
0 0.440375 0.6934166666666667 0.01325 0.01475 
0 0.5895 0.6951666666666667 0.026625 0.031 
0 0.41875 0.7025 0.0178125 0.044083333333333335 
0 0.4087925 0.7058333333333333 0.016332499999999982 0.04425 
0 0.624 0.6988333333333333 0.016125 0.03991666666666667 
0 0.637125 0.7005 0.0145 0.036333333333333336 
0 0.55747 0.6975 0.014904999999999972 0.0338733333333333 
0 0.5715950000000001 0.6998333333333333 0.026967499999999974 0.018083333333333333 
0 0.651375 0.6990833333333333 0.0281875 0.029083333333333333 
0 0.656625 0.711 0.0183125 0.042583333333333334 
0 0.462 0.713 0.024375 0.04758333333333333 
0 0.461875 0.744 0.0215 0.06583333333333333 
0 0.5120625 0.6991666666666667 0.0209375 0.04016666666666667 
0 0.3038325 0.7016733333333334 0.0249375 0.025583333333333333 
0 0.386625 0.7026666666666667 0.031875 0.02980666666666669 
0 0.4901875 0.7021666666666667 0.0225 0.027583333333333335 
0 0.3714175 0.7043133333333333 0.017375 0.038989999999999934 
0 0.529125 0.7075 0.01625 0.029333333333333333 
0 0.510625 0.7334166666666667 0.0315 0.029416666666666667 
0 0.53025 0.7411666666666666 0.017875 0.04833333333333333 
0 0.521375 0.74575 0.0204375 0.0525 
0 0.500875 0.7508333333333334 0.015 0.0585 
0 0.304375 0.7168133333333333 0.024832499999999983 0.02124333333333334 
0 0.286375 0.7193966666666667 0.020957499999999983 0.03843666666666665 
0 0.198375 0.7101900000000001 0.03455250000000001 0.03164333333333328 
0 0.21420750000000002 0.7120233333333333 0.0275 0.03714333333333328 
0 0.6395625 0.71 0.0205625 0.04716666666666667 
0 0.25202 0.7138333333333333 0.02735499999999999 0.033666666666666664 
0 0.22707249999999998 0.7130500000000001 0.0291875 0.036993333333333336 
0 0.509 0.7161666666666666 0.013125 0.03275 
0 0.361625 0.7134566666666666 0.02057249999999999 0.03704333333333337 
0 0.363125 0.7421666666666666 0.01975 0.04633333333333333 
0 0.38079250000000003 0.7166633333333332 0.02796749999999997 0.05057333333333342 
0 0.386875 0.7278333333333333 0.023 0.04475 
0 0.68425 0.72 0.024375 0.03783333333333333 
0 0.6984375 0.7238333333333333 0.022125 0.04066666666666666 
0 0.26976 0.7211866666666666 0.01844749999999999 0.031646666666666684 
0 0.715625 0.7245 0.02375 0.042 
0 0.237125 0.7268333333333333 0.02082249999999999 0.03133333333333333 
0 0.3176675 0.7278333333333333 0.01795749999999998 0.039673333333333324 
0 0.612375 0.7281666666666666 0.03175 0.032 
0 0.541125 0.7285 0.022279999999999973 0.019539999999999964 
0 0.5626875 0.72796 0.013967499999999973 0.011 
0 0.547125 0.7371666666666666 0.01525 0.05241666666666667 
0 0.5541875 0.7595833333333334 0.0179375 0.04791666666666667 
0 0.59425 0.7291666666666666 0.026 0.035833333333333335 
0 0.728625 0.7295 0.02525 0.036333333333333336 
0 0.3010825 0.73056 0.022625 0.027326666666666673 
0 0.56953 0.7367933333333334 0.029595000000000028 0.05303999999999996 
0 0.424 0.7351666666666666 0.018875 0.03716666666666667 
0 0.756375 0.7348333333333333 0.02425 0.035333333333333335 
0 0.44825 0.7328333333333333 0.0185 0.057 
0 0.5583125 0.7375833333333334 0.0226875 0.04791666666666667 
0 0.338375 0.7458333333333333 0.02473000000000002 0.04432000000000001 
0 0.4168125 0.7495 0.0183125 0.056 
0 0.3951875 0.7475 0.022 0.04516666666666667 
0 0.432625 0.7555 0.0175 0.04566666666666667 
0 0.4859375 0.7555 0.0156875 0.04683333333333333 
0 0.578875 0.7605 0.0175 0.051666666666666666 
0 0.629125 0.7598333333333334 0.01775 0.0305 
0 0.5136875 0.7610833333333333 0.0244375 0.05875 
0 0.606375 0.7618333333333334 0.02425 0.021 
0 0.30626 0.7625 0.037375 0.027666666666666666 
0 0.598125 0.7641666666666667 0.0165 0.046 
0 0.346375 0.7615 0.020644999999999983 0.04766666666666667 
0 0.441125 0.7661666666666667 0.017875 0.052 
0 0.380875 0.7671666666666667 0.01825 0.051333333333333335 
0 0.469875 0.7696266666666667 0.0254375 0.06120666666666663 
0 0.449875 0.8146666666666667 0.0325 0.027166666666666665 
0 0.606125 0.7751666666666667 0.027 0.04766666666666667 
0 0.177875 0.7808333333333334 0.021 0.04 
0 0.507625 0.779 0.023375 0.06066666666666667 
0 0.3968325 0.7845 0.025542500000000017 0.029666666666666668 
0 0.365375 0.7858333333333334 0.02125 0.048 
0 0.758875 0.7921666666666667 0.02525 0.057 
0 0.6505625 0.7951666666666667 0.017125 0.04858333333333333 
0 0.629875 0.7965 0.023 0.062 
0 0.667875 0.8061666666666667 0.0215 0.054 
0 0.478875 0.8095 0.035 0.06266666666666666 
0 0.331875 0.8135 0.03695749999999998 0.027390000000000025 
0 0.341875 0.82845 0.022167500000000017 0.06338333333333336 
0 0.74025 0.9505 0.043 0.051166666666666666 
0 0.800875 0.9718333333333333 0.03175 0.028166666666666666 
0 0.188375 0.9728333333333333 0.02729249999999999 0.027123333333333298 
0 0.2605425 0.9783333333333334 0.023832499999999982 0.021123333333333296 
0 0.24252 0.70537 0.02999999999999997 0.025160000000000005 
0 0.27641750000000004 0.7094400000000001 0.021404999999999973 0.0336566666666666 
0 0.332135 0.70862 0.0245625 0.01886999999999989 
0 0.3250725 0.6865366666666667 0.04075 0.01782666666666667 
0 0.35254250000000004 0.6863299999999999 0.018967499999999974 0.03582666666666667 
0 0.31601999999999997 0.6819933333333333 0.020875 0.0411566666666666 
0 0.4844375 0.715 0.0145 0.05 
0 0.444875 0.69875 0.0280625 0.041166666666666664 
0 0.494375 0.71575 0.0171875 0.04841666666666666 
0 0.442375 0.7145833333333333 0.0125 0.04066666666666666 
0 0.5410625 0.6934166666666667 0.0198125 0.036333333333333336 
0 0.542 0.6835833333333333 0.0245625 0.030833333333333334 
0 0.567 0.70725 0.023125 0.025 
0 0.5853125 0.7153333333333334 0.0298125 0.02666666666666667 
0 0.574 0.731 0.0213125 0.0125 
0 0.5844375 0.7398333333333333 0.0213125 0.025333333333333333 
0 0.56025 0.6865833333333333 0.02975 0.016166666666666666 
0 0.58625 0.6685833333333333 0.017625 0.028583333333333332 
0 0.5906875 0.65675 0.02025 0.0235 
0 0.6256875 0.6883333333333334 0.017375 0.018416666666666668 
0 0.6360625 0.691 0.00725 0.015083333333333334 
0 0.6971875 0.7000833333333333 0.0176875 0.023916666666666666 
0 0.7138125 0.68025 0.0224375 0.027916666666666666 
0 0.7374375 0.6955 0.0224375 0.03816666666666667 
0 0.7413125 0.6919166666666666 0.02825 0.038 
0 0.713875 0.7158333333333333 0.022125 0.015166666666666667 
0 0.73375 0.715 0.02775 0.0435 
0 0.431625 0.5685 0.01175 0.012416666666666666 
0 0.394625 0.535 0.018375 0.018916666666666665 
0 0.423375 0.5415 0.0093125 0.017833333333333333 
0 0.4304375 0.5566666666666666 0.03925 0.01525 
0 0.51075 0.5349166666666667 0.0271875 0.0155 
0 0.4990625 0.5544166666666667 0.02675 0.023083333333333334 
0 0.5098125 0.54825 0.0239375 0.008 
0 0.5335625 0.55325 0.0164375 0.01875 
0 0.549625 0.53475 0.0164375 0.01625 
0 0.547625 0.5490833333333334 0.0125 0.03333333333333333 
0 0.5568125 0.5490833333333334 0.008625 0.0295 
0 0.5614375 0.53175 0.0128125 0.0155 
0 0.5651875 0.52275 0.02225 0.01825 
0 0.5733125 0.5375 0.0218125 0.030666666666666665 
0 0.5696875 0.5416666666666666 0.0156875 0.029166666666666667 
0 0.5825 0.5324166666666666 0.017125 0.018083333333333333 
0 0.600155 0.53575 0.010157500000000028 0.0165 
