0 0.391812865497076 0.4934210526315789 0.013157894736842105 0.01699561403508772 
0 0.3347953216374269 0.3286732456140351 0.012792397660818713 0.03070175438596491 
0 0.333516081871345 0.39555921052631576 0.02540204678362573 0.030153508771929825 
0 0.7242324561403509 0.4185855263157895 0.02320906432748538 0.03042763157894737 
0 0.7269736842105263 0.20860745614035087 0.010051169590643274 0.02768640350877193 
0 0.5347222222222222 0.40515350877192985 0.024853801169590642 0.030975877192982455 
0 0.7967836257309941 0.18393640350877194 0.012792397660818713 0.027412280701754384 
0 0.7931286549707602 0.23081140350877194 0.012792397660818713 0.02987938596491228 
0 0.28965643274853803 0.27823464912280704 0.019554093567251463 0.033717105263157895 
0 0.764985380116959 0.4133771929824561 0.021929824561403508 0.033168859649122806 
0 0.6083698830409356 0.19501644736842105 0.014431652046783589 0.019073464912280715 
0 0.7596856725146199 0.2831688596491228 0.017726608187134504 0.02412280701754386 
0 0.7487207602339181 0.3637609649122807 0.01516812865497076 0.0268640350877193 
0 0.45705409356725146 0.19051535087719298 0.012792397660818713 0.02275219298245614 
0 0.20339912280701755 0.41694078947368424 0.0222953216374269 0.03700657894736842 
0 0.6734283625730995 0.39747807017543857 0.021198830409356724 0.034265350877192985 
0 0.4133771929824561 0.20860745614035087 0.01864035087719298 0.023574561403508772 
0 0.6372441520467836 0.19791666666666666 0.01206140350877193 0.026589912280701754 
0 0.7302631578947368 0.23547149122807018 0.02412280701754386 0.02850877192982456 
0 0.4281798245614035 0.19462719298245615 0.01516812865497076 0.021929824561403508 
0 0.6597222222222222 0.40350877192982454 0.01516812865497076 0.038651315789473686 
0 0.6407163742690059 0.3930921052631579 0.017178362573099414 0.03728070175438596 
0 0.7503654970760234 0.30701754385964913 0.012244152046783625 0.03125 
0 0.6374269005847953 0.27055921052631576 0.021198830409356724 0.03070175438596491 
0 0.7744883040935673 0.23300438596491227 0.014802631578947368 0.02768640350877193 
0 0.5155336257309941 0.35635964912280704 0.026133040935672515 0.023300438596491228 
0 0.8892543859649122 0.5309758771929824 0.021747076023391813 0.01836622807017544 
0 0.7066885964912281 0.22341008771929824 0.02010233918128655 0.020285087719298246 
0 0.1112938596491228 0.33086622807017546 0.029788011695906433 0.021107456140350877 
0 0.8369883040935673 0.37719298245614036 0.020285087719298246 0.021929824561403508 
0 0.47167397660818716 0.27905701754385964 0.011878654970760233 0.03481359649122807 
0 0.40917397660818716 0.3862390350877193 0.019005847953216373 0.03399122807017544 
0 0.2054093567251462 0.3355263157894737 0.0268640350877193 0.01644736842105263 
0 0.6014254385964912 0.3588267543859649 0.01608187134502924 0.02823464912280702 
0 0.622624269005848 0.38103070175438597 0.017726608187134504 0.042214912280701754 
0 0.19024122807017543 0.3218201754385965 0.018092105263157895 0.017269736842105265 
0 0.44431834795321634 0.22450657894736842 0.01748720760233919 0.0293640350877193 
0 0.7629751461988304 0.3229166666666667 0.017543859649122806 0.024671052631578948 
0 0.49886513157894735 0.4057017543859649 0.02416118421052632 0.0358168859649123 
0 0.8267543859649122 0.20093201754385964 0.019736842105263157 0.021929824561403508 
0 0.45339912280701755 0.2889254385964912 0.011330409356725146 0.024945175438596492 
0 0.37755847953216376 0.17790570175438597 0.014071637426900584 0.01343201754385965 
0 0.061769005847953216 0.3569078947368421 0.02503654970760234 0.04111842105263158 
0 0.7171052631578947 0.4199561403508772 0.01516812865497076 0.0268640350877193 
0 0.3614766081871345 0.19298245614035087 0.008589181286549707 0.01699561403508772 
0 0.7059576023391813 0.20723684210526316 0.01663011695906433 0.020285087719298246 
0 0.585343567251462 0.44435307017543857 0.02412280701754386 0.029605263157894735 
0 0.6228070175438597 0.20668859649122806 0.01206140350877193 0.026041666666666668 
0 0.6304824561403509 0.20230263157894737 0.0133406432748538 0.029605263157894735 
0 0.6019736842105263 0.21792763157894737 0.012792397660818713 0.02631578947368421 
0 0.4607090643274854 0.23684210526315788 0.026498538011695907 0.0200109649122807 
0 0.4722222222222222 0.3503289473684211 0.028143274853801168 0.020285087719298246 
0 0.7752192982456141 0.20476973684210525 0.019371345029239765 0.022478070175438597 
0 0.8053728070175439 0.2080592105263158 0.023753654970760155 0.018914473684210526 
0 0.7368421052631579 0.3588267543859649 0.01864035087719298 0.02850877192982456 
0 0.5513523391812866 0.24561403508771928 0.019371345029239765 0.019462719298245616 
0 0.28654970760233917 0.34265350877192985 0.015716374269005847 0.023848684210526317 
0 0.5557383040935673 0.19078947368421054 0.019371345029239765 0.023026315789473683 
0 0.31359649122807015 0.3067434210526316 0.014437134502923976 0.030975877192982455 
0 0.7701023391812866 0.37417763157894735 0.013157894736842105 0.02850877192982456 
0 0.7076023391812866 0.3218201754385965 0.0133406432748538 0.02275219298245614 
0 0.5188230994152047 0.26260964912280704 0.02046783625730994 0.016721491228070175 
0 0.5402046783625731 0.17434210526315788 0.009685672514619883 0.024945175438596492 
0 0.5677997076023392 0.32346491228070173 0.01827485380116959 0.015076754385964912 
0 0.3254751461988304 0.29331140350877194 0.02046783625730994 0.009868421052631578 
0 0.3919956140350877 0.20942982456140352 0.016812865497076022 0.018092105263157895 
0 0.46619152046783624 0.4067982456140351 0.017178362573099414 0.0424890350877193 
0 0.1388888888888889 0.40021929824561403 0.02448830409356725 0.02549342105263158 
0 0.7536549707602339 0.5614035087719298 0.027960526315789474 0.022203947368421052 
0 0.7035818713450293 0.3456688596491228 0.018092105263157895 0.02275219298245614 
0 0.5679824561403509 0.3072916666666667 0.025219298245614034 0.018914473684210526 
0 0.6118421052631579 0.21408991228070176 0.012792397660818713 0.027960526315789474 
0 0.5822368421052632 0.3286732456140351 0.011695906432748537 0.0268640350877193 
0 0.6794590643274854 0.23711622807017543 0.01425438596491228 0.02850877192982456 
0 0.3134137426900585 0.3892543859649123 0.017178362573099414 0.034265350877192985 
0 0.527046783625731 0.17297149122807018 0.01425438596491228 0.018092105263157895 
0 0.7344663742690059 0.26343201754385964 0.01663011695906433 0.02850877192982456 
0 0.4102704678362573 0.18146929824561403 0.00804093567251462 0.018914473684210526 
0 0.7828947368421053 0.3832236842105263 0.027595029239766082 0.026041666666666668 
0 0.6480263157894737 0.36348684210526316 0.0222953216374269 0.02850877192982456 
0 0.3527046783625731 0.33031798245614036 0.013706140350877192 0.028782894736842105 
0 0.8265716374269005 0.5178179824561403 0.01918859649122807 0.019462719298245616 
0 0.15332602339181287 0.3944627192982456 0.027595029239766082 0.024671052631578948 
0 0.7858187134502924 0.34731359649122806 0.02101608187134503 0.01864035087719298 
0 0.3485014619883041 0.18421052631578946 0.015716374269005847 0.021655701754385966 
0 0.4928728070175439 0.2963267543859649 0.01114766081871345 0.02987938596491228 
0 0.32474415204678364 0.26452850877192985 0.01206140350877193 0.027960526315789474 
0 0.7403143274853801 0.19682017543859648 0.0222953216374269 0.02055921052631579 
0 0.762609649122807 0.22012061403508773 0.011695906432748537 0.027960526315789474 
0 0.7293731725146199 0.1709703947368421 0.016812865497076022 0.023155153508771908 
0 0.3654970760233918 0.22971491228070176 0.02320906432748538 0.015899122807017545 
0 0.19389619883040934 0.3873355263157895 0.021198830409356724 0.030153508771929825 
0 0.4864766081871345 0.20230263157894737 0.021564327485380116 0.017269736842105265 
0 0.4607090643274854 0.21929824561403508 0.028143274853801168 0.016140350877192983 
0 0.5422149122807017 0.16529605263157895 0.018457602339181287 0.019462719298245616 
0 0.46326754385964913 0.28399122807017546 0.009502923976608187 0.029331140350877194 
0 0.7379385964912281 0.16365131578947367 0.02101608187134503 0.01425438596491228 
0 0.22624269005847952 0.3930921052631579 0.017178362573099414 0.03262061403508772 
0 0.4269005847953216 0.29276315789473684 0.024853801169590642 0.022478070175438597 
0 0.3846856725146199 0.15323464912280702 0.019919590643274854 0.01069078947368421 
0 0.5847953216374269 0.31798245614035087 0.019736842105263157 0.017543859649122806 
0 0.37792397660818716 0.16173245614035087 0.013706140350877192 0.01644736842105263 
0 0.1823830409356725 0.2905701754385965 0.013523391812865496 0.014528508771929825 
0 0.23464912280701755 0.2513706140350877 0.015350877192982455 0.02055921052631579 
0 0.5445906432748538 0.15570175438596492 0.015716374269005847 0.015899122807017545 
0 0.3026315789473684 0.2050438596491228 0.012609649122807017 0.021107456140350877 
0 0.40442251461988304 0.7456140350877193 0.02010233918128655 0.04468201754385965 
0 0.2679093567251462 0.2584978070175439 0.011330409356725146 0.025767543859649123 
0 0.34375 0.20367324561403508 0.025219298245614034 0.01206140350877193 
0 0.6847587719298246 0.20751096491228072 0.025767543859649123 0.017269736842105265 
0 0.7752192982456141 0.1855811403508772 0.020833333333333332 0.01699561403508772 
0 0.6774488304093568 0.5386513157894737 0.031067251461988302 0.023300438596491228 
0 0.26206140350877194 0.3887061403508772 0.015716374269005847 0.03508771929824561 
0 0.3680555555555556 0.18585526315789475 0.011878654970760233 0.021107456140350877 
0 0.3682383040935672 0.19873903508771928 0.020650584795321638 0.02138157894736842 
0 0.20888157894736842 0.3651315789473684 0.030884502923976608 0.01864035087719298 
0 0.6895102339181286 0.15350877192982457 0.012099780701754393 0.020773026315789467 
0 0.7054093567251462 0.27576754385964913 0.029239766081871343 0.013980263157894737 
0 0.03764619883040936 0.3939144736842105 0.026133040935672515 0.023026315789473683 
0 0.3795687134502924 0.36156798245614036 0.01918859649122807 0.034265350877192985 
0 0.33132309941520466 0.18421052631578946 0.012792397660818713 0.01918859649122807 
0 0.7088815789473685 0.19462719298245615 0.0266812865497076 0.01425438596491228 
0 0.18439327485380116 0.36239035087719296 0.01918859649122807 0.031524122807017545 
0 0.5683479532163743 0.1913377192982456 0.013243786549707566 0.02206414473684211 
0 0.33826754385964913 0.3763706140350877 0.03490497076023392 0.015899122807017545 
0 0.3346125730994152 0.36101973684210525 0.03326023391812866 0.017543859649122806 
0 0.2706505847953216 0.39281798245614036 0.023391812865497075 0.023848684210526317 
0 0.21564327485380116 0.39555921052631576 0.015899122807017545 0.03344298245614035 
0 0.7174707602339181 0.37225877192982454 0.015899122807017545 0.021107456140350877 
0 0.6253654970760234 0.3256578947368421 0.02448830409356725 0.011787280701754386 
0 0.643640350877193 0.17927631578947367 0.01699561403508772 0.01699561403508772 
0 0.7631578947368421 0.20860745614035087 0.015350877192982455 0.017269736842105265 
0 0.1599049707602339 0.5074013157894737 0.02046783625730994 0.017543859649122806 
0 0.6472953216374269 0.41173245614035087 0.01516812865497076 0.03673245614035088 
0 0.31048976608187134 0.34210526315789475 0.011330409356725146 0.023300438596491228 
0 0.6217105263157895 0.49917763157894735 0.02412280701754386 0.02412280701754386 
0 0.16885964912280702 0.3374451754385965 0.033808479532163746 0.015625 
0 0.3512426900584795 0.3911732456140351 0.018457602339181287 0.02987938596491228 
0 0.18676900584795322 0.39172149122807015 0.015899122807017545 0.03399122807017544 
0 0.13538194444444443 0.3221162280701754 0.01663011695906433 0.02959703947368422 
0 0.14872258771929825 0.3141694078947368 0.018457602339181287 0.03425438596491229 
0 0.14872258771929825 0.3053974780701754 0.021929824561403508 0.01726699561403509 
0 0.1605098684210526 0.30663103070175435 0.015807748538011698 0.02959703947368422 
0 0.17449013157894736 0.30580866228070175 0.022112573099415205 0.01891173245614035 
0 0.18719115497076022 0.3029331140350877 0.0200109649122807 0.0158936403508772 
0 0.20327302631578947 0.2643832236842105 0.015990497076023392 0.02685581140350878 
0 0.21542580409356724 0.2689035087719298 0.019917763157894737 0.02672149122807018 
0 0.20491776315789473 0.28274396929824563 0.02028326023391813 0.018497807017543864 
0 0.19568896198830407 0.28658168859649125 0.01516812865497076 0.021373355263157902 
0 0.20126279239766082 0.29699561403508773 0.0328015350877193 0.015756578947368427 
0 0.20628837719298246 0.30302357456140355 0.028872441520467838 0.013429276315789477 
0 0.23698830409356725 0.26219024122807016 0.021929824561403508 0.029322916666666674 
0 0.2559941520467836 0.2656167763157895 0.01471125730994152 0.04124451754385966 
0 0.2765533625730994 0.2601343201754386 0.00932017543859649 0.018223684210526322 
0 0.2853252923976608 0.24629385964912281 0.013980263157894737 0.03137883771929825 
0 0.2921783625730994 0.25698190789473685 0.01425438596491228 0.026036184210526322 
0 0.30369152046783626 0.24917214912280702 0.01425438596491228 0.02959703947368422 
0 0.31343750000000004 0.2468421052631579 0.01964546783625731 0.03192708333333334 
0 0.3287883771929825 0.2483497807017544 0.013888888888888888 0.020690789473684214 
0 0.3409411549707603 0.24725328947368422 0.012335526315789474 0.02535087719298246 
0 0.33545869883040935 0.2667105263157895 0.01206140350877193 0.03014802631578948 
0 0.3468804824561404 0.2719188596491228 0.015716374269005847 0.029185855263157902 
0 0.31170138888888893 0.2749342105263158 0.014802631578947368 0.0282264254385965 
0 0.2740570175438597 0.277124451754386 0.01635416666666667 0.028366228070175442 
0 0.2940661549707603 0.29219846491228074 0.02010233918128655 0.02973410087719299 
0 0.2693969298245614 0.3028865131578948 0.023298611111111114 0.010276864035087721 
0 0.24088815789473686 0.3016529605263158 0.02805190058479532 0.01671600877192983 
0 0.26976242690058483 0.310422149122807 0.030243055555555558 0.014251644736842107 
0 0.25879751461988304 0.3120668859649123 0.027869152046783627 0.016033442982456143 
0 0.303843201754386 0.30192708333333335 0.015625 0.02535087719298246 
0 0.22983187134502925 0.30822916666666667 0.016355994152046784 0.028640350877192987 
0 0.21210526315789477 0.31288925438596493 0.02266081871345029 0.017949561403508778 
0 0.1784484649122807 0.3165433114035088 0.033625730994152045 0.01370339912280702 
0 0.16446820175438598 0.3273684210526316 0.02942251461988304 0.017127192982456144 
0 0.20439875730994153 0.3157209429824561 0.014437134502923976 0.024391447368421058 
0 0.2397605994152047 0.3162691885964912 0.022203947368421052 0.020005482456140356 
0 0.20951571637426902 0.3246271929824561 0.029970760233918127 0.013840460526315792 
0 0.2279733187134503 0.3336705043859649 0.023300438596491228 0.026036184210526322 
0 0.2413139619883041 0.33449287280701756 0.012701023391812866 0.022061403508771935 
0 0.25590277777777776 0.32120339912280704 0.014345760233918129 0.013563596491228075 
0 0.266593567251462 0.32147752192982454 0.016355994152046784 0.022881030701754394 
0 0.25142543859649125 0.3316173245614035 0.015350877192982455 0.042338267543859665 
0 0.2386330409356725 0.3427138157894737 0.017178362573099414 0.040699013157894745 
0 0.27847222222222223 0.32298245614035087 0.01800073099415205 0.01932291666666667 
0 0.270796783625731 0.3376452850877193 0.012701023391812866 0.023020833333333338 
0 0.2630482456140351 0.34035635964912275 0.011924342105263159 0.025279605263157902 
0 0.2809119152046784 0.3306962719298246 0.015899122807017545 0.03055646929824556 
0 0.29571089181286553 0.3258689692982456 0.019371345029239765 0.017812500000000005 
0 0.30073647660818714 0.33696820175438597 0.01644736842105263 0.008632127192982458 
0 0.3213870614035088 0.3116173245614035 0.03033625730994152 0.02151315789473685 
0 0.3210215643274854 0.29736842105263156 0.023940058479532164 0.01890899122807018 
0 0.3466977339181287 0.307234100877193 0.01836622807017544 0.02110197368421053 
0 0.3158132309941521 0.33367872807017546 0.019097222222222224 0.022198464912280707 
0 0.31955957602339186 0.32819901315789474 0.020285087719298246 0.011644736842105268 
0 0.3272350146198831 0.3254577850877193 0.01653874269005848 0.0049314692982456165 
0 0.34340826023391813 0.32970394736842107 0.010051169590643274 0.029051535087719304 
0 0.3438541666666666 0.32459978070175444 0.01411732456140351 0.007672697368421055 
0 0.3578344298245614 0.3268612938596491 0.015394736842105265 0.019320175438596435 
0 0.31617872807017544 0.3399808114035088 0.015807748538011698 0.029322916666666674 
0 0.2983625730994152 0.3438185307017544 0.023572733918128655 0.03247532894736843 
0 0.28694078947368423 0.36272752192982455 0.0261312134502924 0.023843201754385968 
0 0.315264985380117 0.3669764254385965 0.01251827485380117 0.022061403508771935 
0 0.32577302631578947 0.37971765350877196 0.010964912280701754 0.02891447368421053 
0 0.25310124269005846 0.3753344298245614 0.0222953216374269 0.01753837719298246 
0 0.2734777046783626 0.35984923245614037 0.019554093567251463 0.03425712719298246 
0 0.2825237573099415 0.40095668859649125 0.01516812865497076 0.027132675438596498 
0 0.29202668128654974 0.39287280701754385 0.020376461988304093 0.03247532894736843 
0 0.29933662280701756 0.3853371710526316 0.019554093567251463 0.0326123903508772 
0 0.3674707602339181 0.24895285087719296 0.020285087719298288 0.02754111842105264 
0 0.4004568713450293 0.2385389254385965 0.014345760233918129 0.027952302631578923 
0 0.4098684210526316 0.25895559210526314 0.013249269005847953 0.021239035087719304 
0 0.4125182748538012 0.26635416666666667 0.01644736842105263 0.022061403508771966 
0 0.38930921052631584 0.27115131578947366 0.01343201754385965 0.030967653508771967 
0 0.36491228070175435 0.27539747807017545 0.01964546783625735 0.033023574561403486 
0 0.3643640350877193 0.28553728070175444 0.023940058479532206 0.031652960526315735 
0 0.4017361111111111 0.2766310307017544 0.02101608187134503 0.03740679824561401 
0 0.4193713450292398 0.2730674342105263 0.018731725146198832 0.03480537280701752 
0 0.42960526315789477 0.2789610745614035 0.014528508771929825 0.02014254385964916 
0 0.4365497076023392 0.2681359649122807 0.013157894736842105 0.023569078947368458 
0 0.36491228070175435 0.3228097587719298 0.015168128654970801 0.01877192982456141 
0 0.371796418128655 0.31837719298245615 0.020285087719298205 0.026036184210526322 
0 0.380751096491228 0.31947368421052635 0.014619883040935672 0.020416666666666673 
0 0.39180738304093565 0.31755482456140355 0.011787280701754386 0.0237061403508772 
0 0.38952302631578944 0.3096080043859649 0.025034722222222264 0.01589638157894737 
0 0.3982949561403508 0.32413377192982457 0.01279057017543864 0.022746710526315793 
0 0.3642123538011696 0.33701480263157896 0.01864035087719294 0.020416666666666673 
0 0.3636641081871345 0.3404385964912281 0.0271381578947368 0.02754385964912281 
0 0.38513706140350873 0.3397532894736842 0.013066520467836257 0.01890899122807018 
0 0.39665021929824557 0.3403015350877193 0.01151133040935677 0.02110197368421053 
0 0.3965588450292397 0.3552384868421053 0.015349049707602383 0.03448464912280701 
0 0.3846491228070176 0.3834183114035088 0.025219298245614034 0.019868421052631584 
0 0.41224415204678366 0.3491639254385965 0.014071637426900584 0.030145285087719305 
0 0.4086805555555556 0.31860745614035085 0.01781798245614035 0.011236293859649126 
0 0.4138888888888889 0.30394462719298243 0.01663011695906433 0.02110197368421053 
0 0.42887426900584796 0.32024945175438596 0.012975146198830409 0.02740679824561404 
0 0.4105994152046784 0.3232648026315789 0.02055921052631579 0.017949561403508778 
0 0.40557383040935674 0.3354605263157895 0.030062134502923978 0.01808662280701755 
0 0.42457967836257315 0.34272203947368424 0.01745248538011696 0.03192708333333334 
0 0.43426535087719303 0.34587445175438597 0.014071637426900584 0.02247258771929825 
0 0.45278326023391813 0.245890899122807 0.012244152046783625 0.023843201754385968 
0 0.45927083333333335 0.2539747807017544 0.01023391812865497 0.025076754385964916 
0 0.4686823830409357 0.25671600877192985 0.0245796783625731 0.026310307017543864 
0 0.4437372076023392 0.2672669956140351 0.027046783625730993 0.02151315789473685 
0 0.4489455409356725 0.27918859649122807 0.016904239766081873 0.012332785087719301 
0 0.48083516081871347 0.2794627192982456 0.015350877192982455 0.022609649122807024 
0 0.4927138157894737 0.2611019736842105 0.0133406432748538 0.025759320175438603 
0 0.501577119883041 0.2731606359649123 0.01745248538011696 0.04192982456140352 
0 0.42920869883040935 0.299468201754386 0.026224415204678362 0.02315789473684211 
0 0.43944261695906434 0.31056743421052635 0.015807748538011698 0.027815241228070182 
0 0.4465698099415205 0.3115268640350877 0.022112573099415205 0.015619517543859655 
0 0.46383954678362577 0.3128974780701754 0.013980263157894737 0.009180372807017546 
0 0.4427320906432749 0.3198848684210526 0.027503654970760235 0.018223684210526322 
0 0.4690478801169591 0.3128974780701754 0.0222953216374269 0.015071271929824567 
0 0.48083516081871347 0.2949479166666667 0.014619883040935672 0.030008223684210533 
0 0.5037701023391813 0.3020723684210526 0.015076754385964912 0.02233552631578948 
0 0.5064199561403508 0.2652110745614035 0.010964912280701754 0.02521381578947369 
0 0.4437061403508772 0.3303892543859649 0.02403143274853801 0.019597039473684214 
0 0.4741337719298246 0.3206606359649123 0.02055921052631579 0.023432017543859655 
0 0.4554020467836257 0.33052631578947367 0.02421418128654971 0.020419407894736844 
0 0.4387719298245614 0.33957236842105265 0.01644736842105263 0.015619517543859655 
0 0.48857090643274853 0.3240871710526316 0.010416666666666666 0.027815241228070182 
0 0.49752558479532166 0.32162006578947366 0.031980994152046784 0.014799890350877195 
0 0.49624634502923975 0.3316228070175439 0.03289473684210526 0.015622258771929827 
0 0.4961549707602339 0.3392982456140351 0.023483187134502925 0.023703399122807025 
0 0.5184502923976608 0.3354605263157895 0.012609649122807017 0.021376096491228076 
0 0.5286842105263158 0.3273766447368421 0.015533625730994151 0.030556469298245622 
0 0.5002668128654971 0.3464226973684211 0.02412280701754386 0.023294956140350882 
0 0.4847331871345029 0.3451891447368421 0.01663011695906433 0.019457236842105267 
0 0.4760526315789474 0.3328563596491228 0.015259502923976608 0.018497807017543864 
0 0.46307748538011695 0.3392982456140351 0.011878654970760233 0.029322916666666674 
0 0.45805190058479534 0.3475191885964912 0.009228801169590644 0.024662828947368428 
0 0.44105628654970763 0.3469709429824561 0.021929824561403508 0.038640350877192996 
0 0.4541228070175439 0.3751973684210526 0.012701023391812866 0.028637609649122816 
0 0.4423355263157895 0.3828700657894737 0.019828216374269007 0.026447368421052636 
0 0.49502741228070174 0.3712253289473684 0.03216374269005848 0.015756578947368427 
0 0.5109265350877193 0.3878042763157895 0.029970760233918127 0.018497807017543864 
0 0.519515716374269 0.4015076754385965 0.025127923976608187 0.01973135964912281 
0 0.521343201754386 0.4098656798245614 0.015899122807017545 0.025896381578947376 
0 0.4800420321637427 0.3971217105263158 0.028691520467836257 0.025076754385964916 
0 0.5236896929824562 0.284577850877193 0.014619883040935672 0.0219243421052631 
0 0.5268877923976608 0.3054057017543859 0.019004020467836218 0.02110197368421053 
0 0.5178417397660819 0.3078728070175438 0.027867324561403468 0.02699287280701755 
0 0.5307858187134503 0.2627905701754386 0.017269736842105265 0.023980263157894772 
0 0.5459539473684211 0.25744791666666667 0.015990497076023392 0.03137883771929829 
0 0.5513450292397661 0.2790981359649123 0.014894005847953216 0.033843201754385946 
0 0.5630409356725147 0.2649835526315789 0.01745248538011696 0.03822916666666665 
0 0.576016081871345 0.257859100877193 0.018731725146198832 0.03137883771929829 
0 0.5846052631578947 0.23716831140350877 0.012335526315789474 0.027678179824561378 
0 0.5656907894736842 0.23031524122807018 0.011878654970760233 0.02973684210526313 
0 0.600047514619883 0.2394983552631579 0.014526681286549667 0.030282346491228046 
0 0.5990423976608187 0.26443530701754386 0.01891264619883037 0.031515899122807056 
0 0.5881688596491228 0.2790981359649123 0.013706140350877192 0.0290487938596491 
0 0.5989510233918128 0.2864967105263158 0.014528508771929825 0.02795230263157889 
0 0.5726352339181286 0.28677083333333336 0.017909356725146198 0.022198464912280644 
0 0.5588377192982457 0.29855537280701755 0.019828216374269007 0.026170504385964858 
0 0.5427558479532164 0.29526589912280704 0.01663011695906433 0.020690789473684152 
0 0.5444919590643275 0.30705043859649117 0.013523391812865496 0.028500548245614044 
0 0.5536293859649123 0.32102796052631577 0.023117690058479533 0.02110197368421053 
0 0.5722697368421052 0.33582510964912277 0.015716374269005847 0.01795230263157895 
0 0.533344298245614 0.3432264254385965 0.013249269005847953 0.025211074561403517 
0 0.5408369883040935 0.3430893640350877 0.014619883040935672 0.03411732456140352 
0 0.5535380116959064 0.34596491228070175 0.013888888888888888 0.0280921052631579 
0 0.5545431286549708 0.3385663377192982 0.014071637426900584 0.026310307017543864 
0 0.5637719298245614 0.3406222587719298 0.01343201754385965 0.0335718201754386 
0 0.5408369883040935 0.3336348684210526 0.010964912280701754 0.013426535087719304 
0 0.5752850877192982 0.35377741228070175 0.027503654970760235 0.0247998903508772 
0 0.5746454678362574 0.3580235745614035 0.022478070175438597 0.025625000000000005 
0 0.5962097953216374 0.2969106359649123 0.02914656432748534 0.022198464912280644 
0 0.613296783625731 0.2751233552631579 0.01754203216374265 0.025625000000000037 
0 0.6257218567251461 0.2860855263157895 0.01653874269005848 0.03055646929824556 
0 0.6211531432748537 0.2581332236842105 0.019279970760233918 0.03247532894736846 
0 0.6400676169590643 0.2930729166666667 0.013888888888888888 0.033983004385964855 
0 0.6167671783625731 0.31527138157894735 0.02823464912280702 0.013429276315789477 
0 0.5973976608187135 0.31212171052631577 0.027501827485380076 0.016304824561403513 
0 0.6036111111111111 0.320890899122807 0.013247441520467796 0.01740131578947369 
0 0.5910928362573099 0.32815241228070174 0.012426900584795321 0.02904879385964913 
0 0.6016922514619883 0.3354139254385965 0.017633406432748498 0.020553728070175442 
0 0.6047989766081872 0.3528179824561403 0.022202119883040897 0.027404057017543868 
0 0.6116520467836257 0.32568530701754383 0.015531798245613996 0.0202796052631579 
0 0.6171326754385965 0.3355509868421052 0.02010233918128655 0.026447368421052636 
0 0.631204312865497 0.33144188596491225 0.017269736842105265 0.02959703947368422 
0 0.6245339912280702 0.35268092105263155 0.01516812865497076 0.03452850877192983 
0 0.5514967105263158 0.3926014254385965 0.017909356725146198 0.030556469298245622 
0 0.5736092836257309 0.38437774122807017 0.01800073099415205 0.028366228070175442 
0 0.5806451023391813 0.40561677631578946 0.013888888888888888 0.028637609649122816 
0 0.5959046052631579 0.3867077850877193 0.014619883040935672 0.02973410087719299 
0 0.6008388157894736 0.39876644736842104 0.012883771929824562 0.024117324561403513 
0 0.6065953947368421 0.39533991228070176 0.018914473684210526 0.02452850877192983 
0 0.6453983918128655 0.2686842105263158 0.018548976608187134 0.032064144736842146 
0 0.652891081871345 0.29663651315789474 0.01781798245614035 0.028911732456140295 
0 0.6652266081871345 0.2706030701754386 0.024396929824561403 0.029322916666666705 
0 0.6896235380116958 0.27046600877192983 0.01617324561403509 0.029185855263157933 
0 0.6719883040935672 0.2941694078947369 0.01663011695906433 0.03055646929824556 
0 0.6858771929824561 0.29841831140350883 0.01781798245614035 0.027541118421052578 
0 0.6967507309941521 0.29636239035087725 0.012152777777777778 0.027266995614035033 
0 0.7085380116959065 0.2884155701754386 0.014619883040935672 0.03672149122807012 
0 0.6599269005847953 0.3137637061403509 0.015899122807017545 0.027817982456140356 
0 0.6457638888888889 0.3252741228070175 0.014894005847953216 0.024802631578947375 
0 0.6352558479532163 0.3489802631578947 0.01516812865497076 0.018223684210526322 
0 0.6367781432748537 0.36405427631578946 0.020924707602339183 0.027266995614035096 
0 0.6367781432748537 0.3810444078947368 0.015716374269005847 0.03466831140350878 
0 0.6736933479532163 0.3232209429824561 0.015899122807017545 0.019183114035087726 
0 0.6877649853801169 0.32171326754385965 0.01251827485380117 0.01973135964912281 
0 0.6941611842105263 0.32513706140350873 0.01663011695906433 0.023432017543859655 
0 0.679906798245614 0.3362362938596491 0.024762426900584795 0.020827850877192987 
0 0.6664747807017544 0.3382922149122807 0.018092105263157895 0.012195723684210529 
0 0.6533168859649122 0.3393887061403509 0.01745248538011696 0.011236293859649126 
0 0.64500182748538 0.34678728070175435 0.015259502923976608 0.02247258771929825 
0 0.6585252192982456 0.3430893640350877 0.01069078947368421 0.03439144736842106 
0 0.662454312865497 0.34993969298245614 0.019919590643274854 0.02767817982456141 
0 0.6690332602339181 0.3432264254385965 0.02147295321637427 0.017949561403508778 
0 0.718375365497076 0.31527138157894735 0.015716374269005847 0.02178728070175439 
0 0.7223044590643275 0.29129385964912285 0.022021198830409358 0.023703399122806963 
0 0.7356451023391812 0.313078399122807 0.012244152046783625 0.016033442982456143 
0 0.7436860380116959 0.3182867324561403 0.01206140350877193 0.026581688596491234 
0 0.7295230263157895 0.3234923245614035 0.014071637426900584 0.02247258771929825 
0 0.7294316520467836 0.34363760964912277 0.019736842105263157 0.01534539473684211 
0 0.705126096491228 0.32554824561403506 0.02412280701754386 0.023432017543859655 
0 0.6892269736842105 0.3495285087719298 0.02046783625730994 0.024117324561403513 
0 0.6740588450292397 0.35829769736842104 0.019005847953216373 0.0335718201754386 
0 0.6892269736842105 0.3644654605263158 0.016812865497076022 0.019320175438596498 
0 0.6963541666666666 0.37542489035087717 0.025584795321637425 0.0201452850877193 
0 0.7058570906432748 0.36665570175438594 0.01800073099415205 0.014936951754385967 
0 0.7142635233918129 0.3477467105263158 0.013888888888888888 0.018223684210526322 
0 0.7162737573099415 0.35254385964912277 0.014894005847953216 0.01452302631578948 
0 0.7265076754385965 0.3470614035087719 0.017726608187134504 0.021376096491228076 
0 0.7236440058479533 0.36140350877192984 0.015716374269005847 0.010413925438596493 
0 0.724375 0.36770833333333336 0.014619883040935672 0.011233552631578953 
0 0.7261111111111112 0.37538103070175444 0.01964546783625731 0.023020833333333275 
0 0.764031432748538 0.30700383771929823 0.02055921052631579 0.033434758771929834 
0 0.7800219298245613 0.3048135964912281 0.01343201754385965 0.031104714912280708 
0 0.7764583333333333 0.3319435307017544 0.027960526315789474 0.017675438596491233 
0 0.7643969298245613 0.3449616228070176 0.012244152046783625 0.03220120614035089 
0 0.7716154970760234 0.34701754385964917 0.014345760233918129 0.029459978070175447 
0 0.7838596491228069 0.3557867324561404 0.02147295321637427 0.025211074561403517 
0 0.7847733918128654 0.34359100877192983 0.022203947368421052 0.013566337719298249 
0 0.7471271929824562 0.34413925438596493 0.01818347953216366 0.022746710526315793 
0 0.7579093567251461 0.37085800438596495 0.013797514619883041 0.02822916666666661 
0 0.7452083333333334 0.27932565789473685 0.014345760233918045 0.0278234649122807 
0 0.7993019005847952 0.3653837719298246 0.026498538011695907 0.03439418859649124 
0 0.8034137426900584 0.3593558114035088 0.024671052631578948 0.030830592105263167 
0 0.8088961988304093 0.3553810307017544 0.027503654970760235 0.033434758771929834 
0 0.8154751461988303 0.3534621710526316 0.02275219298245614 0.024939692982456144 
0 0.8315570175438596 0.35592927631578947 0.018457602339181287 0.028089364035087726 
0 0.7829459064327485 0.37456414473684213 0.03399122807017544 0.026310307017543864 
0 0.8352119883040935 0.41512335526315786 0.017543859649122806 0.03713541666666667 
0 0.7091173245614035 0.4134347587719298 0.01425438596491228 0.027815241228070182 
0 0.6708315058479533 0.4228892543859649 0.024945175438596492 0.02014254385964913 
0 0.6895632309941521 0.39808662280701756 0.016264619883040937 0.029462719298245617 
0 0.3009502923976608 0.1784155701754386 0.020650584795321638 0.020553728070175442 
0 0.3085343567251462 0.1951343201754386 0.019279970760233918 0.01753837719298246 
0 0.32616959064327483 0.1945860745614035 0.018092105263157895 0.03041940789473685 
0 0.3413377192982456 0.1784155701754386 0.015349049707602341 0.025487938596491233 
0 0.35138888888888886 0.2159621710526316 0.014800804093567254 0.02192434210526313 
0 0.37541849415204676 0.212124451754386 0.010508040935672515 0.018771929824561377 
0 0.3806268274853801 0.22665021929824564 0.018457602339181287 0.014523026315789448 
0 0.40719115497076025 0.1513267543859649 0.012244152046783625 0.01753837719298246 
0 0.3904696637426901 0.1627001096491228 0.019097222222222224 0.017675438596491233 
0 0.3992415935672515 0.16729166666666667 0.026268274853801128 0.010002741228070178 
0 0.3907437865497076 0.17790844298245614 0.02183845029239766 0.009388706140350877 
0 0.40029239766081876 0.17400493421052632 0.026907894736842065 0.01048245614035088 
0 0.37973318713450294 0.18606359649122806 0.026361476608187134 0.013563596491228075 
0 0.38622076023391816 0.18674890350877194 0.024671052631578948 0.01877192982456141 
0 0.42016630116959064 0.17969024122807017 0.013019005847953177 0.017404057017543863 
0 0.41724232456140353 0.18277412280701755 0.012288011695906393 0.0287061403508772 
0 0.4225712719298246 0.1509621710526316 0.020879020467836257 0.008358004385964915 
0 0.41855080409356726 0.15623629385964913 0.017315423976608187 0.01336074561403509 
0 0.44408991228070177 0.13986293859649124 0.017086988304093567 0.010345394736842107 
0 0.42464181286549707 0.1361842105263158 0.02161001461988304 0.015553728070175426 
0 0.4398099415204678 0.14159813596491228 0.020879020467836257 0.015482456140350882 
0 0.4556176900584795 0.14392817982456138 0.016355994152046784 0.021718750000000005 
0 0.4643896198830409 0.1522861842105263 0.01183296783625731 0.019046052631578953 
0 0.4411348684210526 0.15290296052631577 0.017863669590643276 0.008563596491228072 
0 0.4309009502923976 0.1468722587719298 0.015990497076023392 0.008018092105263159 
0 0.43345942982456137 0.157765899122807 0.01114766081871345 0.004934210526315789 
0 0.4478051900584795 0.1612609649122807 0.01918859649122807 0.01048245614035088 
0 0.42596673976608185 0.1592735745614035 0.023574561403508772 0.019320175438596498 
0 0.42962171052631576 0.16729166666666667 0.027412280701754384 0.01143914473684211 
0 0.44597770467836256 0.17469024122807017 0.010508040935672515 0.008837719298245617 
0 0.4522825292397661 0.1702357456140351 0.01608187134502924 0.013634868421052633 
0 0.45025767543859646 0.18160910087719298 0.013980263157894737 0.02363760964912281 
0 0.43399305555555556 0.17585526315789474 0.021290204678362575 0.015962171052631584 
0 0.4280080409356725 0.17804550438596492 0.02266081871345029 0.01863760964912281 
0 0.4371911549707602 0.18832236842105263 0.015122441520467836 0.027817982456140356 
0 0.39677448830409356 0.19174890350877194 0.013934576023391813 0.022952302631578953 
0 0.38393640350877195 0.20305372807017544 0.017086988304093567 0.02398026315789474 
0 0.40394736842105267 0.19921600877192983 0.021608187134502885 0.012264254385964915 
0 0.400703581871345 0.20161458333333335 0.02069627192982456 0.0316529605263158 
0 0.4196180555555556 0.2155921052631579 0.016536915204678322 0.02836348684210527 
0 0.4302613304093567 0.21696271929824562 0.013614766081871345 0.02788377192982457 
0 0.4420339912280702 0.20419682017543858 0.015350877192982455 0.019388706140350882 
0 0.4538212719298246 0.20727796052631578 0.01768092105263158 0.016650219298245617 
0 0.44467836257309945 0.21626918859649125 0.01423062865497074 0.016751644736842076 
0 0.4405720029239766 0.22461348684210525 0.010964912280701754 0.019871162280701758 
0 0.47505116959064325 0.14623629385964912 0.011970029239766082 0.014457236842105266 
0 0.48359466374269006 0.15157894736842106 0.008680555555555556 0.02398026315789474 
0 0.49021929824561405 0.15397752192982458 0.010734649122806977 0.019388706140350882 
0 0.49857821637426897 0.1483607456140351 0.010462353801169591 0.02397752192982457 
0 0.50515716374269 0.1374671052631579 0.01621893274853801 0.017949561403508778 
0 0.508766447368421 0.14719572368421052 0.020148026315789474 0.0163733552631579 
0 0.5125749269005848 0.15354440789473683 0.02101608187134503 0.013840460526315792 
0 0.5179660087719298 0.15875 0.015350877192982455 0.015485197368421055 
0 0.5036659356725146 0.16231359649122806 0.017863669590643276 0.020827850877192987 
0 0.5322203947368421 0.15313322368421053 0.012792397660818713 0.018497807017543864 
0 0.5209813596491228 0.16615131578947367 0.014894005847953216 0.020211074561403513 
0 0.4724305555555555 0.1572889254385965 0.012015716374269006 0.01877192982456141 
0 0.4630646929824561 0.17112938596491228 0.011970029239766082 0.020416666666666673 
0 0.4689583333333333 0.17256853070175437 0.01411732456140351 0.022541118421052636 
0 0.4828472222222222 0.17181469298245614 0.016949926900584795 0.0118530701754386 
0 0.49906615497076023 0.17181469298245614 0.023072002923976608 0.01383771929824562 
0 0.4849488304093567 0.17770559210526315 0.02398574561403509 0.013908991228070178 
0 0.4687755847953216 0.18305098684210525 0.017498172514619884 0.020827850877192987 
0 0.4743494152046783 0.1838733552631579 0.01918859649122807 0.024114583333333342 
0 0.5024926900584795 0.1828673245614035 0.02928545321637427 0.01856633771929825 
0 0.49298976608187134 0.1884183114035088 0.02850877192982456 0.015550986842105268 
0 0.4838066520467836 0.1894435307017544 0.02124451754385965 0.021924342105263162 
0 0.5312755847953217 0.18560855263157897 0.0167671783625731 0.023226425438596498 
0 0.5277119883040935 0.1982839912280702 0.016812865497076022 0.016441885964912285 
0 0.5169755116959064 0.1953371710526316 0.019919590643274854 0.023294956140350882 
0 0.514828216374269 0.20342105263157895 0.019462719298245616 0.018771929824561377 
0 0.5037719298245614 0.2023245614035088 0.013112207602339181 0.022883771929824534 
0 0.5645047514619883 0.13837993421052633 0.01160453216374269 0.02000548245614034 
0 0.5576973684210526 0.1521518640350877 0.011741593567251463 0.026239035087719305 
0 0.571906067251462 0.15550712719298246 0.011330409356725146 0.02350054824561404 
0 0.5621290204678362 0.16373081140350876 0.012472587719298246 0.02205866228070176 
0 0.5814089912280701 0.15639802631578947 0.00918311403508772 0.021718750000000005 
0 0.5825968567251462 0.14358826754385964 0.01069078947368421 0.014934210526315795 
0 0.5877595029239766 0.15331688596491228 0.01402595029239766 0.023292214912280708 
0 0.5500676169590643 0.18085800438596492 0.021929824561403508 0.013771929824561406 
0 0.5852923976608186 0.16174342105263156 0.021701388888888888 0.021855811403508778 
0 0.5732766812865496 0.17462445175438596 0.018457602339181287 0.019183114035087726 
0 0.5762463450292398 0.1842160087719298 0.013020833333333334 0.019662828947368427 
0 0.5469462719298246 0.1981907894736842 0.01402595029239766 0.02541940789473685 
0 0.5372149122807017 0.20695997807017544 0.011467470760233918 0.026104714912280707 
0 0.5575456871345029 0.21162006578947368 0.024716739766081873 0.014251644736842107 
0 0.5797953216374269 0.20189144736842105 0.01617324561403509 0.02788377192982457 
0 0.5480884502923976 0.22073190789473685 0.03134137426900585 0.015759320175438598 
0 0.5224433479532163 0.21474780701754384 0.019462719298245616 0.016307565789473687 
0 0.46470942982456137 0.20182291666666666 0.016127558479532164 0.019114583333333338 
0 0.48755299707602334 0.21860745614035088 0.015442251461988304 0.020896381578947375 
0 0.495 0.22223958333333335 0.02010233918128655 0.01808662280701755 
0 0.5116301169590644 0.21895010964912281 0.01836622807017544 0.028640350877192987 
0 0.5151790935672514 0.2371765350877193 0.011924342105263159 0.02788377192982457 
0 0.5000566520467836 0.24046326754385966 0.019919590643274854 0.024117324561403513 
0 0.48187317251461986 0.23690241228070177 0.01864035087719298 0.030556469298245622 
0 0.5948866959064327 0.14609923245614037 0.02549342105263158 0.013429276315789477 
0 0.6053490497076023 0.1497998903508772 0.02503654970760234 0.01048245614035088 
0 0.6038870614035088 0.15699287280701754 0.015990497076023392 0.019114583333333338 
0 0.6065369152046783 0.16055646929824563 0.01114766081871345 0.022469846491228046 
0 0.6185069444444444 0.15644462719298247 0.014391447368421052 0.008358004385964915 
0 0.6238523391812865 0.15959703947368423 0.010827850877192983 0.016441885964912285 
0 0.6140752923976608 0.16302083333333334 0.011741593567251463 0.033023574561403486 
0 0.6143494152046783 0.16247258771929826 0.006533260233918129 0.018774671052631583 
0 0.5889930555555555 0.1750794956140351 0.01918859649122807 0.014251644736842076 
0 0.6046180555555555 0.1828892543859649 0.014071637426900584 0.01932291666666667 
0 0.5973081140350877 0.18631578947368418 0.015259502923976608 0.023020833333333338 
0 0.5864802631578947 0.18665844298245612 0.012883771929824562 0.01959429824561404 
0 0.5939729532163742 0.19583881578947368 0.014802631578947368 0.02754385964912281 
0 0.6255427631578947 0.17233826754385967 0.012244152046783625 0.0165816885964912 
0 0.6231670321637427 0.18446546052631577 0.01183296783625731 0.02267817982456141 
0 0.6328216374269006 0.1595504385964912 0.008771929824561403 0.012881030701754389 
0 0.6405884502923977 0.15338541666666666 0.014985380116959063 0.013495065789473688 
0 0.6370248538011696 0.15735745614035088 0.016355994152046784 0.023089364035087726 
0 0.6501827485380117 0.15804276315789473 0.02206688596491228 0.0241858552631579 
0 0.6544773391812866 0.1576315789473684 0.016493055555555556 0.013840460526315792 
0 0.6652595029239766 0.14899945175438595 0.01320358187134503 0.01623629385964913 
0 0.669873903508772 0.16290844298245613 0.011284722222222222 0.017332785087719304 
0 0.6450657894736842 0.1661266447368421 0.011878654970760233 0.016992872807017546 
0 0.6347404970760234 0.17955592105263157 0.009868421052631578 0.021033442982456144 
0 0.6457054093567252 0.1931907894736842 0.023528874269005847 0.02514254385964913 
0 0.652375730994152 0.18914747807017543 0.019325657894736843 0.024939692982456144 
0 0.6605080409356725 0.19154605263157895 0.017361111111111112 0.02267817982456141 
0 0.6486750730994152 0.20830866228070175 0.021427266081871343 0.018977521929824565 
0 0.6664930555555556 0.188234649122807 0.017086988304093567 0.024391447368421058 
0 0.671701388888889 0.18734374999999998 0.01617324561403509 0.020416666666666673 
0 0.6780208333333334 0.15509594298245613 0.013477704678362573 0.018226425438596493 
0 0.6562737573099415 0.17181469298245614 0.013980263157894737 0.019525767543859655 
0 0.6804879385964913 0.16366228070175437 0.01617324561403509 0.018018092105263162 
0 0.6857876461988305 0.17366502192982455 0.018457602339181287 0.016510416666666673 
0 0.6702540204678363 0.1784594298245614 0.022569444444444444 0.018840460526315793 
0 0.6977576754385965 0.17564967105263157 0.013720760233918116 0.02569353070175439 
0 0.7010471491228071 0.15605537280701753 0.009868421052631578 0.01829495614035088 
0 0.7075804093567252 0.15591831140350876 0.011010599415204679 0.014525767543859652 
0 0.6920010964912281 0.187297149122807 0.017132675438596492 0.02096491228070176 
0 0.6877978801169591 0.1918201754385965 0.018092105263157895 0.021581688596491233 
0 0.7031176900584796 0.16969024122807017 0.020056652046783627 0.015759320175438598 
0 0.7095595760233918 0.1774314692982456 0.010325292397660819 0.021170504385964916 
0 0.7175548245614035 0.16055646929824563 0.015350877192982455 0.01582510964912281 
0 0.7259612573099415 0.16391173245614035 0.013386330409356726 0.013223684210526318 
0 0.7226260964912281 0.17494243421052633 0.017315423976608187 0.020211074561403482 
0 0.7189711257309942 0.17878015350877194 0.012107090643274854 0.01685307017543857 
0 0.7427284356725147 0.1750794956140351 0.015670687134502925 0.022335526315789448 
0 0.7498556286549708 0.17555921052631582 0.01023391812865497 0.01061951754385962 
0 0.747251461988304 0.15438870614035088 0.02078764619883041 0.014320175438596493 
0 0.7552010233918128 0.18330043859649123 0.022934941520467836 0.012127192982456143 
0 0.6372587719298245 0.21870065789473686 0.0200109649122807 0.023226425438596467 
0 0.6475383771929825 0.22521107456140352 0.024077119883040937 0.02226699561403506 
0 0.6146436403508772 0.23528234649122806 0.02526498538011696 0.017264254385964916 
0 0.6334667397660818 0.24631304824561404 0.014528508771929825 0.02596491228070176 
0 0.6131816520467837 0.24377741228070174 0.010553728070175438 0.02350054824561404 
0 0.6696820175438597 0.21358552631578948 0.0167671783625731 0.026447368421052636 
0 0.6821546052631579 0.2157785087719298 0.019552266081871304 0.0287061403508772 
0 0.6931195175438597 0.21564144736842106 0.01731359649122803 0.027132675438596498 
0 0.6908351608187134 0.24229440789473683 0.011739766081871305 0.027198464912280708 
0 0.6503563596491229 0.2440734649122807 0.017635233918128657 0.02487116228070176 
0 0.650813230994152 0.26421600877192986 0.024945175438596492 0.03350328947368419 
0 0.6617781432748538 0.2420888157894737 0.01617324561403509 0.029117324561403517 
0 0.6723775584795322 0.25168037280701755 0.013614766081871345 0.023840460526315797 
0 0.7472423245614035 0.19449287280701755 0.031615497076023395 0.008223684210526315 
0 0.7546893274853801 0.19983826754385964 0.02238669590643275 0.010688048245614038 
0 0.722297149122807 0.1947669956140351 0.019508406432748537 0.01980263157894737 
0 0.7339930555555555 0.20408717105263158 0.021929824561403508 0.0158936403508772 
0 0.7165405701754386 0.20730537280701755 0.010508040935672515 0.026036184210526322 
0 0.7365515350877193 0.2160060307017544 0.012975146198830409 0.022609649122807024 
0 0.7483388157894737 0.2154577850877193 0.02261513157894737 0.011373355263157896 
0 0.7393841374269006 0.22292763157894738 0.019782529239766082 0.020690789473684214 
0 0.7527704678362572 0.22094024122807018 0.012015716374269006 0.03007675438596492 
0 0.7073574561403508 0.2368338815789474 0.01745248538011696 0.028297697368421058 
0 0.7212920321637427 0.2382044956140351 0.01160453216374269 0.022746710526315793 
0 0.6967580409356725 0.24786458333333333 0.014345760233918129 0.02500822368421053 
0 0.7091392543859649 0.25416940789473685 0.01137609649122807 0.022061403508771935 
0 0.7143475877192982 0.2594435307017544 0.020970394736842105 0.018977521929824534 
0 0.748156067251462 0.23998629385964912 0.019005847953216373 0.025076754385964916 
0 0.7571564327485379 0.2549671052631579 0.013660453216374269 0.024665570175438602 
0 0.7638267543859649 0.2609978070175439 0.018320540935672515 0.0295285087719298 
0 0.7816904239766082 0.19677905701754386 0.017635233918128657 0.026033442982456148 
0 0.7825127923976608 0.22445723684210528 0.013980263157894737 0.017332785087719273 
0 0.7704513888888889 0.23034813596491227 0.01069078947368421 0.022746710526315793 
0 0.7857108918128655 0.24220120614035087 0.021518640350877194 0.030487938596491234 
0 0.7690021929824561 0.16394188596491227 0.01425438596491228 0.021924342105263162 
0 0.7764035087719298 0.16270833333333332 0.013980263157894737 0.02233552631578948 
0 0.7854495614035087 0.1740816885964912 0.013614766081871345 0.022746710526315793 
0 0.791297514619883 0.1666831140350877 0.013249269005847953 0.023566337719298253 
0 0.8019883040935671 0.17298519736842105 0.009228801169590644 0.01753837719298246 
0 0.8078362573099415 0.16709429824561403 0.015899122807017545 0.02110197368421053 
0 0.8174305555555554 0.16695723684210526 0.010508040935672515 0.01890899122807018 
0 0.8228216374269005 0.17997258771929825 0.015076754385964912 0.021924342105263162 
0 0.8349744152046783 0.19107182017543858 0.014802631578947368 0.01808936403508772 
0 0.8484064327485379 0.18887883771929823 0.019371345029239765 0.0201452850877193 
0 0.8088413742690058 0.18148026315789473 0.019919590643274854 0.023020833333333338 
0 0.8099378654970759 0.19120888157894736 0.01663011695906433 0.019320175438596498 
0 0.7942214912280701 0.20806469298245614 0.018183479532163743 0.023018092105263167 
0 0.8227302631578947 0.21998355263157895 0.01644736842105263 0.023843201754385968 
0 0.8124963450292397 0.2206688596491228 0.015350877192982455 0.021239035087719304 
0 0.8027192982456139 0.22998903508771928 0.014528508771929825 0.02123629385964913 
0 0.811125730994152 0.2373876096491228 0.027960526315789474 0.01671600877192983 
0 0.8107602339181286 0.24492324561403508 0.031524122807017545 0.02233552631578948 
0 0.8038157894736842 0.24903508771929825 0.02850877192982456 0.027266995614035096 
0 0.7997953216374268 0.26480537280701755 0.0245796783625731 0.013700657894736847 
0 0.7997953216374268 0.27576754385964913 0.030975877192982455 0.016441885964912285 
0 0.45357456140350877 0.4284539473684211 0.011695906432748537 0.03864309210526316 
0 0.4126388888888889 0.4753179824561404 0.013523391812865496 0.023294956140350882 
0 0.3961915204678363 0.4988870614035088 0.013157894736842105 0.023566337719298253 
0 0.3618347953216374 0.5235498903508772 0.019005847953216373 0.02110197368421053 
0 0.27758954678362574 0.5054632675438596 0.03307748538011696 0.024391447368421058 
0 0.700641447368421 0.5706935307017543 0.027777777777777776 0.014797149122807022 
0 0.05555372807017544 0.3880893640350877 0.027412280701754384 0.038914473684210533 
0 0.07876279239766082 0.5237828947368421 0.020833333333333332 0.028774671052631585 
0 0.962406798245614 0.5791392543859648 0.028872441520467796 0.026858552631578953 
0 0.8564656432748537 0.7330153508771929 0.023391812865497075 0.05481085526315785 
