0 0.2660425 0.6475 0.019852499999999964 0.017 
0 0.265135 0.6641666666666667 0.021970000000000028 0.00825 
0 0.28113499999999997 0.6570433333333334 0.0276875 0.014913333333333261 
0 0.22222999999999998 0.6568766666666667 0.019467500000000002 0.0194533333333333 
0 0.23844749999999998 0.6588333333333334 0.01267750000000001 0.020580000000000005 
0 0.22625 0.6628333333333334 0.01482249999999999 0.017913333333333337 
0 0.225135 0.6725833333333333 0.01374000000000001 0.02224333333333334 
0 0.2068225 0.6752466666666667 0.0209075 0.017293333333333293 
0 0.230625 0.6775 0.01325 0.017666666666666667 
0 0.2265675 0.6929200000000001 0.014765000000000014 0.016246666666666593 
0 0.25301 0.6561266666666667 0.015970000000000026 0.023913333333333262 
0 0.177875 0.6631666666666667 0.01604249999999999 0.014916666666666667 
0 0.242885 0.66342 0.0134375 0.017036666666666634 
0 0.2049475 0.6645 0.01817750000000001 0.014 
0 0.184625 0.6765833333333333 0.02347999999999999 0.01425 
0 0.166625 0.6821666666666667 0.01816749999999999 0.022166666666666668 
0 0.15266749999999998 0.6875033333333334 0.0181875 0.019953333333333226 
0 0.172875 0.6962466666666666 0.02525999999999999 0.02992000000000007 
0 0.1679175 0.7096633333333333 0.0290925 0.029080000000000078 
0 0.171375 0.6683366666666667 0.01625999999999999 0.016663333333333336 
0 0.2388225 0.6778366666666666 0.01775 0.017119999999999965 
0 0.24516749999999998 0.6843733333333333 0.013812500000000028 0.009956666666666631 
0 0.128375 0.6818366666666666 0.025162499999999994 0.022663333333333337 
0 0.163625 0.6723433333333333 0.01350999999999999 0.015533333333333378 
0 0.151125 0.6745 0.01225 0.012666666666666666 
0 0.275375 0.6786733333333334 0.023394999999999982 0.016826666666666674 
0 0.110625 0.6805033333333333 0.02558250000000001 0.021330000000000002 
0 0.142625 0.6805033333333333 0.024365000000000008 0.028326666666666597 
0 0.13552 0.6857533333333334 0.02325 0.02282666666666652 
0 0.13877 0.7053299999999999 0.0259375 0.013830000000000078 
0 0.311145 0.6881666666666667 0.012480000000000019 0.0254066666666666 
0 0.195375 0.6899166666666666 0.014259999999999991 0.022583333333333334 
0 0.208385 0.7006666666666667 0.0195 0.02412000000000004 
0 0.216375 0.7061666666666667 0.0145 0.031 
0 0.190625 0.7067066666666666 0.02175 0.025163333333333412 
0 0.201875 0.71383 0.01658250000000001 0.03224000000000009 
0 0.174375 0.7252466666666666 0.01754249999999999 0.03192000000000007 
0 0.27676999999999996 0.6854233333333333 0.0223125 0.020160000000000008 
0 0.25551 0.6865399999999999 0.02013499999999999 0.011713333333333442 
0 0.31733249999999996 0.6905 0.017792500000000017 0.023666666666666666 
0 0.24370750000000002 0.7034533333333334 0.01933500000000001 0.03945333333333322 
0 0.2713325 0.6939200000000001 0.01125 0.01732999999999993 
0 0.156355 0.6983333333333334 0.01941500000000002 0.023660000000000007 
0 0.271375 0.7025 0.023 0.018996666666666592 
0 0.25701999999999997 0.7145 0.027355000000000018 0.023826666666666673 
0 0.2747075 0.7095 0.022667500000000017 0.028333333333333332 
0 0.2272075 0.70916 0.01375 0.023829999999999928 
0 0.229375 0.7108333333333333 0.02325 0.038 
0 0.139625 0.71483 0.03 0.014670000000000074 
0 0.18200999999999998 0.7229133333333333 0.020875 0.035163333333333414 
0 0.145125 0.7285 0.02127000000000001 0.016 
0 0.311375 0.7415 0.02 0.029666666666666668 
0 0.193375 0.741 0.02513499999999999 0.026833333333333334 
0 0.217355 0.7425233333333334 0.01604000000000002 0.03405666666666654 
0 0.178875 0.7421633333333333 0.02777000000000001 0.027003333333333407 
0 0.2862925 0.7468333333333333 0.016332499999999982 0.031539999999999964 
0 0.2747925 0.7543366666666668 0.01625 0.027496666666666593 
0 0.25964499999999996 0.7475 0.019230000000000018 0.027326666666666673 
0 0.351625 0.7505 0.015519999999999982 0.027666666666666666 
0 0.236875 0.7521666666666667 0.01764500000000001 0.04 
0 0.270375 0.7525433333333333 0.014855000000000017 0.02895666666666663 
0 0.24677000000000002 0.7565 0.014437499999999971 0.03233333333333333 
0 0.110645 0.75692 0.028250000000000015 0.021239999999999933 
0 0.226375 0.7583366666666668 0.012167499999999989 0.0375299999999999 
0 0.218125 0.7721233333333333 0.019134999999999992 0.030710000000000036 
0 0.188875 0.7537433333333333 0.02939500000000001 0.033089999999999994 
0 0.44077 0.7605866666666667 0.0168125 0.03373999999999994 
0 0.2836975 0.7621666666666667 0.02642750000000001 0.026333333333333334 
0 0.3246675 0.7631666666666667 0.019477499999999964 0.03166666666666667 
0 0.449875 0.7631666666666667 0.01808249999999998 0.029333333333333333 
0 0.47402 0.7628333333333334 0.019105000000000018 0.03041333333333326 
0 0.46476999999999996 0.7641666666666667 0.012855000000000017 0.029333333333333333 
0 0.337645 0.7601700000000001 0.013980000000000018 0.03382333333333327 
0 0.330625 0.7904166666666667 0.019707499999999982 0.041416666666666664 
0 0.36239499999999997 0.76392 0.019375 0.028329999999999928 
0 0.490875 0.7668333333333334 0.0225 0.02 
0 0.4787075 0.7774166666666666 0.014375 0.04075 
0 0.490625 0.78175 0.02158249999999998 0.026083333333333333 
0 0.15002000000000001 0.7674200000000001 0.02525 0.0366566666666666 
0 0.1606675 0.7781666666666667 0.014780000000000001 0.01641333333333326 
0 0.112895 0.8246566666666666 0.021980000000000003 0.033176666666666736 
0 0.247645 0.76641 0.02281249999999997 0.040073333333333266 
0 0.28651 0.7688766666666667 0.03109500000000003 0.024623333333333296 
0 0.511125 0.7705033333333334 0.017519999999999984 0.027663333333333262 
0 0.310625 0.7721666666666667 0.015 0.03966666666666667 
0 0.408875 0.7725 0.02575 0.018666666666666668 
0 0.5354800000000001 0.7695866666666668 0.021477499999999962 0.031159999999999854 
0 0.2056675 0.7725866666666668 0.013125 0.02994999999999997 
0 0.207625 0.7902466666666665 0.02007249999999999 0.029253333333333405 
0 0.5239575 0.7741666666666667 0.018167500000000017 0.030910000000000007 
0 0.3548325 0.77459 0.018292500000000017 0.027073333333333265 
0 0.175125 0.7771666666666667 0.01719749999999999 0.02749333333333334 
0 0.38800999999999997 0.7762533333333334 0.01915750000000003 0.029283333333333304 
0 0.420375 0.791 0.013644999999999982 0.036823333333333264 
0 0.090125 0.7785 0.025769999999999994 0.03332000000000001 
0 0.346875 0.7769166666666667 0.016 0.03958333333333333 
0 0.15245750000000002 0.8205 0.02266749999999999 0.036823333333333264 
0 0.29001 0.7815833333333333 0.02336500000000001 0.037410000000000006 
0 0.547625 0.7775 0.02429250000000002 0.030333333333333334 
0 0.552125 0.8055 0.012917500000000018 0.037333333333333336 
0 0.560625 0.8063333333333333 0.03375 0.025166666666666667 
0 0.568645 0.8051633333333332 0.0325625 0.020326666666666673 
0 0.564625 0.8249899999999999 0.032 0.022510000000000068 
0 0.266625 0.77825 0.02019749999999999 0.03858333333333333 
0 0.575125 0.7793366666666668 0.02675 0.02616333333333326 
0 0.589625 0.7828333333333334 0.02475 0.01916333333333326 
0 0.561875 0.7920833333333334 0.02775 0.015829999999999927 
0 0.613625 0.7955 0.01908249999999998 0.03866666666666667 
0 0.0979575 0.7831666666666667 0.0250625 0.032983333333333274 
0 0.252625 0.7828333333333334 0.023042500000000018 0.032 
0 0.450625 0.7835 0.01925 0.052 
0 0.4385825 0.7911633333333332 0.02041750000000002 0.03733666666666674 
0 0.318125 0.7841666666666667 0.02025 0.037 
0 0.616375 0.7841666666666667 0.02175 0.028826666666666674 
0 0.105375 0.7843266666666667 0.02433250000000001 0.03683999999999999 
0 0.432625 0.7865 0.0125 0.04033333333333333 
0 0.398375 0.7849166666666667 0.014707499999999981 0.04025 
0 0.1946675 0.7881666666666667 0.016125 0.033239999999999936 
0 0.633895 0.7888333333333334 0.022480000000000017 0.04633333333333333 
0 0.632125 0.80291 0.02 0.03559 
0 0.511625 0.7898333333333334 0.01675 0.03933333333333333 
0 0.170125 0.7904833333333333 0.01091749999999999 0.03299000000000008 
0 0.48901999999999995 0.7911633333333332 0.02110500000000002 0.04332000000000001 
0 0.500875 0.7975 0.015769999999999982 0.04189999999999994 
0 0.153145 0.7931666666666667 0.018125 0.035329999999999924 
0 0.46452 0.7931666666666667 0.016625 0.03565333333333334 
0 0.65477 0.7931666666666667 0.022355000000000017 0.035333333333333335 
0 0.27176 0.7920833333333334 0.028875 0.031076666666666673 
0 0.36152 0.7931666666666667 0.0248125 0.020246666666666593 
0 0.363625 0.7951666666666667 0.028019999999999982 0.028160000000000004 
0 0.650125 0.7968333333333333 0.016707499999999983 0.03266666666666666 
0 0.5340199999999999 0.7985 0.02010500000000002 0.04214999999999994 
0 0.605645 0.7969966666666666 0.0165 0.03650333333333341 
0 0.33195749999999996 0.7998333333333333 0.023875 0.05298666666666668 
0 0.374875 0.8025 0.02239499999999998 0.033666666666666664 
0 0.59277 0.8008299999999999 0.0195 0.03933666666666674 
0 0.5104575 0.80416 0.025667500000000017 0.040739999999999936 
0 0.381125 0.8098299999999999 0.020832499999999983 0.040003333333333405 
0 0.522125 0.81216 0.0235 0.040339999999999994 
0 0.178125 0.8198333333333333 0.03525 0.018333333333333333 
0 0.351375 0.8245 0.017 0.043 
0 0.191375 0.8728333333333333 0.03975 0.034333333333333334 
0 0.389375 0.9045 0.0305 0.035333333333333335 
0 0.1438325 0.9288333333333333 0.054 0.04611333333333338 
0 0.10876999999999999 0.7949966666666666 0.026375000000000013 0.027660000000000007 
0 0.1033325 0.7948299999999999 0.033750000000000016 0.046486666666666676 
0 0.12952000000000002 0.7654200000000001 0.0215 0.030489999999999934 
0 0.1405825 0.75584 0.029625 0.03473999999999993 
0 0.13283250000000002 0.7859966666666666 0.02 0.03274333333333334 
0 0.1309575 0.7896633333333333 0.0321875 0.04132333333333342 
0 0.1805425 0.77925 0.025625 0.03155999999999994 
0 0.1736675 0.7996233333333332 0.023092500000000002 0.03717999999999999 
0 0.11902 0.6815866666666667 0.023375000000000014 0.02190999999999993 
0 0.13864500000000002 0.6729233333333333 0.011875 0.01699333333333334 
0 0.1720825 0.6900033333333334 0.0268125 0.02057666666666652 
0 0.1700825 0.6941666666666667 0.02475 0.03224333333333334 
0 0.183135 0.664 0.02972 0.023826666666666673 
0 0.2075425 0.6698766666666667 0.01553 0.013123333333333298 
0 0.194635 0.6805833333333333 0.017345 0.019370000000000043 
0 0.20748 0.6847533333333334 0.018905 0.026076666666666522 
0 0.21622999999999998 0.6893366666666667 0.0125 0.014786666666666557 
0 0.241895 0.6919566666666667 0.01392749999999998 0.01970666666666663 
0 0.2383325 0.6961700000000001 0.0126875 0.021909999999999853 
0 0.294145 0.6864233333333333 0.0139375 0.030073333333333268 
0 0.30139499999999997 0.6874233333333333 0.015875 0.027823333333333266 
0 0.2604475 0.6698366666666666 0.030407500000000028 0.010373333333333373 
0 0.2608225 0.67825 0.030407500000000028 0.012746666666666594 
0 0.25441749999999996 0.6793733333333333 0.017155 0.007583333333333333 
0 0.27332249999999997 0.6540866666666667 0.027907500000000026 0.010956666666666707 
0 0.259395 0.69916 0.01225 0.03157666666666667 
0 0.2528325 0.6907466666666666 0.01887499999999997 0.01608000000000008 
0 0.3694575 0.75484 0.0271875 0.02582666666666667 
0 0.376645 0.7678366666666667 0.02325 0.026073333333333268 
0 0.408645 0.79175 0.015375 0.0384066666666666 
0 0.4132075 0.776 0.028875 0.023076666666666672 
