0 0.567125 0.09983333333333333 0.01625 0.049330000000000006 
0 0.606875 0.12516666666666668 0.019 0.048663333333333336 
0 0.771375 0.12985 0.024457499999999983 0.04048999999999999 
0 0.790855 0.13451 0.0249375 0.04523666666666668 
0 0.707625 0.13816666666666666 0.015875 0.04766000000000001 
0 0.7233125 0.14000333333333334 0.029 0.02224333333333334 
0 0.7225625 0.1555 0.0300625 0.021410000000000005 
0 0.745375 0.1415 0.0195 0.044 
0 0.845625 0.14208 0.01914499999999998 0.04607333333333334 
0 0.834625 0.15216666666666667 0.017207499999999983 0.041666666666666664 
0 0.30275 0.14365 0.033875 0.04373999999999999 
0 0.540125 0.14683333333333334 0.0255 0.022 
0 0.662875 0.1505 0.02025 0.040156666666666674 
0 0.803875 0.15100666666666665 0.018167500000000017 0.033490000000000006 
0 0.799625 0.1725 0.014625 0.051 
0 0.697125 0.15320999999999999 0.0178125 0.04674333333333334 
0 0.6492074999999999 0.15408333333333332 0.0228125 0.043416666666666666 
0 0.764625 0.15567666666666666 0.03025 0.02849333333333334 
0 0.276625 0.15716666666666668 0.02125 0.04627666666666668 
0 0.610625 0.15491666666666667 0.01776999999999998 0.041073333333333344 
0 0.859625 0.1575 0.014917500000000018 0.04673333333333335 
0 0.555625 0.15767333333333333 0.03051999999999998 0.027410000000000007 
0 0.812355 0.16183333333333333 0.01926999999999998 0.04365666666666668 
0 0.8125825 0.19416 0.01679250000000002 0.040339999999999994 
0 0.818625 0.23183333333333334 0.01475 0.038 
0 0.68572 0.16438 0.021342499999999973 0.04123666666666668 
0 0.7570425000000001 0.16408999999999999 0.02658249999999998 0.03241000000000001 
0 0.773125 0.18242 0.018042500000000017 0.05378666666666667 
0 0.759625 0.18683333333333332 0.012480000000000019 0.04066666666666666 
0 0.899625 0.16683333333333333 0.0238125 0.042 
0 0.45414499999999997 0.16642333333333334 0.0208125 0.036576666666666674 
0 0.459375 0.18983333333333333 0.019457499999999982 0.036910000000000005 
0 0.8628125 0.16632333333333335 0.0280625 0.04607333333333334 
0 0.33348 0.16914333333333334 0.028894999999999983 0.029103333333333335 
0 0.921125 0.17016666666666666 0.0175 0.036333333333333336 
0 0.565645 0.17016666666666666 0.0370625 0.023 
0 0.627625 0.17016666666666666 0.0265 0.025333333333333333 
0 0.62152 0.17749666666666666 0.0259375 0.033906666666666675 
0 0.51727 0.17192 0.0259375 0.04557000000000001 
0 0.8475199999999999 0.17190666666666668 0.016085000000000037 0.04324000000000001 
0 0.546895 0.17267 0.028125 0.040980000000000016 
0 0.714375 0.17416333333333334 0.030625 0.02200333333333333 
0 0.713625 0.18483 0.028595000000000027 0.03653666666666667 
0 0.471395 0.17583333333333334 0.016 0.04174333333333334 
0 0.832125 0.17430666666666667 0.011457499999999982 0.03459000000000003 
0 0.826625 0.17873666666666668 0.014707499999999981 0.049219999999999986 
0 0.212875 0.17683333333333334 0.0208125 0.03765666666666668 
0 0.35 0.17564 0.0208125 0.036160000000000005 
0 0.540625 0.17716666666666667 0.024019999999999982 0.04582333333333334 
0 0.1876875 0.17533333333333334 0.0255625 0.03224333333333334 
0 0.44783249999999997 0.17983333333333335 0.01579250000000002 0.041666666666666664 
0 0.745375 0.17807666666666666 0.015875 0.05275666666666666 
0 0.79073 0.17883000000000002 0.011625 0.04450333333333333 
0 0.2265625 0.17991666666666667 0.0229375 0.055820000000000015 
0 0.572145 0.1805 0.0245 0.03174333333333334 
0 0.7334075 0.18196 0.01577999999999997 0.04249333333333334 
0 0.660375 0.18549666666666667 0.028375 0.03382000000000001 
0 0.3196875 0.18536000000000002 0.0200625 0.04165666666666664 
0 0.580145 0.18408333333333332 0.02575 0.03757333333333334 
0 0.137625 0.1875 0.03524000000000001 0.019666666666666666 
0 0.289125 0.1875 0.01925 0.03666666666666667 
0 0.64077 0.18016000000000001 0.0205 0.03815666666666668 
0 0.339375 0.18697333333333332 0.0159375 0.03998666666666668 
0 0.667375 0.19037666666666667 0.03175 0.03279 
0 0.4784575 0.19091666666666668 0.0225 0.04791000000000001 
0 0.208125 0.19041333333333332 0.0223125 0.03575333333333333 
0 0.488125 0.19316666666666665 0.020519999999999983 0.05266666666666667 
0 0.49777 0.20366666666666666 0.018355000000000017 0.04574000000000001 
0 0.5965825 0.1945 0.03554250000000002 0.026156666666666675 
0 0.3665 0.19396999999999998 0.027375 0.03166000000000001 
0 0.361625 0.20948000000000003 0.0285 0.034569999999999976 
0 0.37075 0.23321999999999998 0.017625 0.04365333333333334 
0 0.361125 0.22447 0.01325 0.03632333333333334 
0 0.1964375 0.19391333333333333 0.0165625 0.042406666666666676 
0 0.206625 0.20516 0.0264375 0.041740000000000006 
0 0.239375 0.19616666666666666 0.02025 0.035333333333333335 
0 0.1805625 0.19491333333333333 0.020375 0.03865666666666667 
0 0.1679375 0.1979733333333333 0.02125 0.03443000000000002 
0 0.70125 0.19558333333333333 0.0145 0.055653333333333346 
0 0.437395 0.21400333333333332 0.0196875 0.03674000000000001 
0 0.8914375 0.19715000000000002 0.023 0.03234999999999998 
0 0.276125 0.20016666666666666 0.018375 0.04865333333333335 
0 0.3510625 0.2005 0.02 0.030666666666666665 
0 0.5400825 0.19716333333333333 0.01975 0.047653333333333346 
0 0.395395 0.20050666666666667 0.021375 0.033163333333333336 
0 0.41308249999999996 0.21942333333333333 0.0175625 0.02824333333333334 
0 0.40476 0.24642 0.02025999999999999 0.028326666666666674 
0 0.317125 0.20183333333333334 0.013125 0.04196666666666666 
0 0.327875 0.22216666666666668 0.02525 0.048876666666666665 
0 0.312625 0.23683333333333334 0.03175 0.039 
0 0.518875 0.20033 0.016769999999999983 0.055163333333333335 
0 0.513875 0.2115 0.008519999999999982 0.026 
0 0.51452 0.23566333333333334 0.012105000000000019 0.023836666666666662 
0 0.765625 0.20025666666666667 0.012542500000000019 0.04898666666666668 
0 0.2510425 0.20215666666666668 0.02100000000000003 0.04466333333333334 
0 0.24398 0.22649333333333335 0.01739500000000001 0.040673333333333325 
0 0.23135499999999998 0.22935 0.02127000000000001 0.04748333333333335 
0 0.689875 0.20341333333333333 0.012625 0.05032000000000001 
0 0.14399 0.20509666666666665 0.031 0.01649333333333334 
0 0.713875 0.20466333333333334 0.024282500000000026 0.03923666666666668 
0 0.722375 0.21807333333333334 0.0255 0.036759999999999994 
0 0.857625 0.20739666666666667 0.0170625 0.04176999999999998 
0 0.6197075 0.20916666666666667 0.0201875 0.03866666666666667 
0 0.781625 0.20633666666666667 0.013730000000000018 0.04907000000000001 
0 0.607125 0.20907666666666666 0.016832499999999983 0.043089999999999996 
0 0.63127 0.21216666666666667 0.0124375 0.045576666666666675 
0 0.533625 0.21157666666666666 0.02066750000000002 0.04292 
0 0.651395 0.21133666666666667 0.0169375 0.035323333333333345 
0 0.678875 0.21120333333333333 0.0139375 0.042963333333333326 
0 0.588875 0.21507666666666667 0.01939499999999998 0.050823333333333345 
0 0.641375 0.21317 0.016457499999999983 0.047570000000000015 
0 0.66052 0.21500333333333332 0.02425 0.04382333333333334 
0 0.2620725 0.2175 0.01430250000000001 0.038903333333333345 
0 0.554625 0.2185 0.017207499999999983 0.03766666666666667 
0 0.15128 0.21665666666666666 0.028095 0.038336666666666665 
0 0.13422 0.21872333333333333 0.03586250000000001 0.02897666666666669 
0 0.462625 0.2205 0.020519999999999983 0.053153333333333344 
0 0.7516675 0.21842 0.0221875 0.047820000000000015 
0 0.793875 0.22091333333333332 0.025417500000000016 0.018160000000000006 
0 0.40052 0.22233999999999998 0.015355000000000018 0.04107000000000001 
0 0.26649 0.22212333333333334 0.0185 0.04111333333333334 
0 0.453625 0.22408333333333333 0.013707499999999982 0.028076666666666673 
0 0.471145 0.22341 0.018125 0.03865666666666667 
0 0.338375 0.22229666666666667 0.024125 0.030583333333333334 
0 0.799375 0.23032666666666668 0.014292500000000019 0.04583999999999999 
0 0.8329575 0.23045666666666667 0.02475 0.03049333333333334 
0 0.3819375 0.23113999999999998 0.0186875 0.03449333333333334 
0 0.73675 0.22825 0.01833249999999998 0.05344666666666668 
0 0.1726975 0.23646666666666666 0.020447500000000018 0.029373333333333335 
0 0.165375 0.2418533333333333 0.01675 0.03688666666666669 
0 0.188895 0.24384333333333333 0.0238125 0.05148666666666668 
0 0.176375 0.25283333333333335 0.01713499999999999 0.04446 
0 0.785125 0.23708 0.01679250000000002 0.041323333333333344 
0 0.704605 0.2385 0.0190625 0.01703000000000001 
0 0.7732925 0.23171 0.0138125 0.05119333333333335 
0 0.885875 0.23772333333333331 0.0181875 0.04977666666666668 
0 0.8086675 0.2395 0.0170625 0.042416666666666665 
0 0.11991750000000001 0.2395 0.023727500000000006 0.04857000000000001 
0 0.609395 0.23674 0.01525 0.02982666666666667 
0 0.14464500000000002 0.2423 0.02432499999999999 0.036186666666666686 
0 0.154125 0.2775 0.018207500000000012 0.05205999999999998 
0 0.7517075 0.24237333333333333 0.010167500000000019 0.042156666666666676 
0 0.851125 0.24516666666666667 0.025375 0.04199333333333334 
0 0.21452000000000002 0.24616666666666667 0.023959999999999978 0.02392999999999999 
0 0.4854575 0.24616666666666667 0.0179375 0.036903333333333344 
0 0.6172925 0.2457366666666667 0.020852499999999965 0.036419999999999994 
0 0.724875 0.24537333333333333 0.01375 0.05379333333333333 
0 0.20189500000000002 0.24684333333333333 0.027125 0.03699000000000001 
0 0.209875 0.2684 0.01370750000000001 0.045026666666666645 
0 0.276125 0.24729333333333334 0.02539499999999998 0.02620666666666667 
0 0.870625 0.24747 0.0183125 0.044696666666666676 
0 0.41589499999999996 0.2495 0.022730000000000018 0.02 
0 0.0980425 0.24826666666666666 0.024082499999999996 0.036390000000000026 
0 0.297375 0.24946333333333334 0.028125 0.02876333333333332 
0 0.44883249999999997 0.2503266666666667 0.021375 0.023160000000000007 
0 0.6845825 0.25083333333333335 0.03564750000000003 0.02382000000000001 
0 0.25210499999999997 0.24981333333333336 0.016062500000000028 0.05904999999999999 
0 0.26133249999999997 0.2618333333333333 0.014542500000000019 0.036613333333333345 
0 0.5397075 0.2509166666666667 0.02325 0.035660000000000004 
0 0.7617075 0.25520333333333334 0.013417500000000018 0.05296333333333333 
0 0.14370750000000002 0.25608000000000003 0.0181875 0.04882000000000001 
0 0.431145 0.2589166666666667 0.023625 0.035160000000000004 
0 0.833375 0.25983333333333336 0.0145 0.028666666666666667 
0 0.356125 0.2579633333333333 0.02075 0.03220333333333334 
0 0.118 0.25843 0.022020000000000012 0.05110000000000002 
0 0.736395 0.26011666666666666 0.0143125 0.03815666666666668 
0 0.701145 0.2615366666666667 0.018 0.04274666666666667 
0 0.187645 0.26416666666666666 0.01947999999999999 0.03666666666666667 
0 0.713625 0.26203333333333334 0.01629250000000002 0.05297999999999998 
0 0.7917925 0.26516666666666666 0.0144375 0.027 
0 0.084605 0.26483 0.0200625 0.04024000000000001 
0 0.0770425 0.2697466666666667 0.028875 0.04473666666666668 
0 0.884125 0.26575 0.03019749999999999 0.03741666666666667 
0 0.656145 0.26565666666666665 0.0313125 0.028160000000000004 
0 0.671375 0.2710266666666667 0.02529250000000002 0.03380666666666665 
0 0.103625 0.2675 0.01525 0.042333333333333334 
0 0.218895 0.2678333333333333 0.01622999999999999 0.044 
0 0.23373 0.2676466666666667 0.00925 0.046993333333333304 
0 0.2803325 0.2669533333333333 0.025125 0.02982666666666667 
0 0.278625 0.2738333333333333 0.01325 0.036 
0 0.300125 0.27537 0.016519999999999983 0.017129999999999996 
0 0.386125 0.2705 0.02220749999999998 0.028906666666666674 
0 0.401395 0.27258333333333334 0.022375 0.03024000000000001 
0 0.819375 0.2705 0.019 0.04533333333333334 
0 0.267125 0.26937333333333335 0.016582499999999983 0.047126666666666664 
0 0.137875 0.26549333333333336 0.01627000000000001 0.055049999999999995 
0 0.691625 0.27269000000000004 0.015042500000000018 0.04965666666666664 
0 0.2397925 0.27373333333333333 0.015375 0.03865666666666664 
0 0.42701999999999996 0.27791333333333335 0.0170625 0.026326666666666672 
0 0.854125 0.27441333333333334 0.019832499999999982 0.04042 
0 0.1694575 0.27465666666666666 0.025625 0.04640333333333331 
0 0.740125 0.27703 0.028582499999999983 0.03280333333333332 
0 0.777875 0.2771666666666667 0.02029250000000002 0.02599333333333334 
0 0.31027 0.27815666666666666 0.022772500000000036 0.02900999999999999 
0 0.5162074999999999 0.27791 0.03175 0.03774000000000001 
0 0.547375 0.27982666666666667 0.025144999999999983 0.026160000000000006 
0 0.1073225 0.2789933333333333 0.022562499999999985 0.045806666666666655 
0 0.805125 0.2815 0.02148000000000002 0.036 
0 0.3322925 0.28248666666666666 0.016625 0.027160000000000007 
0 0.87927 0.28725 0.03775 0.03832333333333334 
0 0.763875 0.281 0.019605000000000018 0.04616666666666667 
0 0.839875 0.28783333333333333 0.01825 0.03966666666666667 
0 0.35870749999999996 0.2885 0.024 0.026333333333333334 
0 0.1654575 0.28665333333333337 0.022375 0.04917999999999999 
0 0.793375 0.29383333333333334 0.026605000000000018 0.04033333333333333 
0 0.29008249999999997 0.29311333333333334 0.0256875 0.03024333333333334 
0 0.6812925 0.2944366666666666 0.0145 0.030406666666666676 
0 0.913625 0.29583333333333334 0.025125 0.03333333333333333 
0 0.548625 0.29466333333333333 0.027769999999999982 0.03383666666666666 
0 0.1982075 0.29825666666666667 0.0234375 0.05099333333333334 
0 0.6894175 0.30235 0.025 0.03865666666666667 
0 0.827375 0.3035 0.01925 0.036 
0 0.820625 0.3345 0.024625 0.034 
0 0.89101 0.30212333333333335 0.025125 0.03878333333333334 
0 0.1867075 0.3045 0.0183125 0.042416666666666665 
0 0.384375 0.30183333333333334 0.011207499999999981 0.04590666666666668 
0 0.7067925 0.30626666666666663 0.0228125 0.056130000000000034 
0 0.776125 0.30816 0.02448000000000002 0.04626333333333332 
0 0.943875 0.30983333333333335 0.0225 0.046210000000000036 
0 0.1085 0.30855666666666665 0.036572499999999994 0.034160000000000044 
0 0.36551999999999996 0.31133333333333335 0.020625 0.038903333333333345 
0 0.797625 0.31690666666666667 0.01748000000000002 0.044926666666666656 
0 0.760375 0.3156 0.023 0.04956666666666668 
0 0.3972075 0.32433666666666666 0.021710000000000035 0.024783333333333303 
0 0.787125 0.32793 0.013625 0.038570000000000014 
0 0.765375 0.3445 0.02425 0.030666666666666665 
0 0.765125 0.3639233333333333 0.02075 0.028576666666666674 
0 0.855625 0.3298333333333333 0.015457499999999982 0.048 
0 0.830625 0.3308333333333333 0.0245 0.04733333333333333 
0 0.870125 0.32842 0.014894999999999981 0.04532333333333334 
0 0.901375 0.3335 0.01789499999999998 0.042 
0 0.918375 0.3358333333333333 0.0165 0.035666666666666666 
0 0.888125 0.33703666666666665 0.01926999999999998 0.052796666666666665 
0 0.64148 0.34407 0.0201875 0.024910000000000005 
0 0.18195750000000002 0.34590333333333334 0.030125 0.038653333333333345 
0 0.3940825 0.3473333333333333 0.0118125 0.032153333333333346 
0 0.88127 0.3501666666666667 0.013855000000000018 0.04533333333333334 
0 0.64523 0.35231666666666667 0.02125 0.027243333333333338 
0 0.84575 0.35080333333333336 0.011875 0.03402999999999997 
0 0.786875 0.35783333333333334 0.01975 0.04066666666666666 
0 0.6248325 0.3547966666666667 0.018125 0.019993333333333262 
0 0.768125 0.36516666666666664 0.0265 0.038 
0 0.5707075 0.3676266666666667 0.024625 0.0474866666666666 
0 0.816625 0.37016666666666664 0.0165 0.0460333333333333 
0 0.832625 0.3715 0.014625 0.028 
0 0.867375 0.3715 0.01758249999999998 0.029653333333333344 
0 0.8510625 0.37263333333333337 0.0190625 0.036823333333333264 
0 0.794125 0.37416666666666665 0.01775 0.04252999999999997 
0 0.913375 0.37716666666666665 0.0175 0.042666666666666665 
0 0.9255 0.3762966666666667 0.026 0.037573333333333264 
0 0.807375 0.38616666666666666 0.011 0.029333333333333333 
0 0.420625 0.3905333333333333 0.0145 0.03207333333333334 
0 0.4298125 0.3985 0.0308125 0.024656666666666677 
0 0.883125 0.3995 0.027875 0.018119999999999966 
0 0.891375 0.40279 0.029 0.028410000000000005 
0 0.0650825 0.4048333333333333 0.015292500000000004 0.04278999999999997 
0 0.176875 0.40591333333333335 0.01725 0.04624000000000001 
0 0.39225 0.4065 0.02175 0.04 
0 0.012625 0.40463333333333334 0.022042499999999996 0.043593333333333324 
0 0.201875 0.4081666666666667 0.01425 0.04507000000000001 
0 0.221125 0.4081666666666667 0.017875 0.043400000000000015 
0 0.774375 0.40764666666666666 0.030375 0.024379999999999957 
0 0.250375 0.40733 0.016 0.04223666666666668 
0 0.408375 0.4098333333333333 0.0170625 0.028736666666666678 
0 0.051625 0.41083333333333333 0.0145 0.041 
0 0.288125 0.40898666666666667 0.033 0.02550333333333333 
0 0.23375 0.4115 0.011875 0.036 
0 0.239375 0.42149000000000003 0.015375 0.03300999999999999 
0 0.19125 0.4135 0.014125 0.04 
0 0.818625 0.41583333333333333 0.019 0.03966666666666667 
0 -0.000125 0.4165 0.0158325 0.04544999999999997 
0 0.0744575 0.4142966666666667 0.025625 0.036823333333333264 
0 0.37351999999999996 0.4158266666666667 0.0164375 0.03932333333333334 
0 0.3809575 0.4233266666666667 0.0210625 0.03182333333333334 
0 0.002625 0.4171666666666667 0.02148 0.04172666666666669 
0 0.105375 0.4175 0.0195 0.04066666666666666 
0 0.153625 0.4195 0.0159375 0.037066666666666685 
0 0.0947075 0.4172966666666667 0.017355000000000002 0.03769333333333331 
0 0.1215625 0.42083333333333334 0.019375 0.05014666666666669 
0 0.1439375 0.4265 0.0161875 0.043 
0 0.423375 0.4213233333333333 0.02425 0.042273333333333316 
0 0.1668125 0.42474333333333336 0.0234375 0.04190333333333335 
0 0.448125 0.42332333333333333 0.01725 0.03550999999999999 
0 0.457625 0.4295 0.01325 0.015 
0 0.134375 0.42849 0.0121875 0.041990000000000006 
0 0.46675 0.4305 0.012125 0.013483333333333349 
0 0.461875 0.4379866666666667 0.017125 0.026179999999999988 
0 0.5119175 0.42776666666666663 0.01775 0.04249000000000001 
0 0.213125 0.42907333333333336 0.0225 0.04875999999999999 
0 0.6556675000000001 0.4298633333333333 0.0146875 0.02824333333333334 
0 0.04248 0.43229333333333336 0.019645000000000003 0.026873333333333298 
0 0.5411675 0.43516666666666665 0.023457499999999982 0.035333333333333335 
0 0.546125 0.44326333333333334 0.02754250000000002 0.044653333333333343 
0 0.069875 0.43683333333333335 0.031 0.03161666666666663 
0 0.617115 0.44016666666666665 0.01750999999999999 0.03333333333333333 
0 0.474125 0.44016666666666665 0.0135 0.04033333333333333 
0 0.6316675 0.44161 0.0240625 0.02349666666666667 
0 0.404125 0.44298333333333334 0.019875 0.03284999999999998 
0 0.484875 0.44483333333333336 0.016375 0.03514333333333335 
0 0.494625 0.44516666666666665 0.00975 0.024666666666666667 
0 0.570375 0.44516666666666665 0.020394999999999983 0.034 
0 0.5209175 0.44443 0.015875 0.04932000000000001 
0 0.737375 0.4443766666666667 0.019832499999999982 0.03945666666666663 
0 0.207125 0.44607 0.020125 0.040320000000000016 
0 0.914875 0.4475 0.0204375 0.04206000000000002 
0 0.902625 0.44815333333333335 0.02025 0.04057333333333334 
0 0.58902 0.45416666666666666 0.020720000000000027 0.03417 
0 0.5774575 0.45816666666666667 0.0248125 0.036333333333333336 
0 0.6043025 0.4522633333333333 0.0165625 0.035200000000000044 
0 0.000125 0.45416666666666666 0.0085 0.014333333333333333 
0 0.531625 0.45516666666666666 0.015042500000000018 0.03991666666666667 
0 0.420375 0.4555 0.0155 0.02431333333333335 
0 0.885875 0.4558333333333333 0.0139375 0.036893333333333354 
0 0.3552075 0.45231000000000005 0.022375 0.042823333333333345 
0 0.896625 0.4544033333333333 0.0114375 0.03699000000000001 
0 0.870375 0.4552366666666667 0.01725 0.039820000000000015 
0 0.6540425 0.45585666666666663 0.015125 0.028326666666666674 
0 0.37851999999999997 0.45898333333333335 0.01675 0.03599000000000001 
0 0.666625 0.4572733333333333 0.029082499999999983 0.027323333333333342 
0 0.346625 0.4608166666666667 0.012832499999999981 0.023683333333333317 
0 0.743875 0.4625 0.02275 0.029 
0 0.371375 0.4628333333333333 0.010207499999999982 0.030333333333333334 
0 0.626105 0.46002333333333334 0.025125 0.034573333333333345 
0 0.6484175 0.4620233333333333 0.0155625 0.02624333333333334 
0 0.1255625 0.4655 0.0244375 0.019810000000000022 
0 0.0948125 0.4668333333333333 0.0283125 0.025316666666666682 
0 0.427 0.4705 0.018625 0.028893333333333354 
0 0.33195749999999996 0.4755 0.02 0.0351266666666667 
0 0.43775 0.4771666666666667 0.0155 0.022893333333333356 
0 0.434375 0.5331666666666667 0.01425 0.014 
0 0.783625 0.5331666666666667 0.013332499999999982 0.028666666666666667 
0 0.703375 0.53647 0.012207499999999982 0.022363333333333305 
0 0.5195425 0.5377366666666666 0.016375 0.02899333333333334 
0 0.654375 0.5386099999999999 0.01225 0.031223333333333356 
0 0.740875 0.5409666666666667 0.0125 0.027533333333333302 
0 0.603125 0.5438333333333333 0.01758249999999998 0.015 
0 0.544625 0.5485 0.01275 0.02666666666666667 
0 0.578875 0.5485 0.02308249999999998 0.018406666666666675 
0 0.312625 0.5518333333333333 0.01375 0.026333333333333334 
0 0.296875 0.54948 0.012 0.02799333333333334 
0 0.332375 0.5601666666666667 0.01833249999999998 0.022333333333333334 
0 0.601375 0.5695 0.01525 0.017733333333333347 
0 0.265625 0.5731666666666667 0.020082499999999982 0.023466666666666698 
0 0.039625 0.5755 0.02125 0.023 
0 0.018375 0.6089766666666667 0.02425 0.02399333333333334 
0 0.332875 0.7958333333333333 0.01025 0.030333333333333334 
0 0.1240825 0.22638666666666665 0.024000000000000014 0.03561666666666667 
0 0.17977 0.22777666666666668 0.0400625 0.022743333333333303 
0 0.287345 0.21957666666666667 0.029904999999999973 0.02793999999999998 
0 0.2990625 0.194 0.0216875 0.03449000000000001 
0 0.34591750000000004 0.28415333333333337 0.016875 0.035823333333333304 
0 0.342645 0.31199 0.0243125 0.034833333333333334 
0 0.42402 0.20034 0.01525 0.046653333333333345 
0 0.42889499999999997 0.19717333333333334 0.019875 0.04374000000000001 
0 0.5014575 0.23866333333333334 0.0160625 0.03449000000000001 
0 0.5007699999999999 0.2547433333333333 0.03625 0.02557666666666667 
0 0.8282925 0.21464666666666668 0.0294375 0.03323999999999997 
0 0.841355 0.19290333333333334 0.02 0.038073333333333306 
0 0.8723125 0.19098333333333334 0.02075 0.037323333333333306 
0 0.869875 0.21239666666666668 0.0295625 0.03748999999999997 
0 0.2674375 0.4400733333333333 0.0313125 0.027160000000000007 
0 0.2645 0.44949 0.026375 0.02649333333333334 
0 0.33002 0.44607 0.012 0.03165666666666667 
0 0.331395 0.4557333333333333 0.018 0.027576666666666673 
0 0.35570749999999995 0.42774 0.0119375 0.020163333333333335 
0 0.35552 0.42999 0.018625 0.02607666666666667 
