0 0.1560672514619883 0.5290570175438597 0.01608187134502924 0.048793859649122806 
0 0.21820175438596492 0.43146929824561403 0.01644736842105263 0.031524122807017545 
0 0.5796783625730995 0.6792763157894737 0.02631578947368421 0.05098684210526316 
0 0.195906432748538 0.5139802631578947 0.01827485380116959 0.022478070175438597 
0 0.9091739766081871 0.6839364035087719 0.024365862573099403 0.054300986842105305 
0 0.8717105263157895 0.6466557017543859 0.01644736842105263 0.03755482456140351 
0 0.23976608187134502 0.46922149122807016 0.01699561403508772 0.04530701754385964 
0 0.35562865497076024 0.5638706140350878 0.02850877192982456 0.021655701754385966 
0 0.2408625730994152 0.6186951754385965 0.018092105263157895 0.049342105263157895 
0 0.7547514619883041 0.6507675438596491 0.02101608187134503 0.03453947368421053 
0 0.1372441520467836 0.41118421052631576 0.02284356725146199 0.01864035087719298 
0 0.77046783625731 0.6543311403508771 0.027777777777777776 0.03508771929824561 
0 0.5546418128654971 0.6348684210526315 0.023574561403508772 0.04358552631578947 
0 0.40515350877192985 0.48848684210526316 0.015533625730994151 0.038651315789473686 
0 0.4996345029239766 0.6274671052631579 0.021747076023391813 0.044407894736842105 
0 0.910453216374269 0.7261513157894737 0.027046783625730993 0.04358552631578947 
0 0.3788377192982456 0.618421052631579 0.019554093567251463 0.05537280701754386 
0 0.10800438596491228 0.5010964912280702 0.021198830409356724 0.021107456140350877 
0 0.42616959064327486 0.5169956140350878 0.01663011695906433 0.03508771929824561 
0 0.5654239766081871 0.5932017543859649 0.01516812865497076 0.03481359649122807 
0 0.11787280701754387 0.4936951754385965 0.019554093567251463 0.023574561403508772 
0 0.8543494152046783 0.5545504385964912 0.019736842105263157 0.030153508771929825 
0 0.7300804093567251 0.3262061403508772 0.016812865497076022 0.03070175438596491 
0 0.9183114035087719 0.6389802631578947 0.029239766081871343 0.030153508771929825 
0 0.09055190058479533 0.5879934210526315 0.02860014619883041 0.043135964912280736 
0 0.42251461988304095 0.6167763157894737 0.02412280701754386 0.04824561403508772 
0 0.6973684210526315 0.6872258771929824 0.026498538011695907 0.043859649122807015 
0 0.12659904970760233 0.6493174342105263 0.0280062134502924 0.03187774122807017 
0 0.9543128654970761 0.6038925438596491 0.021929824561403508 0.043859649122807015 
0 0.8241959064327485 0.6151315789473685 0.018457602339181287 0.04029605263157895 
0 0.3079312865497076 0.5381030701754386 0.01425438596491228 0.023300438596491228 
0 0.12554824561403508 0.44106359649122806 0.014802631578947368 0.02905701754385965 
0 0.9283625730994152 0.5592105263157895 0.024305555555555556 0.04194078947368421 
0 0.37372076023391815 0.5024671052631579 0.011878654970760233 0.035910087719298246 
0 0.8896198830409356 0.5646929824561403 0.01918859649122807 0.03453947368421053 
0 0.6504020467836257 0.49698464912280704 0.019919590643274854 0.03399122807017544 
0 0.31761695906432746 0.4281798245614035 0.013706140350877192 0.03179824561403509 
0 0.2633406432748538 0.5381030701754386 0.01663011695906433 0.043859649122807015 
0 0.2459795321637427 0.3969298245614035 0.023026315789473683 0.014528508771929825 
0 0.43567251461988304 0.44819078947368424 0.015716374269005847 0.033168859649122806 
0 0.5392909356725146 0.6096491228070176 0.02412280701754386 0.04057017543859649 
0 0.1112938596491228 0.5216557017543859 0.027046783625730993 0.025737390350877222 
0 0.5588450292397661 0.5213815789473685 0.01663011695906433 0.020285087719298246 
0 0.612390350877193 0.4575109649122807 0.012244152046783625 0.02549342105263158 
0 0.508406432748538 0.5493421052631579 0.022112573099415205 0.027412280701754384 
0 0.8733552631578947 0.5877192982456141 0.020285087719298246 0.03782894736842105 
0 0.2227704678362573 0.5737390350877193 0.03216374269005848 0.028782894736842105 
0 0.7573099415204678 0.6855811403508771 0.035818713450292396 0.024396929824561403 
0 0.39089912280701755 0.4270833333333333 0.01023391812865497 0.023300438596491228 
0 0.4621710526315789 0.5572916666666666 0.026133040935672515 0.03536184210526316 
0 0.6624634502923976 0.6683114035087719 0.017178362573099414 0.04824561403508772 
0 0.97953216374269 0.515625 0.020285087719298246 0.0200109649122807 
0 0.28307748538011696 0.5561951754385965 0.024305555555555556 0.026589912280701754 
0 0.3225511695906433 0.41036184210526316 0.02046783625730994 0.026041666666666668 
0 0.3839546783625731 0.49506578947368424 0.010964912280701754 0.04185581140350879 
0 0.5434941520467836 0.6247258771929824 0.02850877192982456 0.03344298245614035 
0 0.2543859649122807 0.5759320175438597 0.02631578947368421 0.033168859649122806 
0 0.7322733918128655 0.5106907894736842 0.02101608187134503 0.02987938596491228 
0 0.7841739766081871 0.48355263157894735 0.01882309941520468 0.02549342105263158 
0 0.24671052631578946 0.4980811403508772 0.019736842105263157 0.0356359649122807 
0 0.9013157894736842 0.5260416666666666 0.023757309941520467 0.039473684210526314 
0 0.31779970760233917 0.7442434210526315 0.029788011695906433 0.04851973684210526 
0 0.8673245614035088 0.6252741228070176 0.017726608187134504 0.03125 
0 0.6001461988304093 0.47560307017543857 0.019736842105263157 0.024945175438596492 
0 0.674890350877193 0.6981907894736842 0.024671052631578948 0.0400219298245614 
0 0.4130116959064328 0.4350328947368421 0.014985380116959063 0.03673245614035088 
0 0.33881578947368424 0.6263706140350878 0.022112573099415205 0.04468201754385965 
0 0.6355994152046783 0.6995614035087719 0.02722953216374269 0.041666666666666664 
0 0.6260964912280702 0.4761513157894737 0.019736842105263157 0.04183388157894734 
0 0.4857456140350877 0.5901864035087719 0.02320906432748538 0.033717105263157895 
0 0.5789473684210527 0.5868969298245614 0.01882309941520468 0.0356359649122807 
0 0.2465277777777778 0.4298245614035088 0.013888888888888888 0.036458333333333336 
0 0.3207236842105263 0.5819627192982456 0.022112573099415205 0.02850877192982456 
0 0.5243055555555556 0.5285087719298246 0.03216374269005848 0.02275219298245614 
0 0.6979166666666666 0.6768092105263158 0.01918859649122807 0.023026315789473683 
0 0.4224232456140351 0.41834155701754383 0.02238669590643275 0.02930098684210529 
0 0.8108552631578947 0.5567434210526315 0.016812865497076022 0.038651315789473686 
0 0.8079312865497076 0.5885416666666666 0.014985380116959063 0.030153508771929825 
0 0.5407529239766082 0.5 0.015716374269005847 0.022203947368421052 
0 0.2591374269005848 0.4270833333333333 0.010599415204678362 0.03508771929824561 
0 0.14656432748538012 0.46792763157894735 0.016264619883040937 0.032072368421052634 
0 0.29258040935672514 0.4106359649122807 0.025219298245614034 0.015625 
0 0.8216374269005848 0.5148026315789473 0.015533625730994151 0.024671052631578948 
0 0.3971125730994152 0.43146929824561403 0.012975146198830409 0.026589912280701754 
0 0.34502923976608185 0.5356359649122807 0.020650584795321638 0.024396929824561403 
0 0.8793859649122807 0.555921052631579 0.017726608187134504 0.02412280701754386 
0 0.40058479532163743 0.4564144736842105 0.012975146198830409 0.03453947368421053 
0 0.7620614035087719 0.5699013157894737 0.018092105263157895 0.046052631578947366 
0 0.10124269005847954 0.32894736842105265 0.023026315789473683 0.02412280701754386 
0 0.20723684210526316 0.5520833333333334 0.014985380116959063 0.043859649122807015 
0 0.956140350877193 0.5767543859649122 0.02503654970760234 0.0268640350877193 
0 0.9099049707602339 0.26781798245614036 0.020285087719298246 0.01836622807017544 
0 0.33753654970760233 0.4114583333333333 0.015533625730994151 0.031524122807017545 
0 0.24798976608187134 0.4136513157894737 0.01827485380116959 0.01781798245614035 
0 0.6557017543859649 0.5701754385964912 0.012244152046783625 0.02987938596491228 
0 0.5043859649122807 0.49451754385964913 0.017909356725146198 0.02275219298245614 
0 0.7492690058479532 0.5463267543859649 0.014985380116959063 0.033717105263157895 
0 0.20559210526315788 0.46326754385964913 0.023391812865497075 0.01864035087719298 
0 0.504203216374269 0.4369517543859649 0.019460891812865456 0.0400219298245614 
0 0.9530336257309941 0.5348135964912281 0.025219298245614034 0.027412280701754384 
0 0.16776315789473684 0.32401315789473684 0.018457602339181287 0.015899122807017545 
0 0.6610014619883041 0.6077302631578947 0.01663011695906433 0.025219298245614034 
0 0.34137426900584794 0.5622258771929824 0.016264619883040937 0.03536184210526316 
0 0.6034356725146199 0.5964912280701754 0.011695906432748537 0.030975877192982455 
0 0.021198830409356724 0.5265652412280702 0.03527046783625731 0.028259320175438574 
0 0.1838450292397661 0.40405701754385964 0.027960526315789474 0.02549342105263158 
0 0.024305555555555556 0.5509868421052632 0.020833333333333332 0.044407894736842105 
0 0.912828947368421 0.5836074561403509 0.013157894736842105 0.033168859649122806 
0 0.6884137426900585 0.5087719298245614 0.02138157894736842 0.03399122807017544 
0 0.5794956140350878 0.6121162280701754 0.017361111111111112 0.04468201754385965 
0 0.6337719298245614 0.6491228070175439 0.016811038011695867 0.05016447368421053 
0 0.04349415204678363 0.30893640350877194 0.018092105263157895 0.019736842105263157 
0 0.04294590643274854 0.5224780701754386 0.02850877192982456 0.04139254385964912 
0 0.5652412280701754 0.44764254385964913 0.013523391812865496 0.026041666666666668 
0 0.8037280701754386 0.5419407894736842 0.017909356725146198 0.021655701754385966 
0 0.2764985380116959 0.5093201754385965 0.010416666666666666 0.034265350877192985 
0 0.36312134502923976 0.5101425438596491 0.010782163742690058 0.03782894736842105 
0 0.40789473684210525 0.3977521929824561 0.011878654970760233 0.022203947368421052 
0 0.9809941520467836 0.6869517543859649 0.018457602339181287 0.05071271929824561 
0 0.8534356725146199 0.6148574561403509 0.017909356725146198 0.02412280701754386 
0 0.28376279239766083 0.43427083333333333 0.018686038011695907 0.03612390350877192 
0 0.27503654970760233 0.45230263157894735 0.014802631578947368 0.0268640350877193 
0 0.3751827485380117 0.5575657894736842 0.01663011695906433 0.043859649122807015 
0 0.48812134502923976 0.4276315789473684 0.023757309941520467 0.02138157894736842 
0 0.7615131578947368 0.5433114035087719 0.014802631578947368 0.04057017543859649 
0 0.756578947368421 0.494827302631579 0.015074926900584755 0.02134594298245611 
0 0.4159356725146199 0.5263157894736842 0.013157894736842105 0.025767543859649123 
0 0.3881578947368421 0.4791666666666667 0.01516812865497076 0.016721491228070175 
0 0.19791666666666666 0.47423245614035087 0.017543859649122806 0.02631578947368421 
0 0.05007309941520468 0.2768640350877193 0.024671052631578948 0.01644736842105263 
0 0.933296783625731 0.47423245614035087 0.014985380116959063 0.02055921052631579 
0 0.9373172514619883 0.4901315789473684 0.020650584795321638 0.03125 
0 0.3214546783625731 0.5504385964912281 0.017361111111111112 0.03508771929824561 
0 0.810124269005848 0.5002741228070176 0.019736842105263157 0.03508771929824561 
0 0.3618421052631579 0.4465460526315789 0.022112573099415205 0.029331140350877194 
0 0.539656432748538 0.4758771929824561 0.02010233918128655 0.03289473684210526 
0 0.685124269005848 0.6356907894736842 0.020833333333333332 0.04057017543859649 
0 0.9747807017543859 0.5482456140350878 0.02448830409356725 0.029605263157894735 
0 0.5588450292397661 0.6483004385964912 0.02448830409356725 0.04906798245614035 
0 0.3536184210526316 0.6047149122807017 0.033441154970760195 0.03353892543859647 
0 0.8053728070175439 0.5254934210526315 0.014802631578947368 0.020285087719298246 
0 0.7050438596491229 0.5189144736842105 0.014985380116959063 0.035910087719298246 
0 0.6546052631578947 0.5271381578947368 0.014437134502923976 0.02549342105263158 
0 0.7383040935672515 0.5605811403508771 0.01882309941520468 0.03481359649122807 
0 0.4550438596491228 0.5556222587719298 0.02603983918128651 0.027711074561403485 
0 0.1822002923976608 0.47286184210526316 0.01827485380116959 0.03125 
0 0.5332602339181286 0.5720942982456141 0.026133040935672515 0.027960526315789474 
0 0.3344298245614035 0.4610745614035088 0.013157894736842105 0.03892543859649123 
0 0.049707602339181284 0.5841557017543859 0.03527046783625731 0.03344298245614035 
0 0.35233918128654973 0.5934758771929824 0.025219298245614034 0.01644736842105263 
0 0.7571271929824561 0.615953947368421 0.01663011695906433 0.03508771929824561 
0 0.7627923976608187 0.5038377192982456 0.021747076023391813 0.019736842105263157 
0 0.7310836988304094 0.4882127192982456 0.015444078947368461 0.03539199561403506 
0 0.8331505847953217 0.5997807017543859 0.019005847953216373 0.04057017543859649 
0 0.35599415204678364 0.4772478070175439 0.012792397660818713 0.03673245614035088 
0 0.6372441520467836 0.49917763157894735 0.019554093567251463 0.03070175438596491 
0 0.4237938596491228 0.5564692982456141 0.01206140350877193 0.029605263157894735 
0 0.3580043859649123 0.4311951754385965 0.013157894736842105 0.03070175438596491 
0 0.46637426900584794 0.5956688596491229 0.03481176900584791 0.03478892543859645 
0 0.46765350877192985 0.5098684210526315 0.017178362573099414 0.03481359649122807 
0 0.9769736842105263 0.6296600877192983 0.015716374269005847 0.0268640350877193 
0 0.2821637426900585 0.4641474780701754 0.02700109649122807 0.026258223684210515 
0 0.5274122807017544 0.5975877192982456 0.019554093567251463 0.05866228070175439 
0 0.6085526315789473 0.5397478070175439 0.01516812865497076 0.03700657894736842 
0 0.4925073099415205 0.4624451754385965 0.02101608187134503 0.01836622807017544 
0 0.3680555555555556 0.41776315789473684 0.013523391812865496 0.029605263157894735 
0 0.1838450292397661 0.5263157894736842 0.027777777777777776 0.020833333333333332 
0 0.12006578947368421 0.5949643640350877 0.04065972222222222 0.03469572368421057 
0 0.9153874269005848 0.6537828947368421 0.01425438596491228 0.03837719298245614 
0 0.28636695906432746 0.43283991228070173 0.027412280701754384 0.014802631578947368 
0 0.6829312865497076 0.5764802631578947 0.01663011695906433 0.04990679824561402 
0 0.512609649122807 0.4876644736842105 0.013523391812865496 0.03344298245614035 
0 0.8344298245614035 0.5677083333333334 0.020833333333333332 0.02412280701754386 
0 0.4413377192982456 0.48692708333333334 0.013614766081871345 0.04706414473684212 
0 0.3357090643274854 0.5024671052631579 0.01882309941520468 0.03755482456140351 
0 0.7521929824561403 0.5263157894736842 0.012792397660818713 0.02631578947368421 
0 0.5179093567251462 0.522203947368421 0.021564327485380116 0.01343201754385965 
0 0.8934576023391813 0.6721491228070176 0.01644736842105263 0.0556469298245614 
0 0.5467836257309941 0.5852521929824561 0.028326023391812866 0.027412280701754384 
0 0.649671052631579 0.6650219298245614 0.016264619883040937 0.05016447368421053 
0 0.575109649122807 0.49122807017543857 0.017178362573099414 0.02768640350877193 
0 0.8678728070175439 0.5635964912280702 0.015716374269005847 0.03508771929824561 
0 0.2987938596491228 0.4457236842105263 0.02503654970760234 0.01864035087719298 
0 0.42233187134502925 0.44243421052631576 0.012609649122807017 0.027138157894736843 
0 0.9236111111111112 0.6957236842105263 0.023026315789473683 0.03481359649122807 
0 0.9457236842105263 0.6255482456140351 0.014802631578947368 0.043859649122807015 
0 0.433296783625731 0.5422149122807017 0.01663011695906433 0.041666666666666664 
0 0.16191520467836257 0.46463815789473684 0.010782163742690058 0.046600877192982455 
0 0.20888157894736842 0.4517543859649123 0.017909356725146198 0.012883771929824562 
0 0.8510599415204678 0.5060307017543859 0.016812865497076022 0.02138157894736842 
0 0.38029970760233917 0.4492872807017544 0.014985380116959063 0.029331140350877194 
0 0.195906432748538 0.43776041666666665 0.021471125730994155 0.03318256578947367 
0 0.14638157894736842 0.5268640350877193 0.0133406432748538 0.04139254385964912 
0 0.8470394736842105 0.5841557017543859 0.014985380116959063 0.02905701754385965 
0 0.4161184210526316 0.6031798245614035 0.014709429824561363 0.04566885964912278 
0 0.16593567251461988 0.5473876096491228 0.0266812865497076 0.03261239035087726 
0 0.25712536549707604 0.625764802631579 0.012426900584795321 0.04220394736842106 
0 0.2679075292397661 0.6115131578947369 0.021929824561403508 0.053440241228070125 
0 0.2856341374269006 0.570405701754386 0.017909356725146198 0.04960526315789475 
0 0.29860928362573097 0.5572532894736841 0.02320906432748538 0.05398848684210528 
0 0.30993969298245616 0.5643777412280702 0.019371345029239765 0.055907346491228145 
0 0.315422149122807 0.590139802631579 0.034173976608187134 0.051521381578947444 
0 0.27375548245614034 0.5863020833333333 0.016264619883040937 0.030693530701754457 
0 0.35050986842105264 0.6169956140350877 0.02540204678362569 0.033983004385964855 
0 0.049342105263157895 0.49530975877192984 0.017724780701754386 0.03644736842105258 
0 0.06158442982456141 0.48653782894736847 0.0268640350877193 0.038368969298245556 
0 0.06724963450292398 0.4783168859649123 0.022112573099415205 0.037820723684210474 
0 0.0972203947368421 0.48790844298245617 0.011513157894736841 0.023569078947368365 
0 0.10781980994152048 0.4544764254385965 0.01864035087719298 0.04576480263157896 
0 0.11741593567251463 0.4632593201754386 0.01845577485380117 0.03425438596491229 
0 0.13980080409356727 0.48518366228070176 0.02421418128654971 0.02904879385964913 
0 0.1302997076023392 0.48518366228070176 0.012425073099415207 0.04028508771929826 
0 0.13998355263157894 0.5062856359649123 0.02640716374269006 0.023566337719298253 
0 0.13121345029239767 0.5230016447368421 0.01845577485380117 0.04288925438596486 
0 0.17196454678362574 0.5146436403508772 0.02503654970760234 0.03192708333333334 
0 0.12682748538011696 0.47093201754385966 0.01936951754385965 0.030145285087719305 
0 0.13879568713450294 0.4438020833333333 0.014345760233918129 0.033157894736842115 
0 0.0805921052631579 0.5304002192982457 0.020650584795321638 0.0342571271929824 
0 0.05025584795321637 0.6112609649122808 0.029788011695906433 0.031652960526315735 
0 0.07684576023391813 0.6035882675438596 0.010782163742690058 0.038914473684210533 
0 0.08333333333333333 0.5953673245614035 0.017909356725146198 0.0501507675438596 
0 0.1032529239766082 0.5978344298245615 0.027684576023391815 0.051247258771929774 
0 0.10526315789473684 0.6297916666666666 0.02275219298245614 0.05104166666666662 
0 0.11440058479532164 0.6224616228070174 0.029102704678362575 0.052686403508772 
0 0.16662097953216373 0.5421381578947368 0.03193530701754386 0.020348135964912223 
0 0.17726608187134502 0.5447423245614035 0.026133040935672515 0.041929824561403456 
0 0.18987573099415206 0.5409731359649123 0.025126096491228073 0.053029057017543874 
0 0.15314144736842106 0.4480372807017544 0.015442251461988304 0.03412006578947369 
0 0.1558826754385965 0.4359786184210526 0.026498538011695907 0.0316529605263158 
0 0.14994334795321637 0.41912554824561404 0.036823830409356724 0.024662828947368428 
0 0.17242141812865497 0.42858004385964915 0.014619883040935672 0.03220120614035089 
0 0.186218932748538 0.4270723684210526 0.013706140350877192 0.03781798245614036 
0 0.17233004385964912 0.46064418859649126 0.014163011695906433 0.0371326754385965 
0 0.1886860380116959 0.46516447368421054 0.014071637426900584 0.02959703947368422 
0 0.1978234649122807 0.4141913377192983 0.017086988304093567 0.032338267543859656 
0 0.21061586257309942 0.40569627192982455 0.015533625730994151 0.0326123903508772 
0 0.1981889619883041 0.43899396929824563 0.026041666666666668 0.035487938596491235 
0 0.16383223684210527 0.49929824561403513 0.02805190058479532 0.030282346491228077 
0 0.17434027777777777 0.495874451754386 0.021290204678362575 0.01877192982456141 
0 0.21514071637426901 0.40713815789473684 0.031980994152046784 0.029188596491228076 
0 0.2309941520467836 0.40837171052631577 0.02585891812865497 0.028366228070175442 
0 0.23336988304093567 0.42748629385964915 0.014665570175438597 0.039533991228070185 
0 0.22870979532163743 0.4617543859649123 0.014802631578947368 0.02651315789473685 
0 0.2399031432748538 0.4596984649122807 0.027183845029239765 0.02754111842105264 
0 0.22605994152046785 0.4688103070175439 0.015031067251461989 0.03158442982456141 
0 0.23510599415204678 0.4862143640350877 0.012152777777777778 0.036515899122807026 
0 0.19430738304093567 0.49663377192982455 0.03024488304093567 0.02151315789473685 
0 0.2128563596491228 0.5106112938596491 0.015259502923976608 0.04220394736842106 
0 0.21313048245614036 0.4796436403508772 0.011467470760233918 0.021650219298245617 
0 0.22062317251461988 0.48074013157894735 0.01585343567251462 0.04638157894736843 
0 0.22039473684210525 0.5186376096491228 0.01896016081871345 0.05330317982456142 
0 0.22711074561403508 0.5320668859649123 0.015670687134502925 0.04905427631578942 
0 0.2351516812865497 0.5340542763157895 0.01987390350877193 0.03747532894736843 
0 0.2507309941520468 0.5406332236842105 0.017086988304093567 0.05885416666666662 
0 0.23442068713450293 0.5646134868421053 0.01987390350877193 0.014046052631578888 
0 0.24538559941520469 0.5811924342105264 0.009822733918128655 0.02404879385964913 
0 0.23729897660818713 0.519046052631579 0.012152777777777778 0.02151315789473685 
0 0.2480811403508772 0.5233607456140351 0.031432748538011694 0.02398026315789474 
0 0.2537920321637427 0.5052055921052632 0.023163377192982455 0.03089912280701755 
0 0.26987390350877194 0.553922697368421 0.029468201754385966 0.024734100877192987 
0 0.27997076023391815 0.5175411184210527 0.019508406432748537 0.03987664473684211 
0 0.25511695906432746 0.46106085526315793 0.012333698830409358 0.03356907894736843 
0 0.26269919590643276 0.4665405701754386 0.016264619883040937 0.02178728070175439 
0 0.2566703216374269 0.483530701754386 0.024029605263157897 0.015348135964912283 
0 0.26617141812865497 0.4928508771929825 0.028691520467836257 0.02151315789473685 
0 0.26635416666666667 0.4358470394736842 0.012244152046783625 0.03494243421052632 
0 0.26781798245614036 0.4063678728070176 0.021471125730994155 0.03041940789473685 
0 0.2792379385964912 0.3988322368421053 0.03536184210526316 0.0282264254385965 
0 0.2737573099415205 0.4216639254385965 0.01882309941520468 0.030830592105263167 
0 0.2916666666666667 0.42255482456140353 0.026589912280701754 0.027129934210526323 
0 0.31775402046783624 0.41734649122807016 0.008086622807017545 0.015619517543859655 
0 0.32684576023391815 0.43036458333333333 0.023940058479532164 0.041587171052631586 
0 0.3459886695906433 0.4057702850877193 0.020285087719298246 0.04508223684210527 
0 0.30080409356725146 0.4558580043859649 0.02138157894736842 0.03226973684210527 
0 0.3064236111111111 0.46017269736842104 0.029742324561403508 0.031104714912280708 
0 0.34804459064327486 0.4449643640350877 0.017406798245614034 0.02987116228070176 
0 0.34137426900584794 0.4698410087719298 0.016355994152046784 0.0405592105263158 
0 0.2899305555555556 0.4857373903508772 0.028691520467836257 0.0202796052631579 
0 0.2821180555555556 0.5030016447368422 0.023802997076023392 0.022746710526315793 
0 0.30646929824561403 0.47819901315789476 0.02942251461988304 0.03891721491228071 
0 0.3098958333333333 0.4893667763157895 0.027595029239766082 0.027475328947368427 
0 0.3153326023391813 0.5066365131578947 0.02722953216374269 0.027338267543859655 
0 0.33739948830409355 0.4950575657894737 0.010325292397660819 0.01370339912280702 
0 0.30025584795321636 0.508969298245614 0.02275219298245614 0.04850877192982457 
0 0.29733187134502925 0.5132867324561403 0.012883771929824562 0.03576206140350878 
0 0.3191703216374269 0.5326754385964912 0.02805190058479532 0.03158442982456141 
0 0.3352521929824561 0.555498903508772 0.031295687134502925 0.026444627192982403 
0 0.3654970760233918 0.5377521929824561 0.025173611111111112 0.029188596491228014 
0 0.3654970760233918 0.5332319078947368 0.027046783625730993 0.025896381578947376 
0 0.34900402046783624 0.5113020833333334 0.01827485380116959 0.02952850877192983 
0 0.3575456871345029 0.5797450657894736 0.023940058479532123 0.017127192982456144 
0 0.3766429093567251 0.5922149122807018 0.027777777777777776 0.029322916666666612 
0 0.39647112573099413 0.6207154605263158 0.02147295321637427 0.027541118421052703 
0 0.39747807017543857 0.5842708333333334 0.03636513157894733 0.04069627192982457 
0 0.42461440058479527 0.5822149122807018 0.02183845029239766 0.0574122807017544 
0 0.3919956140350877 0.5752275219298245 0.03207054093567247 0.04466831140350885 
0 0.3877923976608187 0.5661814692982455 0.023940058479532164 0.029873903508771935 
0 0.4409703947368421 0.5700191885964911 0.012883771929824562 0.047138157894736854 
0 0.4359448099415204 0.6116748903508772 0.030519005847953216 0.05919407894736844 
0 0.44955957602339175 0.6227741228070176 0.02412280701754386 0.04288925438596492 
0 0.45047331871345025 0.5842708333333334 0.023300438596491228 0.040422149122807026 
0 0.4719462719298245 0.6160608552631579 0.034082602339181284 0.05344024122807025 
0 0.4717635233918128 0.6327878289473684 0.028417397660818713 0.03562774122807025 
0 0.5077649853801169 0.5974342105263158 0.02046783625730994 0.05426260964912276 
0 0.4648190789473684 0.5624945175438597 0.034082602339181284 0.0371326754385965 
0 0.44627010233918124 0.5510992324561403 0.016355994152046784 0.040285087719298195 
0 0.4507474415204678 0.5254769736842105 0.023757309941520467 0.03576206140350878 
0 0.4606158625730994 0.5223245614035088 0.02266081871345029 0.03425712719298246 
0 0.3883406432748538 0.5598684210526316 0.02585891812865497 0.031790021929824504 
0 0.3919956140350877 0.5449342105263159 0.028691520467836257 0.021376096491228076 
0 0.39629020467836257 0.5221875 0.02585891812865497 0.026718750000000006 
0 0.3900767543859649 0.5149259868421052 0.015350877192982455 0.04261513157894738 
0 0.3942799707602339 0.4925959429824561 0.018731725146198832 0.03459703947368422 
0 0.4152960526315789 0.4775411184210526 0.017315423976608187 0.05200109649122808 
0 0.4078033625730994 0.4648656798245614 0.029833698830409358 0.02939144736842106 
0 0.42489035087719296 0.4771299342105263 0.017269736842105265 0.05028782894736843 
0 0.43393640350877194 0.4713048245614035 0.015350877192982455 0.040353618421052645 
0 0.44956140350877194 0.4841858552631579 0.020148026315789474 0.039394188596491235 
0 0.4375456871345029 0.5160526315789473 0.02503654970760234 0.03439418859649124 
0 0.40963084795321636 0.5499067982456141 0.03015168128654967 0.03206414473684217 
0 0.3667763157894737 0.46040844298245615 0.015625 0.030008223684210533 
0 0.3760051169590643 0.45410635964912277 0.026133040935672515 0.04809484649122808 
0 0.36083698830409355 0.48411458333333335 0.02046783625730994 0.0352138157894737 
0 0.4076206140350877 0.42163103070175434 0.0133406432748538 0.03576206140350878 
0 0.3811220760233918 0.4102576754385965 0.015350877192982455 0.041107456140350884 
0 0.4423410087719298 0.42916666666666664 0.015076754385964912 0.03699561403508773 
0 0.4496509502923976 0.4480756578947368 0.021198830409356724 0.038914473684210533 
0 0.4470924707602339 0.42971491228070174 0.015625 0.024939692982456144 
0 0.44928545321637425 0.41875274122807016 0.017726608187134504 0.03041940789473685 
0 0.4658241959064327 0.4161485745614035 0.023391812865497075 0.03137883771929825 
0 0.46902229532163736 0.4247807017543859 0.019736842105263157 0.032338267543859656 
0 0.461438230994152 0.4460197368421052 0.019828216374269007 0.05220668859649124 
0 0.45824013157894733 0.483703399122807 0.019097222222222224 0.038092105263157906 
0 0.4745047514619883 0.45684484649122803 0.01653874269005848 0.03398300438596492 
0 0.4787079678362573 0.4775356359649123 0.01699561403508772 0.040422149122807026 
0 0.47861659356725145 0.44451480263157894 0.028965643274853802 0.018634868421052636 
0 0.4856524122807017 0.4160115131578947 0.019736842105263157 0.02987116228070176 
0 0.4909521198830409 0.4994764254385965 0.027503654970760235 0.03041940789473685 
0 0.4823629385964912 0.5134512061403509 0.02942251461988304 0.026447368421052636 
0 0.4791666666666667 0.5274287280701754 0.03408077485380113 0.028500548245614044 
0 0.4875712719298245 0.46467105263157893 0.017635233918128657 0.04357456140350878 
0 0.5050237573099415 0.47234374999999995 0.02266081871345029 0.026036184210526322 
0 0.5141611842105263 0.4313733552631579 0.0133406432748538 0.039465460526315735 
0 0.5223848684210526 0.4372669956140351 0.016904239766081873 0.037406798245613986 
0 0.5240296052631579 0.4317845394736842 0.04111842105263158 0.02877741228070176 
0 0.5303344298245614 0.44302083333333336 0.020833333333333332 0.04508223684210521 
0 0.5236641081871345 0.5019435307017543 0.022478070175438597 0.02685581140350878 
0 0.5260398391812865 0.4790597587719298 0.02010233918128655 0.0395997807017544 
0 0.5485179093567251 0.4589172149122807 0.016812865497076022 0.04055921052631574 
0 0.523938230994152 0.41766447368421056 0.029605263157894735 0.018771929824561346 
0 0.5610361842105263 0.4674095394736842 0.010964912280701754 0.03754660087719299 
0 0.5628636695906433 0.46905427631578944 0.022112573099415205 0.033434758771929834 
0 0.4874817251461988 0.5530783991228071 0.024486476608187095 0.04563048245614036 
0 0.5081323099415205 0.566781798245614 0.01891264619883037 0.036036184210526324 
0 0.524577850877193 0.5596573464912281 0.033168859649122806 0.035487938596491235 
0 0.5255829678362572 0.543623903508772 0.03298611111111111 0.029185855263157902 
0 0.5201005116959064 0.5913075657894737 0.013797514619883041 0.051112938596491235 
0 0.5760215643274853 0.6296847587719299 0.014985380116959063 0.060016447368421065 
0 0.5835142543859648 0.662297149122807 0.030884502923976608 0.057686403508771945 
0 0.5951187865497075 0.6459923245614035 0.027777777777777776 0.06248355263157896 
0 0.6204294590643274 0.6631195175438597 0.016264619883040937 0.04603892543859656 
0 0.5826918859649123 0.5770668859649123 0.02320906432748538 0.04467105263157896 
0 0.5939309210526316 0.6195449561403509 0.009959795321637427 0.029048793859649192 
0 0.6007839912280701 0.6233826754385965 0.021290204678362575 0.05850877192982458 
0 0.6149470029239765 0.6198190789473684 0.020833333333333332 0.0430263157894737 
0 0.617688230994152 0.6243448464912281 0.02549342105263158 0.04727521929824562 
0 0.6708680555555555 0.6747724780701755 0.019371345029239765 0.04740953947368416 
0 0.6469279970760233 0.6377741228070175 0.02010233918128655 0.05179550438596499 
0 0.6654769736842104 0.6449013157894736 0.021107456140350877 0.03452850877192983 
0 0.6324908625730994 0.6048876096491228 0.02540204678362573 0.049468201754385974 
0 0.6535069444444445 0.6048876096491228 0.01864035087719298 0.04508223684210527 
0 0.6135763888888889 0.5762362938596491 0.012335526315789474 0.04987664473684206 
0 0.6186019736842104 0.5704824561403509 0.01918859649122807 0.053714364035087794 
0 0.5930190058479532 0.5597944078947369 0.018181652046783587 0.03905153508771931 
0 0.5433114035087719 0.5196299342105263 0.01343201754385965 0.010688048245614038 
0 0.5511695906432749 0.5007209429824562 0.020376461988304093 0.021650219298245555 
0 0.5685307017543859 0.5062006578947368 0.02046783625730994 0.05275493421052633 
0 0.5844298245614035 0.4911293859649123 0.013797514619883041 0.05576754385964908 
0 0.5951206140350878 0.4878399122807018 0.01206140350877193 0.04439692982456135 
0 0.6042580409356725 0.4942790570175439 0.018090277777777736 0.04384868421052626 
0 0.5971308479532164 0.5283991228070175 0.01653874269005848 0.03617598684210533 
0 0.5794956140350878 0.5348410087719297 0.019005847953216373 0.043708881578947444 
0 0.5632309941520468 0.5651233552631579 0.01964546783625731 0.020553728070175442 
0 0.5605811403508771 0.5468969298245614 0.01516812865497076 0.022746710526315793 
0 0.5518092105263158 0.5333333333333333 0.028326023391812866 0.030008223684210595 
0 0.5523574561403509 0.5556688596491228 0.018548976608187134 0.03343201754385966 
0 0.6053545321637427 0.5754002192982456 0.012699195906432708 0.03507675438596492 
0 0.6221655701754386 0.5626562500000001 0.013888888888888888 0.01973135964912281 
0 0.6203380847953216 0.5290844298245614 0.0245796783625731 0.036861293859649195 
0 0.6108369883040936 0.4986650219298246 0.02064875730994148 0.04343749999999995 
0 0.6301151315789473 0.5144243421052631 0.014894005847953216 0.04480537280701755 
0 0.6352320906432748 0.4870175438596491 0.023117690058479533 0.02836348684210521 
0 0.6154952485380116 0.47468475877192984 0.01653874269005848 0.04165570175438591 
0 0.6437298976608187 0.5251123903508772 0.010964912280701754 0.023840460526315797 
0 0.6654769736842104 0.49839089912280704 0.020833333333333332 0.033297697368420996 
0 0.6349579678362572 0.5444325657894736 0.01608187134502924 0.04590186403508773 
0 0.6451918859649123 0.5558059210526316 0.01699561403508772 0.04960252192982464 
0 0.6512225877192982 0.5421025219298246 0.03024488304093567 0.03412006578947369 
0 0.6678527046783626 0.534155701754386 0.018457602339181287 0.041107456140350884 
0 0.6779038742690058 0.5035992324561404 0.018092105263157895 0.0412445175438596 
0 0.6651114766081871 0.535797697368421 0.0133406432748538 0.01891173245614035 
0 0.6860361842105263 0.5431990131578948 0.010873538011695907 0.03576206140350884 
0 0.6914272660818713 0.5501864035087719 0.01617324561403509 0.03549067982456147 
0 0.6678527046783626 0.5733442982456141 0.016264619883040937 0.047957785087719376 
0 0.6973665935672514 0.5271655701754385 0.021198830409356724 0.03973684210526317 
0 0.7165551900584795 0.5201781798245614 0.010782163742690058 0.03549067982456141 
0 0.697001096491228 0.48852521929824566 0.03499634502923977 0.040833333333333284 
0 0.7146363304093567 0.48550986842105265 0.02183845029239766 0.025213815789473626 
0 0.7249616228070175 0.5229194078947368 0.012792397660818713 0.05357730263157896 
0 0.7371144005847953 0.5164775219298245 0.019462719298245616 0.04467105263157896 
0 0.7293475877192982 0.4822231359649123 0.02887426900584795 0.030830592105263104 
0 0.6963614766081871 0.5701918859649122 0.013614766081871345 0.048780153508772 
0 0.7089711257309941 0.5601891447368421 0.01836622807017544 0.05028782894736843 
0 0.7175603070175438 0.5540241228070175 0.017178362573099414 0.048231907894736914 
0 0.7328198099415204 0.5663569078947369 0.01882309941520468 0.05206962719298241 
0 0.6749798976608187 0.6258388157894736 0.014985380116959063 0.03836896929824568 
0 0.6794572368421052 0.6077521929824561 0.01745248538011696 0.05001370614035095 
0 0.6957218567251462 0.6083004385964912 0.018183479532163743 0.04014802631578948 
0 0.7051334064327485 0.5861019736842105 0.013249269005847953 0.0483717105263158 
0 0.7166465643274853 0.6033689692982457 0.015990497076023392 0.04590186403508767 
0 0.7247788742690058 0.6089857456140351 0.020924707602339183 0.04480811403508773 
0 0.7299872076023391 0.6028207236842106 0.02942251461988304 0.04521655701754381 
0 0.7116209795321637 0.6347669956140352 0.014345760233918129 0.043163377192982466 
0 0.7176516812865497 0.6469627192982456 0.014163011695906433 0.0430263157894737 
0 0.6875 0.6443585526315789 0.02558296783625727 0.05439967105263165 
0 0.7290734649122806 0.6484703947368421 0.02987938596491228 0.059879385964912296 
0 0.7301699561403509 0.6634073464912281 0.025310672514619884 0.05467105263157896 
0 0.7229513888888889 0.6817680921052632 0.03170687134502924 0.05083607456140346 
0 0.7428709795321637 0.6453179824561404 0.025950292397660817 0.024117324561403513 
0 0.7485361842105263 0.5839199561403509 0.01644736842105263 0.05248081140350885 
0 0.7699177631578947 0.5913185307017544 0.018183479532163743 0.04220394736842106 
0 0.770374634502924 0.6173547149122808 0.022021198830409358 0.04590186403508767 
0 0.7838066520467836 0.5904961622807018 0.02010233918128655 0.045904605263157906 
0 0.784172149122807 0.6342077850877194 0.03307748538011696 0.024391447368421058 
0 0.7908424707602338 0.6584621710526316 0.01781798245614035 0.050699013157894685 
0 0.8046399853801169 0.6650383771929824 0.023757309941520467 0.038914473684210533 
0 0.8035434941520467 0.6431140350877192 0.03837719298245614 0.05234375000000008 
0 0.7923958333333333 0.5746025219298246 0.02284356725146199 0.064265350877193 
0 0.8143256578947368 0.6033771929824561 0.015625 0.05412554824561411 
0 0.754203216374269 0.5168777412280702 0.020741959064327485 0.025556469298245617 
0 0.7703764619883041 0.5181798245614035 0.024533991228070175 0.050904605263157904 
0 0.7796052631578947 0.5673793859649123 0.021198830409356724 0.03665570175438591 
0 0.7864126461988304 0.5590213815789473 0.0266812865497076 0.03788925438596498 
0 0.792077850877193 0.5416200657894736 0.019599780701754384 0.039805372807017556 
0 0.779968932748538 0.5018174342105264 0.015625 0.034802631578947314 
0 0.7854513888888889 0.5305921052631579 0.023391812865497075 0.01534539473684211 
0 0.7930354532163743 0.5188075657894736 0.015807748538011698 0.01507401315789474 
0 0.7944060672514619 0.5038706140350877 0.023483187134502925 0.018226425438596493 
0 0.7976041666666667 0.4807154605263158 0.017726608187134504 0.026170504385964858 
0 0.8284886695906433 0.49003289473684214 0.026589912280701754 0.031515899122806966 
0 0.8359813596491228 0.48359100877192984 0.017269736842105265 0.025076754385964854 
0 0.8306816520467836 0.5122313596491228 0.018731725146198832 0.01808662280701755 
0 0.8455756578947368 0.521000548245614 0.019097222222222224 0.030556469298245622 
0 0.8351589912280701 0.5296326754385965 0.019097222222222224 0.027815241228070182 
0 0.8225493421052631 0.5264802631578948 0.017635233918128657 0.045493421052631586 
0 0.836438230994152 0.5390871710526316 0.024671052631578948 0.04316337719298253 
0 0.859921418128655 0.535249451754386 0.024671052631578948 0.03096765350877194 
0 0.8234630847953216 0.569780701754386 0.012701023391812866 0.04713541666666674 
0 0.8292196637426901 0.5716995614035087 0.015807748538011698 0.034257127192982524 
0 0.8234630847953216 0.6529769736842105 0.030519005847953216 0.04398300438596499 
0 0.8410069444444445 0.6352987938596492 0.023026315789473683 0.0570038377192982 
0 0.8467635233918128 0.6211924342105264 0.02412280701754386 0.051110197368421005 
0 0.884501096491228 0.6000904605263159 0.0200109649122807 0.03206414473684205 
0 0.861657529239766 0.5847450657894737 0.013523391812865496 0.038229166666666675 
0 0.8564491959064328 0.5947478070175438 0.012792397660818713 0.03110471491228077 
0 0.8615661549707602 0.6699753289473684 0.019097222222222224 0.05316611842105258 
0 0.8849579678362572 0.6277713815789474 0.019097222222222224 0.04603892543859644 
0 0.879749634502924 0.6531195175438597 0.01745248538011696 0.06262061403508773 
0 0.8563139619883041 0.5159183114035087 0.01585343567251462 0.021239035087719304 
0 0.8641264619883041 0.513999451754386 0.022706505847953216 0.040833333333333346 
0 0.8820358187134503 0.529484649122807 0.014985380116959063 0.0316529605263158 
0 0.8647660818713451 0.5840323464912281 0.014892178362573059 0.020690789473684214 
0 0.8965624999999999 0.5393640350877192 0.026589912280701754 0.040970394736842115 
0 0.8998519736842104 0.5754002192982456 0.018731725146198832 0.03809484649122814 
0 0.9221472953216374 0.5677275219298246 0.027595029239766082 0.04521929824561405 
0 0.9168475877192982 0.5236047149122807 0.03654970760233918 0.02452850877192983 
0 0.9314674707602338 0.5449808114035087 0.039656432748538015 0.02356907894736849 
0 0.9316502192982455 0.5497779605263158 0.03490497076023392 0.02973410087719299 
0 0.8878819444444445 0.4975712719298246 0.020650584795321638 0.030693530701754332 
0 0.9064309210526316 0.4798930921052632 0.029331140350877194 0.029462719298245617 
0 0.8951005116959064 0.6255893640350877 0.016812865497076022 0.030419407894736787 
0 0.9014967105263157 0.6102220394736843 0.01836622807017544 0.04069627192982457 
0 0.9147459795321637 0.6152905701754385 0.0201937134502924 0.026036184210526322 
0 0.9020449561403509 0.654078947368421 0.012975146198830409 0.03672423245614042 
0 0.9069791666666667 0.642842653508772 0.014619883040935672 0.03370888157894732 
0 0.9285434941520467 0.6599725877192982 0.018092105263157895 0.04919133771929832 
0 0.9311019736842104 0.6235224780701755 0.01964546783625731 0.033845942982456086 
0 0.9184923245614035 0.6085882675438596 0.03700657894736842 0.019320175438596498 
0 0.9415186403508772 0.6699753289473684 0.02503654970760234 0.0633059210526316 
0 0.9546765350877192 0.6691529605263158 0.020833333333333332 0.05933114035087721 
0 0.9581487573099415 0.6596984649122807 0.031980994152046784 0.07947368421052634 
0 0.959610745614035 0.6361293859649123 0.02010233918128655 0.029185855263157964 
0 0.9727686403508772 0.6513404605263158 0.02101608187134503 0.04234100877192983 
0 0.9875712719298245 0.6551754385964912 0.01251827485380117 0.040970394736842115 
0 0.9676516812865497 0.6150274122807017 0.03252923976608187 0.02151315789473685 
0 0.9844645467836257 0.6299643640350877 0.015076754385964912 0.03411732456140352 
0 0.9465442251461987 0.5688322368421053 0.011239035087719298 0.03946271929824562 
0 0.9662810672514619 0.5958278508771929 0.026589912280701754 0.02466282894736849 
0 0.9779769736842104 0.5865076754385965 0.02238669590643275 0.044396929824561414 
0 0.9663724415204678 0.5644353070175439 0.0266812865497076 0.025076754385964916 
0 0.9923227339181286 0.5729303728070176 0.007949561403508772 0.025076754385964916 
0 0.980718201754386 0.5374424342105263 0.019554093567251463 0.028774671052631585 
0 0.9870230263157894 0.5355235745614035 0.0133406432748538 0.016304824561403513 
0 0.975875365497076 0.49510142543859653 0.0245796783625731 0.021650219298245555 
0 0.9803527046783626 0.4914007675438597 0.019462719298245616 0.014662828947368362 
0 0.9833680555555555 0.48112390350877193 0.01653874269005848 0.01671875 
0 0.9550420321637426 0.5233278508771929 0.023026315789473683 0.018634868421052636 
0 0.9293676900584795 0.5048300438596491 0.027136330409356684 0.02617050438596492 
0 0.9484649122807017 0.4824945175438597 0.018090277777777736 0.041929824561403456 
0 0.9632657163742689 0.4871546052631579 0.020285087719298246 0.04357182017543855 
0 0.884501096491228 0.3002357456140351 0.014985380116959063 0.02904879385964913 
0 0.2849031432748538 0.7121957236842106 0.037463450292397664 0.0361732456140351 
0 0.29586805555555556 0.6968393640350877 0.0424890350877193 0.02850054824561398 
0 0.3026297514619883 0.7182620614035087 0.02850877192982456 0.045216557017543936 
0 0.29860928362573097 0.7382675438596491 0.033808479532163746 0.0556332236842106 
0 0.0754751461988304 0.3300767543859649 0.017361111111111112 0.027129934210526323 
0 0.12262244152046783 0.33172149122807015 0.013066520467836257 0.027129934210526323 
0 0.10973866959064328 0.2630564692982456 0.010964912280701754 0.027678179824561378 
0 0.497437865497076 0.2451233552631579 0.014985380116959063 0.02247258771929825 
0 0.9204733187134503 0.04302357456140351 0.03444809941520468 0.029459978070175447 
