0 0.4515 0.44333333333333336 0.0235 0.026333333333333334 
0 0.465 0.5993333333333334 0.02025 0.04066666666666666 
0 0.2955 0.25766666666666665 0.03075 0.023 
0 0.33525 0.547 0.023 0.03666666666666667 
0 0.554 0.38966666666666666 0.01625 0.048 
0 0.54075 0.564 0.01575 0.034 
0 0.5305 0.16733333333333333 0.02225 0.03766666666666667 
0 0.676 0.5236666666666666 0.01425 0.034333333333333334 
0 0.53725 0.2916666666666667 0.01875 0.04566666666666667 
0 0.59625 0.19533333333333333 0.01625 0.048 
0 0.53175 0.504 0.0235 0.03133333333333333 
0 0.36375 0.4166666666666667 0.016 0.03966666666666667 
0 0.482 0.37766666666666665 0.01825 0.04033333333333333 
0 0.341 0.4766666666666667 0.01525 0.03666666666666667 
0 0.23525 0.44166666666666665 0.0215 0.03966666666666667 
0 0.49125 0.497 0.02225 0.03266666666666666 
0 0.344 0.4256666666666667 0.0175 0.04566666666666667 
0 0.475 0.18333333333333332 0.02775 0.034 
0 0.377 0.408 0.019 0.039 
0 0.37275 0.5636666666666666 0.018 0.04766666666666667 
0 0.6145 0.419 0.019 0.03933333333333333 
0 0.3315 0.5186666666666667 0.01925 0.039 
0 0.32975 0.4796666666666667 0.01325 0.03333333333333333 
0 0.41075 0.45266666666666666 0.012 0.042 
0 0.33525 0.713 0.01875 0.025333333333333333 
0 0.56975 0.2916666666666667 0.01525 0.046 
0 0.42475 0.491 0.0185 0.04766666666666667 
0 0.62925 0.24066666666666667 0.0155 0.046 
0 0.28375 0.304 0.025 0.029 
0 0.32675 0.5983333333333334 0.02375 0.038 
0 0.5235 0.5376666666666666 0.0185 0.03966666666666667 
0 0.67125 0.461 0.02175 0.034333333333333334 
0 0.39975 0.49333333333333335 0.016 0.044 
0 0.66525 0.518 0.0135 0.04133333333333333 
0 0.43025 0.19866666666666666 0.02425 0.028 
0 0.61975 0.47933333333333333 0.01975 0.034 
0 0.39025 0.30233333333333334 0.015 0.04466666666666667 
0 0.34325 0.516 0.01875 0.033 
0 0.30825 0.5593333333333333 0.02775 0.02266666666666667 
0 0.571 0.5336666666666666 0.027 0.028 
0 0.435 0.403 0.017 0.044 
0 0.30225 0.31133333333333335 0.02625 0.03766666666666667 
0 0.54575 0.3383333333333333 0.026 0.029333333333333333 
0 0.3695 0.383 0.02725 0.027 
0 0.251 0.4663333333333333 0.02625 0.028 
0 0.4095 0.19 0.02225 0.04566666666666667 
0 0.382 0.22466666666666665 0.017 0.04933333333333333 
0 0.54975 0.2966666666666667 0.02075 0.04566666666666667 
0 0.36125 0.4786666666666667 0.0195 0.028333333333333332 
0 0.671 0.48 0.02375 0.028 
0 0.46925 0.36866666666666664 0.01975 0.043666666666666666 
0 0.19575 0.505 0.01925 0.03666666666666667 
0 0.48425 0.294 0.01975 0.052333333333333336 
0 0.44325 0.4176666666666667 0.0215 0.04066666666666666 
0 0.4645 0.4053333333333333 0.018 0.048666666666666664 
0 0.4925 0.4063333333333333 0.02 0.022 
0 0.2095 0.507 0.01525 0.041 
0 0.37225 0.234 0.015 0.042 
0 0.33475 0.44233333333333336 0.019 0.035333333333333335 
0 0.2405 0.5173333333333333 0.0205 0.034 
0 0.4745 0.458 0.0335 0.029333333333333333 
0 0.43225 0.4523333333333333 0.01625 0.03966666666666667 
0 0.3645 0.495 0.02725 0.028666666666666667 
0 0.4095 0.4063333333333333 0.016 0.049666666666666665 
0 0.395 0.399 0.01525 0.046 
0 0.42375 0.2856666666666667 0.02925 0.023666666666666666 
0 0.52625 0.3383333333333333 0.02225 0.04933333333333333 
0 0.5605 0.5756666666666667 0.02475 0.032 
0 0.4906425 0.5983333333333334 0.028252499999999996 0.04633333333333333 
0 0.5465 0.24566666666666667 0.018 0.044 
0 0.28075 0.519 0.014 0.034666666666666665 
0 0.48575 0.559 0.0195 0.04666666666666667 
0 0.47675 0.197 0.0295 0.028666666666666667 
0 0.65 0.5153333333333333 0.0155 0.043 
0 0.29 0.5173333333333333 0.02575 0.021 
0 0.65625 0.247 0.01525 0.04666666666666667 
0 0.323 0.4196666666666667 0.01525 0.04133333333333333 
0 0.55825 0.49 0.01825 0.029666666666666668 
0 0.2995 0.44266666666666665 0.02525 0.028666666666666667 
0 0.59475 0.23433333333333334 0.01625 0.04566666666666667 
0 0.44225 0.4696666666666667 0.018 0.048666666666666664 
0 0.69275 0.527 0.02525 0.035666666666666666 
0 0.5295 0.2613333333333333 0.01375 0.05 
0 0.684 0.5106666666666667 0.018 0.043666666666666666 
0 0.5625 0.22166666666666668 0.01525 0.03866666666666667 
0 0.3615 0.381 0.01625 0.021333333333333333 
0 0.602 0.506 0.01475 0.042333333333333334 
0 0.568 0.20533333333333334 0.02225 0.027666666666666666 
0 0.5805 0.41533333333333333 0.0275 0.020666666666666667 
0 0.373 0.3433333333333333 0.018 0.04066666666666666 
0 0.61 0.211 0.0155 0.042 
0 0.5445 0.437 0.01675 0.04066666666666666 
0 0.50375 0.19066666666666668 0.0245 0.049833333333333334 
0 0.48975 0.38166666666666665 0.01975 0.043 
0 0.5545 0.5323333333333333 0.0205 0.027 
0 0.34075 0.23133333333333334 0.02325 0.025333333333333333 
0 0.4735 0.22233333333333333 0.026 0.026333333333333334 
0 0.53775 0.20433333333333334 0.02975 0.026333333333333334 
0 0.2955 0.7056666666666667 0.0135 0.028 
0 0.53775 0.21766666666666667 0.0155 0.033666666666666664 
0 0.2225 0.492 0.0305 0.025666666666666667 
0 0.52175 0.20766666666666667 0.01925 0.034 
0 0.36225 0.23433333333333334 0.01175 0.03 
0 0.644 0.48833333333333334 0.018 0.03 
0 0.43525 0.5156666666666667 0.02175 0.03933333333333333 
0 0.35625 0.45066666666666666 0.0155 0.04633333333333333 
0 0.55025 0.16733333333333333 0.018 0.044 
0 0.49375 0.4206666666666667 0.025 0.021 
0 0.269 0.483 0.0185 0.035333333333333335 
0 0.22325 0.5126666666666667 0.019 0.033 
0 0.49675 0.44166666666666665 0.01425 0.034666666666666665 
0 0.43425 0.6046666666666667 0.025 0.020666666666666667 
0 0.543 0.26033333333333336 0.012 0.035333333333333335 
0 0.35275 0.5006666666666667 0.017 0.038 
0 0.2835 0.291 0.02875 0.022 
0 0.45725 0.5116666666666667 0.01225 0.04833333333333333 
0 0.49925 0.24 0.01175 0.033 
0 0.531 0.405 0.01475 0.046 
0 0.58875 0.43466666666666665 0.01525 0.034333333333333334 
0 0.49125 0.7143333333333334 0.0155 0.019666666666666666 
0 0.4755 0.545 0.01425 0.046 
0 0.521 0.232 0.02175 0.025333333333333333 
0 0.432 0.30766666666666664 0.02875 0.022333333333333334 
0 0.40025 0.5466666666666666 0.01675 0.04733333333333333 
0 0.265 0.5263333333333333 0.019 0.03966666666666667 
0 0.472 0.25133333333333335 0.02825 0.023666666666666666 
0 0.39775 0.44233333333333336 0.016 0.03933333333333333 
0 0.44675 0.501 0.01375 0.03966666666666667 
0 0.38725 0.49533333333333335 0.01675 0.03933333333333333 
0 0.49025 0.484 0.01575 0.025 
0 0.537 0.49333333333333335 0.0195 0.016 
0 0.60075 0.43 0.01425 0.045 
0 0.64025 0.7976666666666666 0.03025 0.030666666666666665 
0 0.6685 0.5033333333333333 0.0245 0.02033333333333333 
0 0.47475 0.23433333333333334 0.0285 0.026 
0 0.539 0.4093333333333333 0.0175 0.04666666666666667 
0 0.51375 0.5366666666666666 0.01275 0.043333333333333335 
0 0.4505 0.568 0.0155 0.045 
0 0.65425 0.487 0.019 0.029333333333333333 
0 0.30375 0.29733333333333334 0.03025 0.027666666666666666 
0 0.34775 0.257 0.013 0.03866666666666667 
0 0.3035 0.47433333333333333 0.034 0.013666666666666667 
0 0.50375 0.22633333333333333 0.01875 0.035 
0 0.43575 0.246 0.0155 0.042666666666666665 
0 0.50125 0.293 0.0165 0.051 
0 0.36125 0.581 0.01725 0.035 
0 0.5155 0.21733333333333332 0.00725 0.014333333333333333 
0 0.386 0.4686666666666667 0.0185 0.030333333333333334 
0 0.5635 0.561 0.0325 0.01633333333333333 
0 0.2517625 0.4955 0.014625 0.035833333333333335 
0 0.2602625 0.49883333333333335 0.0270025 0.03916666666666667 
0 0.277765 0.4528333333333333 0.019125 0.043833333333333335 
0 0.29364 0.4715 0.022002499999999998 0.03816666666666667 
0 0.29889 0.4728333333333333 0.0345025 0.033166666666666664 
0 0.282265 0.49416666666666664 0.0272525 0.03 
0 0.30739 0.5041666666666667 0.037004999999999996 0.0195 
0 0.3127675 0.5253333333333333 0.016125 0.04066666666666666 
0 0.29214 0.533 0.022377499999999998 0.024166666666666666 
0 0.3182675 0.5166666666666667 0.02 0.04083333333333333 
0 0.30089 0.4565 0.0368775 0.020833333333333332 
0 0.2045225 0.5743333333333334 0.0195 0.037333333333333336 
0 0.234025 0.5253333333333333 0.02125 0.034 
0 0.291755 0.42625 0.029377499999999997 0.02425 
0 0.313695 0.3998333333333333 0.02025 0.042416666666666665 
0 0.3727675 0.44333333333333336 0.017252499999999997 0.051166666666666666 
0 0.38351999999999997 0.4325 0.0165 0.03783333333333333 
0 0.36776749999999997 0.5158333333333334 0.01775 0.044833333333333336 
0 0.37789249999999996 0.5226666666666666 0.01475 0.044 
0 0.412645 0.49583333333333335 0.014875 0.050166666666666665 
0 0.419645 0.449 0.017502499999999997 0.051833333333333335 
0 0.342765 0.5656666666666667 0.018 0.043333333333333335 
0 0.355765 0.5391666666666667 0.021002499999999997 0.042166666666666665 
0 0.38601749999999996 0.5446666666666666 0.01625 0.0425 
0 0.39001749999999996 0.5736666666666667 0.0200025 0.027666666666666666 
0 0.41239499999999996 0.5525 0.012875 0.03866666666666667 
0 0.41489499999999996 0.544 0.016875 0.039 
0 0.42801999999999996 0.5323333333333333 0.015502499999999997 0.0495 
0 0.413645 0.5848333333333333 0.019125 0.05 
0 0.429145 0.5683333333333334 0.013752499999999997 0.04066666666666666 
0 0.44164749999999997 0.5433333333333333 0.0175 0.04783333333333333 
0 0.46339749999999996 0.549 0.013252499999999997 0.04683333333333333 
0 0.4814 0.5791666666666667 0.019125 0.03883333333333333 
0 0.49289499999999997 0.5506666666666666 0.019252500000000054 0.034166666666666665 
0 0.503645 0.5488333333333333 0.013877500000000055 0.036833333333333336 
0 0.5216475 0.5605 0.011427500000000009 0.03275 
0 0.5505225 0.5603333333333333 0.02012749999999994 0.035333333333333335 
0 0.5807749999999999 0.5888333333333333 0.017877500000000053 0.0435 
0 0.595275 0.5853333333333334 0.016627500000000055 0.03916666666666667 
0 0.584025 0.5776666666666667 0.014752500000000054 0.012166666666666666 
0 0.41978750000000004 0.39766666666666667 0.0157525 0.051 
0 0.4591975 0.45666666666666667 0.015095000000000027 0.050083333333333334 
0 0.46563499999999997 0.48433333333333334 0.0276275 0.03808333333333333 
0 0.4723225 0.4691666666666667 0.01919 0.042083333333333334 
0 0.46513499999999997 0.506 0.0163125 0.038 
0 0.478885 0.5215 0.024127499999999996 0.03691666666666667 
0 0.491385 0.5174166666666666 0.024002500000000055 0.030833333333333334 
0 0.48026749999999996 0.419 0.017752499999999997 0.04516666666666667 
0 0.507895 0.44266666666666665 0.022752500000000054 0.046 
0 0.5093949999999999 0.4715 0.023252500000000054 0.036333333333333336 
0 0.50952 0.4806666666666667 0.018002500000000053 0.038 
0 0.50327 0.4841666666666667 0.020127500000000055 0.042333333333333334 
0 0.51352 0.43083333333333335 0.024127500000000055 0.050666666666666665 
0 0.521645 0.43966666666666665 0.028877500000000056 0.04633333333333333 
0 0.5522725 0.44683333333333336 0.018502499999999943 0.038 
0 0.5266475 0.478 0.03162749999999994 0.018666666666666668 
0 0.5451475 0.5063333333333333 0.03687749999999994 0.024666666666666667 
0 0.567275 0.477 0.022752500000000054 0.0355 
0 0.5589 0.42916666666666664 0.02025 0.03333333333333333 
0 0.567025 0.412 0.022627500000000054 0.035 
0 0.5777749999999999 0.44183333333333336 0.017002500000000056 0.0355 
0 0.5559 0.4593333333333333 0.022625 0.03333333333333333 
0 0.5757749999999999 0.4785 0.027627500000000055 0.0435 
0 0.5837749999999999 0.49883333333333335 0.017377500000000056 0.035333333333333335 
0 0.5101975 0.49075 0.028502500000000056 0.04883333333333333 
0 0.5258875000000001 0.5239166666666667 0.0206875 0.017333333333333333 
0 0.5319475 0.5351666666666667 0.021 0.029416666666666667 
0 0.544385 0.5344166666666667 0.021315000000000056 0.02825 
0 0.56002 0.5261666666666667 0.027877500000000055 0.019666666666666666 
0 0.6132725 0.511 0.01650249999999994 0.035333333333333335 
0 0.626775 0.5115 0.0215 0.0335 
0 0.633275 0.5186666666666667 0.025877500000000053 0.033166666666666664 
0 0.5962725 0.4876666666666667 0.018002499999999942 0.041666666666666664 
0 0.6132625 0.48941666666666667 0.02175 0.03125 
0 0.5903849999999999 0.4573333333333333 0.0156875 0.031166666666666665 
0 0.605885 0.4569166666666667 0.019065000000000054 0.033416666666666664 
0 0.6235125 0.43666666666666665 0.0165625 0.037333333333333336 
0 0.6297699999999999 0.43816666666666665 0.01925 0.04583333333333333 
0 0.62452 0.4725 0.022 0.03816666666666667 
0 0.64177 0.4415 0.023127500000000054 0.0425 
0 0.64402 0.4568333333333333 0.022877500000000054 0.042 
0 0.6562725 0.45866666666666667 0.026125 0.034333333333333334 
0 0.6914 0.4871666666666667 0.016 0.03783333333333333 
0 0.695775 0.47483333333333333 0.02075 0.043833333333333335 
0 0.6598225 0.5568333333333333 0.021065000000000056 0.041916666666666665 
0 0.32738999999999996 0.214 0.016377499999999996 0.0515 
0 0.32064 0.25183333333333335 0.018252499999999998 0.0495 
0 0.2955125 0.276 0.0372525 0.022166666666666668 
0 0.3368925 0.2505 0.01525 0.05 
0 0.3595175 0.26616666666666666 0.021502499999999997 0.04633333333333333 
0 0.38414499999999996 0.26466666666666666 0.029752499999999998 0.024833333333333332 
0 0.39514499999999997 0.21516666666666667 0.013502499999999997 0.05266666666666667 
0 0.399895 0.20333333333333334 0.0198775 0.04883333333333333 
0 0.4096475 0.242 0.028627499999999997 0.04716666666666667 
0 0.41902249999999996 0.23083333333333333 0.015625 0.048666666666666664 
0 0.37977 0.2763333333333333 0.044754999999999996 0.028166666666666666 
0 0.372145 0.2708333333333333 0.01275 0.023666666666666666 
0 0.31864 0.30983333333333335 0.0196275 0.05 
0 0.3328925 0.2985 0.01375 0.04783333333333333 
0 0.3432675 0.2881666666666667 0.014377499999999998 0.050333333333333334 
0 0.3538925 0.28883333333333333 0.018002499999999998 0.04133333333333333 
0 0.3508925 0.31116666666666665 0.016502499999999996 0.04633333333333333 
0 0.36351999999999995 0.3263333333333333 0.009 0.025 
0 0.36739499999999997 0.31183333333333335 0.014875 0.049666666666666665 
0 0.376645 0.3125 0.022502499999999998 0.042833333333333334 
0 0.40652249999999995 0.312 0.017252499999999997 0.0485 
0 0.40339749999999996 0.286 0.022002499999999998 0.043833333333333335 
0 0.34364249999999996 0.3436666666666667 0.023 0.04733333333333333 
0 0.385895 0.3476666666666667 0.0227525 0.034333333333333334 
0 0.4162725 0.32466666666666666 0.017 0.05566666666666667 
0 0.42077 0.30566666666666664 0.018127499999999998 0.0525 
0 0.4441475 0.32516666666666666 0.02025 0.0445 
0 0.4326425 0.21683333333333332 0.018127499999999998 0.0565 
0 0.44802 0.20016666666666666 0.01825 0.05266666666666667 
0 0.44601999999999997 0.23816666666666667 0.017 0.048 
0 0.45826999999999996 0.22033333333333333 0.017125 0.056666666666666664 
0 0.46302 0.19583333333333333 0.0125 0.052333333333333336 
0 0.44614499999999996 0.268 0.01975 0.045 
0 0.458395 0.272 0.037627499999999994 0.036 
0 0.47076999999999997 0.2791666666666667 0.0270025 0.0305 
0 0.461395 0.2905 0.038502499999999995 0.030333333333333334 
0 0.458015 0.31566666666666665 0.029252499999999997 0.026166666666666668 
0 0.5010175 0.3418333333333333 0.0197525 0.035 
0 0.5092675 0.319 0.018127499999999998 0.044833333333333336 
0 0.5680225 0.348 0.02050249999999994 0.0495 
0 0.51052 0.24933333333333332 0.019002500000000054 0.042666666666666665 
0 0.494395 0.26666666666666666 0.02475 0.03766666666666667 
0 0.51702 0.2575 0.016002500000000055 0.062 
0 0.5526425 0.22883333333333333 0.02112749999999994 0.0565 
0 0.56277 0.253 0.035877500000000055 0.042666666666666665 
0 0.58177 0.2853333333333333 0.019252500000000054 0.04016666666666667 
0 0.58427 0.2725 0.03162750000000005 0.032 
0 0.6082725 0.2445 0.01525 0.04716666666666667 
0 0.6225225000000001 0.2245 0.014627499999999941 0.05483333333333333 
0 0.5858949999999999 0.20383333333333334 0.012502500000000055 0.04883333333333333 
0 0.57252 0.22133333333333333 0.017625 0.058666666666666666 
0 0.642895 0.22866666666666666 0.015625 0.049666666666666665 
0 0.668145 0.24583333333333332 0.016127500000000055 0.04466666666666667 
0 0.5184975 0.38832333333333335 0.016375 0.04798666666666668 
0 0.5113725 0.40065333333333336 0.015749999999999945 0.04432000000000001 
