0 0.648125 0.0008333333333333334 0.02125 0.018 
0 0.199375 0.3225 0.027375 0.024140000000000023 
0 0.028125 0.3289533333333333 0.015875 0.025659999999999968 
0 0.567625 0.33824333333333334 0.0190625 0.027410000000000007 
0 0.51128 0.34079 0.015470000000000027 0.013953333333333338 
0 0.3771875 0.34265666666666666 0.0194375 0.022910000000000007 
0 0.701875 0.3461666666666667 0.016019999999999982 0.031 
0 0.431375 0.35083333333333333 0.0191875 0.019066666666666683 
0 0.586625 0.3525 0.0155 0.033563333333333355 
0 0.459625 0.35283333333333333 0.027875 0.02033333333333333 
0 0.32925 0.3531566666666667 0.0189375 0.021660000000000006 
0 0.672375 0.35379333333333335 0.01325 0.024373333333333295 
0 0.494125 0.4365 0.015 0.013333333333333334 
0 0.605875 0.4435 0.0125 0.028333333333333332 
0 0.520125 0.44416666666666665 0.014 0.024333333333333332 
0 0.684375 0.4447866666666666 0.018605000000000017 0.03583 
0 0.596125 0.44616666666666666 0.0155 0.030666666666666665 
0 0.284375 0.44716666666666666 0.01575 0.042666666666666665 
0 0.46508249999999995 0.4513066666666667 0.01325 0.035573333333333346 
0 0.473125 0.45464000000000004 0.011707499999999982 0.04498666666666668 
0 0.49920749999999997 0.45155333333333336 0.020125 0.03182666666666667 
0 0.3472925 0.4518166666666667 0.013875 0.024660000000000005 
0 0.48120749999999995 0.4528333333333333 0.010917500000000017 0.038 
0 0.516375 0.45316666666666666 0.020207499999999982 0.0305466666666667 
0 0.389355 0.45416666666666666 0.015019999999999981 0.03666666666666667 
0 0.5490425 0.4548333333333333 0.0320625 0.018849999999999985 
0 0.408375 0.4565 0.02354250000000002 0.021666666666666667 
0 0.5896675 0.4556233333333333 0.0140625 0.026826666666666672 
0 0.5995 0.4775 0.01704250000000002 0.029443333333333307 
0 0.2956675 0.45716666666666667 0.0161875 0.03966666666666667 
0 0.537875 0.45716666666666667 0.011394999999999982 0.038126666666666705 
0 0.351625 0.4580633333333334 0.01729250000000002 0.03076999999999998 
0 0.373875 0.46116666666666667 0.0085 0.022976666666666687 
0 0.48920749999999996 0.4618333333333333 0.01225 0.0351266666666667 
0 0.459875 0.4625 0.014457499999999983 0.03996000000000004 
0 0.719125 0.4602633333333333 0.0155625 0.03790666666666668 
0 0.381625 0.46316666666666667 0.0115 0.033 
0 0.6396675 0.4619566666666666 0.0204375 0.023826666666666673 
0 0.339375 0.4638333333333333 0.013855000000000018 0.03689000000000003 
0 0.272625 0.46416666666666667 0.012355000000000019 0.035223333333333356 
0 0.4459575 0.4645 0.017917500000000017 0.0361266666666667 
0 0.618875 0.4648333333333333 0.014730000000000017 0.03966666666666667 
0 0.260625 0.4655 0.014355000000000019 0.035 
0 0.670375 0.4655 0.02866750000000002 0.026279999999999974 
0 0.66948 0.4747833333333333 0.02275 0.02249666666666667 
0 0.329875 0.4661666666666667 0.015105000000000018 0.03666666666666667 
0 0.580625 0.4671666666666667 0.012480000000000019 0.04077666666666664 
0 0.583125 0.5055 0.01075 0.03866666666666667 
0 0.3986675 0.46607000000000004 0.0138125 0.040656666666666674 
0 0.499125 0.46705 0.022 0.031116666666666636 
0 0.3176675 0.4695 0.016375 0.034 
0 0.6297925 0.4687033333333333 0.0119375 0.03599000000000001 
0 0.352375 0.46981 0.021792500000000017 0.03668999999999998 
0 0.543875 0.47018666666666664 0.02141750000000002 0.019160000000000007 
0 0.558625 0.4718333333333333 0.013 0.04060999999999997 
0 0.5697925 0.47136999999999996 0.011082499999999981 0.03546333333333337 
0 0.609355 0.47483333333333333 0.0131875 0.03210999999999998 
0 0.6459275 0.4775 0.0276875 0.01872333333333336 
0 0.5169175 0.4774333333333333 0.016125 0.03574000000000001 
0 0.592375 0.48183333333333334 0.017855000000000017 0.02477666666666664 
0 0.360125 0.4825 0.019230000000000018 0.0389666666666667 
0 0.369625 0.48414333333333337 0.01673000000000002 0.033023333333333314 
0 0.43466750000000004 0.4849833333333333 0.017352499999999965 0.04613666666666662 
0 0.5406675 0.48634666666666665 0.0144375 0.03349666666666667 
0 0.4824575 0.4862133333333334 0.02866750000000002 0.0258266666666666 
0 0.552875 0.48868666666666666 0.014542500000000019 0.04466666666666667 
0 0.650125 0.4886 0.02816750000000002 0.017566666666666682 
0 0.446875 0.49116666666666664 0.010769999999999981 0.03 
0 0.531625 0.49516666666666664 0.023490000000000007 0.028473333333333357 
0 0.642625 0.4966133333333333 0.02023000000000002 0.033573333333333344 
0 0.403625 0.49348000000000003 0.013042500000000018 0.04335333333333331 
0 0.503395 0.49421000000000004 0.011 0.03432333333333327 
0 0.424875 0.4941466666666667 0.012792500000000017 0.03968666666666665 
0 0.382625 0.49883333333333335 0.0115 0.029333333333333333 
0 0.414875 0.49916666666666665 0.010855000000000017 0.03333333333333333 
0 0.575875 0.49883333333333335 0.009 0.035 
0 0.457625 0.49721000000000004 0.011957499999999982 0.02395666666666663 
0 0.46445749999999997 0.4996333333333334 0.020125 0.0315333333333333 
0 0.512375 0.4975133333333333 0.012 0.04165333333333335 
0 0.592125 0.5001666666666666 0.021 0.02 
0 0.39341750000000003 0.5015 0.012477499999999964 0.03580000000000003 
0 0.624875 0.50128 0.015105000000000018 0.03857333333333334 
0 0.49520749999999997 0.5029600000000001 0.0140625 0.03398999999999993 
0 0.666875 0.5055 0.017 0.033666666666666664 
0 0.610355 0.5057766666666667 0.0181875 0.026993333333333338 
0 0.5624175 0.5064433333333334 0.014 0.03474333333333334 
0 0.4867925 0.5087766666666667 0.0128125 0.03249000000000001 
0 0.5235425 0.51051 0.0295 0.02483 
0 0.5921675000000001 0.51361 0.01425 0.019660000000000007 
0 0.47594749999999997 0.5171533333333334 0.0209375 0.04023666666666668 
0 0.5967925000000001 0.5212733333333334 0.0229375 0.02649333333333334 
0 0.3779175 0.5198900000000001 0.0166875 0.023580000000000004 
0 0.433875 0.5248333333333334 0.014667500000000017 0.031303333333333364 
0 0.550855 0.5228066666666666 0.015 0.035193333333333306 
0 0.51998 0.5271766666666666 0.02939499999999998 0.01824333333333334 
0 0.5251675 0.54218 0.0248125 0.01649666666666667 
0 0.46791750000000004 0.5318133333333334 0.024727499999999965 0.03873000000000002 
0 0.417375 0.5328333333333334 0.01979250000000002 0.027 
0 0.403875 0.5478066666666667 0.022792500000000018 0.02102666666666664 
0 0.508125 0.5341666666666667 0.017855000000000017 0.026593333333333323 
0 0.397625 0.5341666666666667 0.012480000000000019 0.028220000000000026 
0 0.602125 0.5358333333333334 0.016 0.017 
0 0.495875 0.5351066666666666 0.017 0.03372666666666669 
0 0.38673 0.5385 0.012125 0.03356666666666668 
0 0.461125 0.5391666666666667 0.02275 0.0341266666666667 
0 0.45391750000000003 0.5418233333333333 0.0171875 0.038486666666666676 
0 0.443875 0.5426533333333333 0.019417500000000018 0.03207666666666667 
0 0.376625 0.5428333333333333 0.012792500000000017 0.03578666666666663 
0 0.347375 0.5485 0.02379250000000002 0.023396666666666684 
0 0.5114175 0.55226 0.0115 0.03624000000000001 
0 0.4299375 0.5424166666666667 0.014375 0.036833333333333336 
0 0.5587300000000001 0.5541666666666667 0.0160625 0.04811333333333331 
0 0.5377925 0.5578333333333333 0.01475 0.03933333333333333 
0 0.491625 0.5585 0.01025 0.036333333333333336 
0 0.550375 0.5581666666666667 0.011980000000000018 0.03926666666666665 
0 0.522125 0.5595 0.00675 0.026 
0 0.329875 0.5615 0.016240000000000008 0.03833333333333333 
0 0.574125 0.5618333333333333 0.01710500000000002 0.03 
0 0.4198325 0.5609966666666667 0.020125 0.03099000000000001 
0 0.5272925 0.5638333333333333 0.021102499999999965 0.03808333333333333 
0 0.34149 0.5635366666666667 0.014529999999999973 0.041630000000000035 
0 0.49979250000000003 0.5650833333333334 0.016 0.03749000000000001 
0 0.589125 0.5678733333333333 0.013042500000000018 0.03396000000000004 
0 0.460875 0.5698333333333333 0.029 0.02033333333333333 
0 0.458375 0.5823333333333334 0.02825 0.0205 
0 0.447125 0.5721666666666667 0.01789499999999998 0.013666666666666667 
0 0.443625 0.5728333333333333 0.014230000000000019 0.04005333333333336 
0 0.44599 0.5977033333333333 0.018467499999999974 0.03932333333333334 
0 0.5666675 0.57644 0.0163125 0.02172666666666669 
0 0.38348000000000004 0.5798333333333333 0.014644999999999981 0.04066666666666666 
0 0.42998000000000003 0.5798333333333333 0.015 0.03488666666666669 
0 0.39298 0.5801666666666667 0.012144999999999982 0.03630333333333336 
0 0.487125 0.5801666666666667 0.010417500000000019 0.022483333333333348 
0 0.482875 0.5994 0.012980000000000018 0.033099999999999984 
0 0.605875 0.5831666666666667 0.018730000000000017 0.03377666666666664 
0 0.520105 0.5858433333333333 0.015375 0.03824333333333334 
0 0.509625 0.5891666666666666 0.01425 0.039 
0 0.59648 0.5893666666666666 0.01475 0.03680000000000003 
0 0.40173000000000003 0.5888100000000001 0.011875 0.040406666666666674 
0 0.411625 0.5915 0.012730000000000017 0.0414666666666667 
0 0.562875 0.5902833333333333 0.014417500000000019 0.044216666666666696 
0 0.494125 0.5902433333333333 0.01591750000000002 0.043566666666666684 
0 0.5699175 0.5916033333333334 0.020207499999999982 0.035323333333333345 
0 0.46241750000000004 0.5918166666666667 0.0256875 0.02474333333333334 
0 0.621125 0.5945 0.015 0.039606666666666644 
0 0.422625 0.5951666666666666 0.011730000000000018 0.03855000000000003 
0 0.5380199999999999 0.59593 0.021710000000000035 0.03665333333333334 
0 0.3745425 0.5972233333333333 0.016832499999999983 0.034609999999999974 
0 0.433875 0.5988333333333333 0.013605000000000018 0.04033333333333333 
0 0.529125 0.5985166666666667 0.017792500000000017 0.035316666666666684 
0 0.58773 0.6028333333333333 0.0123125 0.04018666666666665 
0 0.586875 0.6381666666666667 0.013730000000000018 0.03333333333333333 
0 0.555875 0.6043499999999999 0.014230000000000019 0.04382000000000001 
0 0.462375 0.6031466666666667 0.02379250000000002 0.027686666666666648 
0 0.6056675 0.6168333333333333 0.013 0.03051999999999998 
0 0.5714175 0.6153466666666667 0.0178125 0.03724000000000001 
0 0.566625 0.6388333333333334 0.019105000000000018 0.030666666666666665 
0 0.61498 0.6188699999999999 0.0135 0.046403333333333345 
0 0.549625 0.6235 0.01725 0.039 
0 0.59748 0.62519 0.0125 0.03391 
0 0.498625 0.6262666666666666 0.015230000000000018 0.04224000000000001 
0 0.511625 0.6278333333333334 0.010917500000000017 0.03475666666666666 
0 0.633375 0.6285333333333333 0.01573000000000002 0.04063333333333336 
0 0.5349175 0.6300933333333333 0.022125 0.029406666666666675 
0 0.5198550000000001 0.6368333333333334 0.0290625 0.02300666666666666 
0 0.645605 0.6371966666666666 0.012875 0.03832333333333334 
0 0.6252300000000001 0.6412 0.0115 0.04530000000000003 
0 0.6086050000000001 0.6457666666666666 0.0186875 0.03673333333333335 
0 0.463375 0.6483733333333332 0.02929250000000002 0.025910000000000006 
0 0.526105 0.6529266666666667 0.0296875 0.02049666666666667 
0 0.518375 0.6585 0.017 0.028 
0 0.59623 0.6576933333333334 0.012894999999999981 0.03307333333333342 
0 0.4731675 0.6594566666666666 0.028957499999999983 0.028240000000000084 
0 0.5467925 0.6611666666666667 0.014082499999999982 0.03666666666666667 
0 0.558855 0.6574433333333333 0.0178125 0.037490000000000086 
0 0.510375 0.6635 0.01975 0.030666666666666665 
0 0.492375 0.6674533333333333 0.01716750000000002 0.042823333333333345 
0 0.6020425 0.6655233333333334 0.0196875 0.038000000000000075 
0 0.534625 0.6701666666666667 0.015355000000000018 0.026333333333333334 
0 0.507125 0.6725 0.013 0.044333333333333336 
0 0.5820425 0.6719566666666666 0.017 0.044323333333333416 
0 0.4746675 0.6848966666666667 0.01825999999999999 0.03728000000000005 
0 0.531375 0.6865 0.016 0.03333333333333333 
0 0.602375 0.6881666666666667 0.02633249999999998 0.03030666666666669 
0 0.5448025 0.6907 0.02155250000000001 0.02626999999999998 
0 0.562625 0.6909433333333334 0.029542500000000017 0.026240000000000086 
0 0.563105 0.7085 0.010769999999999981 0.026603333333333316 
0 0.518355 0.6916233333333333 0.01375 0.03907333333333342 
0 0.486605 0.6931133333333334 0.023519999999999982 0.03216333333333326 
0 0.6121775 0.6943966666666667 0.0279375 0.02744999999999997 
0 0.52873 0.6943733333333333 0.01638499999999999 0.046403333333333345 
0 0.4627075 0.6977266666666666 0.019 0.03711666666666679 
0 0.5507925 0.7095 0.014582499999999983 0.03966666666666667 
0 0.5712925 0.7115 0.024 0.016853333333333314 
0 0.622125 0.7118333333333333 0.01975 0.03 
0 0.46005250000000003 0.7138333333333333 0.017375 0.0368433333333334 
0 0.5095425 0.7091166666666666 0.0165 0.04457000000000001 
0 0.59199 0.7134333333333334 0.03225 0.02399333333333334 
0 0.542375 0.7165 0.00975 0.031 
0 0.489125 0.7171666666666666 0.02325 0.020666666666666667 
0 0.47676999999999997 0.71935 0.013210000000000036 0.03783666666666659 
0 0.476875 0.7531666666666667 0.014 0.013333333333333334 
0 0.467875 0.7616933333333333 0.023417500000000018 0.03147333333333336 
0 0.595625 0.7235 0.01525 0.015 
0 0.6039575 0.7351666666666666 0.02466750000000002 0.022553333333333286 
0 0.5727300000000001 0.7235333333333333 0.0108125 0.019160000000000007 
0 0.574125 0.7398333333333333 0.014605000000000019 0.03753000000000005 
0 0.488125 0.7271666666666666 0.011 0.03933333333333333 
0 0.5806675 0.72694 0.01895749999999998 0.02689333333333328 
0 0.523875 0.7285 0.01025 0.034333333333333334 
0 0.515625 0.7555166666666667 0.02517750000000001 0.032983333333333274 
0 0.56123 0.7326033333333333 0.013125 0.03208666666666674 
0 0.5344175 0.7393633333333334 0.0140625 0.02973333333333327 
0 0.5980525 0.7373500000000001 0.024529999999999972 0.029033333333333303 
0 0.49848000000000003 0.7340266666666666 0.0253125 0.03132333333333342 
0 0.5791675000000001 0.7380300000000001 0.0163125 0.026826666666666672 
0 0.496105 0.7430333333333333 0.011519999999999982 0.03890666666666675 
0 0.547375 0.7472766666666666 0.019292500000000018 0.020556666666666692 
0 0.595375 0.7505133333333334 0.02536500000000001 0.02874333333333334 
0 0.501875 0.7560300000000001 0.017207499999999983 0.03313666666666662 
0 0.5872925 0.7591666666666667 0.011082499999999981 0.036333333333333336 
0 0.567105 0.7598333333333334 0.0218125 0.034 
0 0.48648 0.76286 0.01075 0.022973333333333356 
0 0.54823 0.76578 0.024375 0.02066333333333326 
0 0.525125 0.7701666666666667 0.02404250000000002 0.039 
0 0.597105 0.7689400000000001 0.0245 0.024893333333333278 
0 0.517125 0.76978 0.023230000000000018 0.033489999999999936 
0 0.557875 0.78061 0.025855000000000017 0.016996666666666747 
0 0.534875 0.7828333333333334 0.0225 0.03233333333333333 
0 0.54173 0.7920233333333334 0.026875 0.03241000000000001 
0 0.570125 0.7935266666666666 0.02748000000000002 0.024326666666666674 
0 0.561625 0.8045 0.0225 0.035333333333333335 
0 0.552875 0.8013566666666667 0.02098000000000002 0.03247666666666661 
0 0.41167750000000003 0.47191 0.00475 0.025869999999999966 
0 0.415645 0.47278666666666663 0.016157500000000026 0.036366666666666714 
0 0.43173 0.46199 0.0205625 0.029156666666666674 
0 0.43516750000000004 0.47873333333333334 0.01475 0.014413333333333337 
0 0.39645749999999996 0.5681566666666666 0.02775 0.02749333333333334 
0 0.4139575 0.5686166666666667 0.0174375 0.026910000000000007 
0 0.35458249999999997 0.5673699999999999 0.011625 0.03857333333333334 
0 0.36266750000000003 0.5639000000000001 0.01475 0.047820000000000015 
0 0.3704175 0.5728133333333334 0.015875 0.03965666666666667 
0 0.5290825 0.46047000000000005 0.010125 0.03799000000000001 
0 0.5757925 0.6460333333333333 0.0138125 0.03857333333333342 
0 0.57098 0.6780266666666667 0.02 0.030656666666666752 
0 0.589605 0.6713766666666667 0.015 0.04282000000000001 
0 0.390125 0.31216333333333335 0.0095625 0.01174666666666667 
