0 0.5860745614035088 0.6299342105263158 0.019736842105263157 0.029331140350877194 
0 0.6293859649122807 0.49122807017543857 0.021747076023391813 0.027412280701754384 
0 0.36915204678362573 0.5030838815789473 0.01828764619883044 0.02515076754385965 
0 0.7207602339181286 0.5764802631578947 0.02101608187134503 0.021107456140350877 
0 0.11056286549707603 0.5375548245614035 0.030153508771929825 0.02055921052631579 
0 0.2768640350877193 0.5987088815789474 0.013888888888888888 0.02272752192982452 
0 0.4515716374269006 0.5520833333333334 0.009868421052631578 0.023300438596491228 
0 0.35471491228070173 0.4487390350877193 0.011878654970760233 0.016721491228070175 
0 0.6074561403508771 0.5367324561403509 0.01206140350877193 0.020833333333333332 
0 0.4197733918128655 0.5657894736842105 0.022478070175438597 0.029605263157894735 
0 0.454312865497076 0.4276315789473684 0.012609649122807017 0.017269736842105265 
0 0.7772295321637427 0.4432565789473684 0.013888888888888888 0.017269736842105265 
0 0.3989400584795322 0.44024122807017546 0.012792397660818713 0.028782894736842105 
0 0.7028508771929824 0.48163377192982454 0.02138157894736842 0.01699561403508772 
0 0.7119883040935673 0.4438048245614035 0.010599415204678362 0.0200109649122807 
0 0.5407529239766082 0.43640350877192985 0.012792397660818713 0.018914473684210526 
0 0.4784356725146199 0.46326754385964913 0.017178362573099414 0.024671052631578948 
0 0.7032163742690059 0.44353070175438597 0.010599415204678362 0.018914473684210526 
0 0.3053728070175439 0.4194078947368421 0.020285087719298246 0.016721491228070175 
0 0.17927631578947367 0.565515350877193 0.01882309941520468 0.028782894736842105 
0 0.578764619883041 0.4174890350877193 0.01864035087719298 0.019736842105263157 
0 0.4689327485380117 0.553453947368421 0.027412280701754384 0.01836622807017544 
0 0.4269005847953216 0.43064692982456143 0.012792397660818713 0.01864035087719298 
0 0.7207602339181286 0.615953947368421 0.023391812865497075 0.02549342105263158 
0 0.618421052631579 0.5825109649122807 0.017178362573099414 0.035910087719298246 
0 0.23556286549707603 0.5219298245614035 0.0133406432748538 0.02055921052631579 
0 0.6398026315789473 0.5518092105263158 0.01663011695906433 0.01864035087719298 
0 0.6134868421052632 0.4399671052631579 0.01206140350877193 0.023574561403508772 
0 0.2887426900584795 0.4980811403508772 0.019005847953216373 0.02823464912280702 
0 0.6692251461988304 0.5962171052631579 0.021198830409356724 0.027960526315789474 
0 0.5846125730994152 0.45093201754385964 0.011330409356725146 0.024396929824561403 
0 0.4895833333333333 0.5120614035087719 0.011695906432748537 0.02631578947368421 
0 0.44042397660818716 0.5836074561403509 0.01663011695906433 0.021655701754385966 
0 0.2958698830409357 0.5101425438596491 0.015533625730994151 0.02412280701754386 
0 0.7648026315789473 0.5778508771929824 0.01206140350877193 0.023026315789473683 
0 0.7450365497076024 0.4786184210526316 0.011542397660818687 0.02203947368421055 
0 0.6396198830409356 0.45614035087719296 0.02101608187134503 0.01699561403508772 
0 0.7750365497076024 0.5531798245614035 0.02284356725146199 0.01781798245614035 
0 0.6524122807017544 0.4662828947368421 0.01516812865497076 0.027412280701754384 
0 0.7783260233918129 0.42351973684210525 0.010599415204678362 0.023026315789473683 
0 0.7618786549707602 0.4621710526315789 0.013015350877193028 0.023848684210526317 
0 0.7545687134502924 0.575109649122807 0.010782163742690058 0.02275219298245614 
0 0.7410453216374269 0.5189144736842105 0.013523391812865496 0.029605263157894735 
0 0.7892909356725146 0.44161184210526316 0.019714912280701775 0.01781798245614035 
0 0.4906798245614035 0.4536732456140351 0.018457602339181287 0.01343201754385965 
0 0.9839181286549707 0.753015350877193 0.01425438596491228 0.017269736842105265 
0 0.5382364766081872 0.5219298245614035 0.014212353801169588 0.024671052631578948 
0 0.5964912280701754 0.5622258771929824 0.016264619883040937 0.02631578947368421 
0 0.48135964912280704 0.4361293859649123 0.022112573099415205 0.015350877192982455 
0 0.7503654970760234 0.5021929824561403 0.015899122807017545 0.019462719298245616 
0 0.4769736842105263 0.5964912280701754 0.027595029239766082 0.02138157894736842 
0 0.6244517543859649 0.5435855263157895 0.01644736842105263 0.01864035087719298 
0 0.40442251461988304 0.5844298245614035 0.019736842105263157 0.03234649122807018 
0 0.41118421052631576 0.6765350877192983 0.01644736842105263 0.013980263157894737 
0 0.6195175438596491 0.4388706140350877 0.014802631578947368 0.02138157894736842 
0 0.7615131578947368 0.609375 0.02138157894736842 0.029605263157894735 
0 0.7004751461988304 0.5383771929824561 0.019554093567251463 0.01836622807017544 
0 0.6423611111111112 0.5668859649122807 0.024853801169590642 0.026041666666666668 
0 0.2971326754385965 0.5512609649122807 0.019205043859649107 0.02609100877192978 
0 0.7156432748538012 0.46381578947368424 0.02722953216374269 0.024671052631578948 
0 0.3358918128654971 0.4901315789473684 0.011513157894736841 0.02412280701754386 
0 0.7894736842105263 0.4322916666666667 0.015533625730994151 0.013157894736842105 
0 0.49488304093567254 0.6030701754385965 0.019371345029239765 0.030975877192982455 
0 0.610014619883041 0.4624451754385965 0.020650584795321638 0.015350877192982455 
0 0.20741959064327486 0.48848684210526316 0.01644736842105263 0.020833333333333332 
0 0.7437865497076024 0.5619517543859649 0.013888888888888888 0.02823464912280702 
0 0.7673611111111112 0.41776315789473684 0.01206140350877193 0.013706140350877192 
0 0.7763157894736842 0.5816885964912281 0.030519005847953216 0.026041666666666668 
0 0.19901315789473684 0.6066337719298246 0.017361111111111112 0.03782894736842105 
0 0.5310672514619883 0.6049890350877193 0.02503654970760234 0.02412280701754386 
0 0.18457602339181287 0.5071271929824561 0.013157894736842105 0.011513157894736841 
0 0.600328947368421 0.559484649122807 0.019736842105263157 0.01781798245614035 
0 0.7286184210526315 0.45339912280701755 0.014619883040935672 0.017543859649122806 
0 0.20285087719298245 0.5424890350877193 0.02850877192982456 0.015350877192982455 
0 0.6339546783625731 0.421875 0.015350877192982455 0.01069078947368421 
0 0.4678362573099415 0.4994517543859649 0.011878654970760233 0.02768640350877193 
0 0.6595394736842105 0.44846491228070173 0.01425438596491228 0.0200109649122807 
0 0.32510964912280704 0.48515624999999996 0.011330409356725146 0.024712171052631605 
0 0.637609649122807 0.5921052631578947 0.016264619883040937 0.034265350877192985 
0 0.5268640350877193 0.4251644736842105 0.013157894736842105 0.01699561403508772 
0 0.28636695906432746 0.47341008771929827 0.013888888888888888 0.022478070175438597 
0 0.7695540935672515 0.5202850877192983 0.013706140350877192 0.024671052631578948 
0 0.5367324561403509 0.5526315789473685 0.013706140350877192 0.024945175438596492 
0 0.6953581871345029 0.45586622807017546 0.017178362573099414 0.01617324561403509 
0 0.8351608187134503 0.5794956140350878 0.019919590643274854 0.019736842105263157 
0 0.5833333333333334 0.5021929824561403 0.011695906432748537 0.022478070175438597 
0 0.5093201754385965 0.5606633771929824 0.02722953216374269 0.021025219298245627 
0 0.6030701754385965 0.44764254385964913 0.013523391812865496 0.021655701754385966 
0 0.8267543859649122 0.4298245614035088 0.01918859649122807 0.015625 
0 0.31451023391812866 0.4317434210526316 0.02010233918128655 0.014802631578947368 
0 0.7399488304093568 0.45586622807017546 0.009502923976608187 0.01864035087719298 
0 0.668859649122807 0.4649122807017544 0.013157894736842105 0.024396929824561403 
0 0.5299707602339181 0.5476973684210527 0.013888888888888888 0.018914473684210526 
0 0.4594298245614035 0.5446820175438597 0.011695906432748537 0.02631578947368421 
0 0.13212719298245615 0.596765350877193 0.028691520467836257 0.024396929824561403 
0 0.7520102339181286 0.4120065789473684 0.014437134502923976 0.015625 
0 0.6979166666666666 0.43201754385964913 0.021929824561403508 0.011513157894736841 
0 0.7510964912280702 0.5293311403508771 0.015533625730994151 0.027412280701754384 
0 0.23809027777777778 0.48410087719298245 0.02324013157894738 0.025482456140350888 
0 0.5752923976608187 0.5386513157894737 0.015350877192982455 0.02138157894736842 
0 0.30372807017543857 0.47560307017543857 0.01644736842105263 0.021929824561403508 
0 0.22934941520467836 0.5614035087719298 0.01864035087719298 0.03125 
0 0.4607090643274854 0.6025219298245614 0.017361111111111112 0.03837719298245614 
0 0.049707602339181284 0.5868969298245614 0.026133040935672515 0.032072368421052634 
0 0.7118055555555556 0.5693530701754386 0.015533625730994151 0.023574561403508772 
0 0.5445906432748538 0.5008223684210527 0.01608187134502924 0.026589912280701754 
0 0.6557017543859649 0.6025219298245614 0.014437134502923976 0.03344298245614035 
0 0.2953216374269006 0.5855263157894737 0.017543859649122806 0.027138157894736843 
0 0.685124269005848 0.5986842105263158 0.01699561403508772 0.023848684210526317 
0 0.20559210526315788 0.5663377192982456 0.029970760233918127 0.01864035087719298 
0 0.34539473684210525 0.43777412280701755 0.023574561403508772 0.011787280701754386 
0 0.7490862573099415 0.4498355263157895 0.01023391812865497 0.027412280701754384 
0 0.7934941520467836 0.45285087719298245 0.017361111111111112 0.017269736842105265 
0 0.7867324561403509 0.49629660087719296 0.029614400584795354 0.012475328947368419 
0 0.4767909356725146 0.49917763157894735 0.017726608187134504 0.01918859649122807 
0 0.5235745614035088 0.5397478070175439 0.015350877192982455 0.02138157894736842 
0 0.4411549707602339 0.4369517543859649 0.014802631578947368 0.02275219298245614 
0 0.05610380116959064 0.5622258771929824 0.022112573099415205 0.03755482456140351 
0 0.16794590643274854 0.5424890350877193 0.031615497076023395 0.01587445175438599 
0 0.23464912280701755 0.5419407894736842 0.017726608187134504 0.03042763157894737 
0 0.6716008771929824 0.44846491228070173 0.015899122807017545 0.02275219298245614 
0 0.32474415204678364 0.5095942982456141 0.019371345029239765 0.01069078947368421 
0 0.13669590643274854 0.5328947368421053 0.012975146198830409 0.021929824561403508 
0 0.4369517543859649 0.42406798245614036 0.011878654970760233 0.0200109649122807 
0 0.3651900584795322 0.45723684210526316 0.02278508771929826 0.016910635964912296 
0 0.43914473684210525 0.38980263157894735 0.01864035087719298 0.014528508771929825 
0 0.4583333333333333 0.4662828947368421 0.025584795321637425 0.01644736842105263 
0 0.5122441520467836 0.6052631578947368 0.02046783625730994 0.023574561403508772 
0 0.4371345029239766 0.5408442982456141 0.022478070175438597 0.015899122807017545 
0 0.25548245614035087 0.5899122807017544 0.015899122807017545 0.03839364035087718 
0 0.39747807017543857 0.4141995614035088 0.017891081871345044 0.011513157894736841 
0 0.7858187134502924 0.4155701754385965 0.020285087719298246 0.021929824561403508 
0 0.30628654970760233 0.43667763157894735 0.015350877192982455 0.019736842105263157 
0 0.4077850877192983 0.42105263157894735 0.012929459064327485 0.022881030701754394 
0 0.24872076023391812 0.5433114035087719 0.014071637426900584 0.036458333333333336 
0 0.3892543859649123 0.4276315789473684 0.019554093567251463 0.010964912280701754 
0 0.1299342105263158 0.6918859649122807 0.020285087719298246 0.015350877192982455 
0 0.21107456140350878 0.587171052631579 0.0133406432748538 0.03892543859649123 
0 0.028143274853801168 0.5921052631578947 0.02850877192982456 0.0200109649122807 
0 0.6730628654970761 0.44051535087719296 0.022112573099415205 0.012883771929824562 
0 0.5263157894736842 0.47423245614035087 0.011330409356725146 0.03125 
0 0.1924342105263158 0.5866228070175439 0.01663011695906433 0.02768640350877193 
0 0.8316885964912281 0.6134868421052632 0.01644736842105263 0.03042763157894737 
0 0.7167397660818714 0.41584429824561403 0.0133406432748538 0.01836622807017544 
0 0.22203947368421054 0.5915570175438597 0.015350877192982455 0.029605263157894735 
0 0.49396929824561403 0.5622258771929824 0.003289473684210526 0.006853070175438596 
0 0.6986476608187134 0.4967105263157895 0.02503654970760234 0.00932017543859649 
0 0.14775219298245615 0.5896052631578947 0.0268640350877193 0.026444627192982403 
0 0.17790387426900586 0.5896052631578947 0.016355994152046784 0.031790021929824504 
0 0.14756944444444445 0.5243804824561403 0.014894005847953216 0.02904879385964913 
0 0.149031432748538 0.5199945175438596 0.023391812865497075 0.013566337719298249 
0 0.16063596491228072 0.5179413377192983 0.016171418128654972 0.028500548245614044 
0 0.1753472222222222 0.5202686403508772 0.018638523391812867 0.015622258771929827 
0 0.16474780701754385 0.5358908991228071 0.033898026315789476 0.014251644736842107 
0 0.1978234649122807 0.5035526315789474 0.014528508771929825 0.018223684210526322 
0 0.18813779239766082 0.5178042763157895 0.02722953216374269 0.013289473684210532 
0 0.20787463450292398 0.5087582236842105 0.03654970760233918 0.012469846491228072 
0 0.21984466374269007 0.4917680921052632 0.018183479532163743 0.019183114035087726 
0 0.20842288011695906 0.5153371710526315 0.026498538011695907 0.013292214912280704 
0 0.17954861111111112 0.5265734649122807 0.024305555555555556 0.010413925438596493 
0 0.1927065058479532 0.5282182017543859 0.017543859649122806 0.01877192982456141 
0 0.20394554093567252 0.5361650219298246 0.006304824561403508 0.008220942982456143 
0 0.20951937134502924 0.5260252192982456 0.009868421052631578 0.01013980263157895 
0 0.2183826754385965 0.5257510964912281 0.01800073099415205 0.015619517543859655 
0 0.2085142543859649 0.5339720394736842 0.028691520467836257 0.013840460526315792 
0 0.23544042397660817 0.47354440789473684 0.01699561403508772 0.01959429824561404 
0 0.2564565058479532 0.4871107456140351 0.014709429824561405 0.03535361842105264 
0 0.22602887426900584 0.5423327850877193 0.021564327485380116 0.02110197368421047 
0 0.2410142543859649 0.5173930921052632 0.03015168128654971 0.014251644736842107 
0 0.2432218567251462 0.5304194078947368 0.01758954678362573 0.012401315789473687 
0 0.25179641812865494 0.5312828947368421 0.019349415204678384 0.01942160087719302 
0 0.259577850877193 0.5263788377192983 0.025356359649122806 0.010345394736842107 
0 0.27013157894736844 0.5248711622807017 0.02837171052631579 0.012401315789473687 
0 0.26821271929824564 0.5202823464912281 0.024899488304093567 0.00657620614035088 
0 0.2640095029239766 0.5339172149122807 0.018229166666666668 0.0163733552631579 
0 0.2740606725146199 0.5339172149122807 0.02425986842105263 0.017949561403508778 
0 0.275796783625731 0.538780153508772 0.01836622807017544 0.027129934210526323 
0 0.30238669590643275 0.5170614035087719 0.01608187134502924 0.020005482456140356 
0 0.29379751461988307 0.5359703947368422 0.019828216374269007 0.015759320175438598 
0 0.26318713450292397 0.5441940789473684 0.013614766081871345 0.032609649122806963 
0 0.28333516081871346 0.5499479166666666 0.015305190058479532 0.02062225877192983 
0 0.29877741228070176 0.5448766447368422 0.020056652046783627 0.02398026315789474 
0 0.25870979532163746 0.5481003289473684 0.011330409356725146 0.022541118421052574 
0 0.24952668128654973 0.5770120614035088 0.02425986842105263 0.014662828947368362 
0 0.2709082602339181 0.5652960526315789 0.019279970760233918 0.027475328947368427 
0 0.28406615497076027 0.5663486842105263 0.025950292397660817 0.021373355263157964 
0 0.31019919590643275 0.570389254385965 0.014665570175438597 0.01877192982456141 
0 0.3071838450292398 0.586422697368421 0.01882309941520468 0.03558114035087724 
0 0.32079861111111113 0.5825849780701754 0.012701023391812866 0.024665570175438602 
0 0.2871582602339181 0.5926781798245614 0.019325657894736843 0.02843475877192983 
0 0.26605080409356724 0.5919928728070176 0.023300438596491228 0.020896381578947375 
0 0.3306213450292398 0.5637664473684211 0.034036915204678365 0.01630756578947375 
0 0.33642361111111113 0.5767845394736842 0.03545321637426901 0.016990131578947375 
0 0.3462463450292398 0.5900767543859649 0.018092105263157895 0.02671875000000007 
0 0.32692068713450295 0.5929523026315789 0.025904605263157895 0.03302357456140345 
0 0.31219298245614036 0.5432922149122807 0.015625 0.027404057017543868 
0 0.31685307017543857 0.5409621710526316 0.015625 0.02110197368421047 
0 0.32258040935672516 0.5365186403508772 0.027732090643274854 0.010756578947368424 
0 0.3189711257309942 0.5234320175438597 0.030975877192982455 0.017127192982456144 
0 0.31147843567251465 0.5212390350877193 0.01663011695906433 0.02178728070175439 
0 0.3115698099415205 0.4943832236842105 0.014208698830409356 0.025005482456140357 
0 0.3183315058479532 0.5126069078947368 0.024625365497076022 0.016853070175438602 
0 0.34793676900584797 0.5230208333333334 0.013888888888888888 0.016650219298245617 
0 0.3310325292397661 0.5389857456140351 0.013706140350877192 0.02514254385964913 
0 0.34067251461988307 0.538780153508772 0.010508040935672515 0.026650219298245622 
0 0.3491703216374269 0.5378207236842105 0.014756944444444444 0.027266995614035096 
0 0.2707858187134503 0.4799506578947368 0.0100968567251462 0.025896381578947376 
0 0.27695358187134506 0.4841968201754386 0.009548611111111112 0.017129934210526318 
0 0.2748062865497076 0.4969407894736842 0.01621893274853801 0.023774671052631584 
0 0.2924872076023392 0.4822094298245614 0.012563961988304093 0.022541118421052636 
0 0.3152247807017544 0.47439967105263153 0.01699561403508772 0.021376096491228076 
0 0.32920504385964916 0.47433114035087715 0.013569078947368422 0.01671875 
0 0.34167763157894737 0.47282346491228067 0.010736476608187134 0.022129934210526322 
0 0.34546966374269006 0.4935142543859649 0.01516812865497076 0.02363760964912281 
0 0.36496162280701755 0.47410361842105264 0.020239400584795363 0.023774671052631584 
0 0.3634082602339181 0.4963706140350877 0.013569078947368463 0.028157894736842114 
0 0.38739400584795325 0.49123081140350877 0.01343201754385965 0.02740679824561404 
0 0.3846984649122807 0.45560581140350875 0.012883771929824562 0.01466008771929825 
0 0.34440241228070173 0.4194078947368421 0.0133406432748538 0.0197998903508772 
0 0.3316118421052631 0.42920504385964914 0.014186769005847973 0.028500548245614044 
0 0.33389619883040933 0.42112116228070173 0.011008771929824563 0.01836074561403509 
0 0.35088998538011695 0.4213952850877193 0.016584429824561403 0.016921600877192987 
0 0.3624031432748538 0.43057565789473684 0.008771929824561403 0.012058662280701756 
0 0.3693475877192982 0.42454495614035087 0.011695906432748579 0.015759320175438598 
0 0.36733735380116955 0.4333141447368421 0.021564327485380157 0.01843201754385965 
0 0.37574378654970764 0.4448245614035088 0.009365862573099416 0.013292214912280704 
0 0.3791703216374269 0.4172834429824561 0.015031067251461989 0.013429276315789477 
0 0.38095211988304095 0.4205729166666667 0.024396929824561403 0.013495065789473688 
0 0.3913852339181286 0.44386513157894736 0.01274671052631579 0.012606907894736844 
0 0.3968676900584795 0.42673793859649123 0.013110380116959107 0.019457236842105267 
0 0.3826589912280701 0.43660361842105266 0.01539656432748538 0.019936951754385968 
0 0.3991977339181286 0.4664747807017544 0.014115497076023435 0.02178728070175439 
0 0.4114400584795322 0.4412637061403509 0.017315423976608187 0.021650219298245617 
0 0.4116228070175439 0.4239281798245614 0.015807748538011698 0.02398026315789474 
0 0.41875 0.4471546052631579 0.014985380116959063 0.02398026315789474 
0 0.4284356725146199 0.4487993421052632 0.012152777777777778 0.02247258771929825 
0 0.40061403508771926 0.4957757675438596 0.014343932748538055 0.03220120614035089 
0 0.40869883040935673 0.4834429824561403 0.012609649122807017 0.01815789473684211 
0 0.41194261695906437 0.4884457236842105 0.014574195906432748 0.019388706140350882 
0 0.4175164473684211 0.4950219298245614 0.017498172514619884 0.0282264254385965 
0 0.4274762426900585 0.4987225877192982 0.013477704678362573 0.01753837719298246 
0 0.43442068713450294 0.4915268640350877 0.012472587719298246 0.01829495614035088 
0 0.44319261695906437 0.4904331140350877 0.02503654970760234 0.017469846491228076 
0 0.446390716374269 0.49927083333333333 0.015350877192982455 0.010962171052631581 
0 0.4225877192982456 0.5054358552631579 0.02823464912280702 0.025076754385964916 
0 0.4109375 0.5198245614035087 0.017132675438596492 0.014934210526315795 
0 0.4276133040935673 0.5149588815789473 0.02421418128654971 0.02007401315789474 
0 0.44968019005847953 0.5050246710526316 0.011284722222222222 0.02151315789473685 
0 0.45840643274853804 0.5024890350877192 0.011878654970760233 0.026104714912280707 
0 0.38690789473684206 0.5236595394736842 0.02325292397660823 0.013086622807017546 
0 0.4054111842105263 0.5310608552631578 0.018501461988304137 0.010550986842105266 
0 0.4071454678362573 0.5344161184210526 0.021290204678362575 0.013634868421052633 
0 0.4261970029239766 0.5323629385964912 0.01251827485380117 0.02171600877192983 
0 0.43601973684210527 0.5250301535087719 0.016264619883040937 0.022609649122807024 
0 0.35609831871345027 0.5363404605263158 0.014163011695906433 0.015276864035087724 
0 0.36007309941520466 0.5358607456140351 0.016173245614035128 0.012949561403508775 
0 0.3612152777777778 0.5450411184210526 0.018640350877193023 0.017743969298245617 
0 0.3705811403508772 0.5303125 0.019371345029239807 0.022332785087719305 
0 0.3802211257309942 0.5318174342105263 0.012107090643274854 0.014799890350877195 
0 0.3883534356725146 0.529969846491228 0.012426900584795321 0.019320175438596498 
0 0.3601187865497076 0.5488541666666666 0.027229532163742732 0.020690789473684152 
0 0.38360197368421056 0.5476233552631579 0.011970029239766082 0.011644736842105268 
0 0.3722203947368421 0.5569407894736842 0.02252923976608191 0.024251644736842114 
0 0.3939729532163743 0.5474177631578947 0.00941154970760234 0.016921600877192987 
0 0.3763834064327486 0.5661896929824561 0.019142909356725146 0.029322916666666612 
0 0.3930592105263158 0.5591337719298246 0.015350877192982455 0.03089912280701755 
0 0.3958004385964913 0.5354276315789473 0.011558845029239767 0.017812500000000005 
0 0.3813633040935673 0.582563048245614 0.02398574561403509 0.018432017543859588 
0 0.4024561403508772 0.5444243421052631 0.02919407894736842 0.01507401315789474 
0 0.4092635233918128 0.5540844298245614 0.013797514619883041 0.02932565789473691 
0 0.4222386695906432 0.5512774122807017 0.012244152046783625 0.024868421052631647 
0 0.4324725877192982 0.5538788377192982 0.014389619883040978 0.01863760964912281 
0 0.43461988304093563 0.5475767543859649 0.02060307017543864 0.018018092105263162 
0 0.45063961988304096 0.5745257675438596 0.012015716374269006 0.026581688596491296 
0 0.4399195906432748 0.5308141447368421 0.02590277777777782 0.014320175438596493 
0 0.4448062865497076 0.5255400219298246 0.02010233918128655 0.011850328947368425 
0 0.46107090643274856 0.525608552631579 0.01745248538011696 0.009180372807017546 
0 0.46536549707602337 0.5269078947368421 0.02147295321637427 0.01199013157894737 
0 0.45997441520467836 0.5394462719298246 0.014802631578947368 0.012401315789473687 
0 0.46984283625730994 0.5323218201754386 0.01699561403508772 0.020416666666666673 
0 0.449406067251462 0.4728070175438596 0.01228983918128655 0.01959429824561404 
0 0.45598501461988306 0.4794517543859649 0.01091922514619883 0.019114583333333338 
0 0.4650767543859649 0.48150767543859646 0.02398574561403509 0.02007401315789474 
0 0.48618421052631583 0.4883580043859649 0.0188687865497076 0.019871162280701758 
0 0.4777320906432749 0.5121326754385965 0.013660453216374269 0.025487938596491233 
0 0.4940862573099415 0.5017434210526316 0.018183479532163743 0.02315789473684211 
0 0.5012134502923976 0.48941063596491224 0.018457602339181287 0.020416666666666673 
0 0.5061476608187134 0.4843421052631579 0.023298611111111155 0.019183114035087663 
0 0.4998428362573099 0.5183223684210526 0.013706140350877192 0.017815241228070176 
0 0.47115131578947367 0.5424396929824561 0.014802631578947368 0.013977521929824564 
0 0.4807456140350877 0.5510718201754385 0.015899122807017545 0.012469846491228134 
0 0.49573099415204674 0.55203125 0.023848684210526317 0.020553728070175442 
0 0.4849488304093567 0.5369599780701754 0.010416666666666666 0.020827850877192987 
0 0.4902485380116959 0.5421655701754385 0.03399122807017544 0.011510416666666669 
0 0.49362938596491224 0.5353152412280702 0.03188961988304093 0.010825109649122809 
0 0.4944517543859649 0.5476480263157895 0.02101608187134503 0.017675438596491296 
0 0.51546783625731 0.5462774122807017 0.009959795321637427 0.01452302631578948 
0 0.49021747076023386 0.5727686403508772 0.03280336257309942 0.014797149122807022 
0 0.5089491959064327 0.5881140350877193 0.026498538011695907 0.016307565789473625 
0 0.5156195175438596 0.6011321271929824 0.02540204678362573 0.016441885964912285 
0 0.5510727339181286 0.5911293859649123 0.015076754385964912 0.027404057017543806 
0 0.548422880116959 0.5518037280701754 0.015625 0.02575932017543854 
0 0.5126041666666666 0.5230290570175439 0.027869152046783627 0.02205866228070176 
0 0.527406798245614 0.5231661184210527 0.012426900584795321 0.01452302631578948 
0 0.5709923245614035 0.5618064692982455 0.02366593567251462 0.022609649122807024 
0 0.570078581871345 0.5834566885964911 0.01745248538011696 0.026581688596491296 
0 0.518545321637427 0.49993695175438596 0.014619883040935672 0.02308662280701755 
0 0.537139985380117 0.4815049342105263 0.011924342105263159 0.02637883771929825 
0 0.5381907894736843 0.5130208333333334 0.015807748538011698 0.014936951754385967 
0 0.576748903508772 0.6029221491228071 0.014071637426900584 0.026310307017543864 
0 0.5908205409356725 0.5852467105263158 0.012609649122807017 0.027678179824561347 
0 0.596485745614035 0.5952494517543859 0.012335526315789474 0.02233552631578948 
0 0.6023336988304093 0.5933305921052631 0.017909356725146198 0.020416666666666673 
0 0.568890716374269 0.5575712719298246 0.029605263157894735 0.023840460526315735 
0 0.630202850877193 0.5814117324561403 0.017361111111111112 0.036998355263157964 
0 0.5527485380116959 0.515046600877193 0.01918859649122807 0.02041666666666661 
0 0.5476315789473684 0.5324479166666667 0.01644736842105263 0.020553728070175442 
0 0.5577741228070175 0.5480701754385965 0.014163011695906433 0.02987116228070176 
0 0.5566776315789473 0.5209375 0.03134137426900585 0.021650219298245555 
0 0.560515350877193 0.5343667763157894 0.03609100877192987 0.014799890350877195 
0 0.5669115497076023 0.5468366228070175 0.014163011695906433 0.012195723684210529 
0 0.5849122807017544 0.5431359649122807 0.013338815789473728 0.019320175438596557 
0 0.5564035087719298 0.488327850877193 0.017543859649122806 0.03041940789473685 
0 0.5670029239766081 0.5064144736842106 0.015716374269005847 0.017812500000000005 
0 0.5691045321637427 0.48339364035087723 0.017178362573099414 0.025625000000000005 
0 0.575500730994152 0.5280646929824562 0.02393823099415209 0.014934210526315732 
0 0.5918548976608188 0.5229934210526316 0.0266812865497076 0.016307565789473625 
0 0.5920376461988305 0.5125794956140352 0.025767543859649123 0.019320175438596435 
0 0.592860014619883 0.5036732456140351 0.013066520467836257 0.023294956140350882 
0 0.5916721491228071 0.48709429824561407 0.019462719298245616 0.02699287280701755 
0 0.5788815789473684 0.464484649122807 0.009868421052631578 0.024936951754385973 
0 0.5458040935672515 0.46996436403508773 0.01836622807017544 0.019457236842105267 
0 0.5551242690058479 0.46092105263157895 0.014802631578947368 0.026036184210526322 
0 0.5958753654970761 0.5417653508771929 0.015533625730994151 0.018363486842105266 
0 0.5981597222222222 0.5340926535087719 0.011970029239766082 0.011236293859649126 
0 0.6103125 0.5275164473684211 0.029239766081871343 0.015756578947368365 
0 0.6127796052631579 0.5454660087719297 0.015807748538011698 0.019868421052631646 
0 0.6186275584795322 0.5606770833333333 0.015625 0.024251644736842173 
0 0.6308717105263159 0.5688980263157896 0.021655701754385966 0.020827850877192987 
0 0.6098263888888888 0.4981469298245614 0.013523391812865496 0.01959429824561404 
0 0.5942927631578947 0.46484923245614035 0.013706140350877192 0.027815241228070182 
0 0.6048008040935672 0.46923519736842106 0.01471125730994152 0.025211074561403517 
0 0.625360014619883 0.4697834429824561 0.0133406432748538 0.02233552631578948 
0 0.616953581871345 0.48403234649122806 0.015533625730994151 0.024391447368421058 
0 0.6188724415204678 0.50609375 0.014802631578947368 0.022609649122807024 
0 0.6323958333333333 0.5100685307017544 0.013888888888888888 0.027815241228070182 
0 0.6450968567251462 0.5133552631578947 0.017176535087719342 0.024117324561403513 
0 0.6188724415204678 0.5354166666666667 0.028417397660818713 0.012058662280701756 
0 0.6402540204678362 0.5361019736842105 0.01425438596491228 0.01973135964912281 
0 0.6286494883040935 0.5530948464912281 0.017726608187134504 0.016578947368421058 
0 0.6490259502923976 0.5280180921052632 0.020466008771929868 0.025487938596491233 
0 0.6529550438596491 0.5515871710526316 0.013521564327485424 0.02781524122807012 
0 0.6573410087719298 0.5540542763157895 0.01763340643274858 0.025211074561403455 
0 0.6623647660818713 0.5509018640350878 0.02238669590643275 0.013429276315789414 
0 0.6630957602339181 0.5478865131578947 0.01343201754385965 0.008220942982456143 
0 0.6688523391812865 0.5622752192982455 0.01864035087719298 0.029185855263157964 
0 0.6732383040935672 0.5428179824561403 0.025584795321637425 0.020142543859649066 
0 0.668079312865497 0.5349122807017543 0.014163011695906433 0.015211074561403512 
0 0.6664345760233918 0.5144956140350877 0.01160453216374269 0.023911732456140294 
0 0.6763486842105263 0.5168256578947369 0.013660453216374269 0.021444627192982398 
0 0.681328581871345 0.5328563596491228 0.010416666666666666 0.01507401315789474 
0 0.6441831140350877 0.6072313596491228 0.017086988304093567 0.03370888157894744 
0 0.6683972953216374 0.6173711622807018 0.024577850877193025 0.01973135964912281 
0 0.6845084064327486 0.5675849780701755 0.01617324561403509 0.016853070175438602 
0 0.6897167397660819 0.5769024122807017 0.02585891812865497 0.018634868421052636 
0 0.7005902777777778 0.5699150219298246 0.018183479532163743 0.012332785087719239 
0 0.7049762426900585 0.6091036184210527 0.014528508771929825 0.02781524122807012 
0 0.7141136695906433 0.6149945175438597 0.017178362573099414 0.024254385964912285 
0 0.6979714912280702 0.554248903508772 0.01608187134502924 0.019183114035087726 
0 0.6826206140350878 0.5552083333333333 0.019736842105263157 0.01959429824561404 
0 0.6875548245614035 0.5345175438596491 0.013066520467836257 0.022469846491228077 
0 0.6986111111111112 0.5312280701754386 0.01471125730994152 0.017949561403508778 
0 0.7070175438596492 0.5284868421052632 0.02046783625730994 0.01644462719298246 
0 0.7184393274853802 0.5343804824561403 0.014437134502923976 0.019320175438596498 
0 0.7117690058479532 0.5487664473684211 0.029055190058479494 0.017675438596491233 
0 0.6993421052631579 0.5064254385964913 0.012701023391812866 0.026995614035087726 
0 0.687280701754386 0.5138267543859649 0.013066520467836257 0.022469846491228077 
0 0.6414108187134503 0.48477521929824563 0.02631578947368421 0.0280921052631579 
0 0.6372076023391813 0.4912171052631579 0.01864035087719298 0.023566337719298253 
0 0.6581323099415205 0.4923135964912281 0.022934941520467836 0.025211074561403517 
0 0.6629751461988305 0.4753207236842105 0.012609649122807017 0.020553728070175442 
0 0.6807017543859649 0.47011513157894735 0.010599415204678362 0.02110197368421053 
0 0.6793311403508773 0.4909347587719298 0.016904239766081873 0.024939692982456144 
0 0.6858187134502924 0.47353344298245614 0.014619883040935672 0.022061403508771935 
0 0.6982456140350878 0.4777823464912281 0.010964912280701754 0.019046052631578953 
0 0.6953216374269006 0.4668201754385965 0.017726608187134504 0.020553728070175442 
0 0.68125 0.44791118421052634 0.01800073099415205 0.0247998903508772 
0 0.7133223684210527 0.5077905701754386 0.01964546783625731 0.024388706140350883 
0 0.7199013157894737 0.48381030701754385 0.019828216374269007 0.028500548245614044 
0 0.7312317251461988 0.498061951754386 0.011695906432748537 0.030693530701754394 
0 0.7274853801169591 0.5250548245614035 0.012975146198830409 0.021239035087719304 
0 0.7100968567251462 0.5601535087719298 0.018914473684210526 0.00924890350877187 
0 0.718686038011696 0.5670065789473684 0.01516812865497076 0.013015350877192987 
0 0.7222953216374269 0.557686403508772 0.023574561403508772 0.013292214912280642 
0 0.7349506578947369 0.5315158991228071 0.013797514619882958 0.02199287280701755 
0 0.7381944444444445 0.5506990131578947 0.01832054093567243 0.013771929824561406 
0 0.7309758771929825 0.5634429824561403 0.018457602339181204 0.02398026315789474 
0 0.755811403508772 0.5527741228070175 0.01352156432748534 0.026858552631578953 
0 0.7642160087719299 0.5552412280701754 0.013888888888888888 0.024391447368421058 
0 0.777282529239766 0.5604495614035088 0.020924707602339183 0.021650219298245617 
0 0.7745413011695906 0.5756578947368421 0.03718932748538012 0.02315789473684211 
0 0.7681451023391813 0.5412637061403509 0.026041666666666668 0.01589638157894737 
0 0.7550804093567252 0.5220805921052631 0.018090277777777736 0.026995614035087726 
0 0.7920851608187135 0.5692187500000001 0.027595029239766082 0.029597039473684156 
0 0.7969279970760234 0.5651069078947369 0.026224415204678362 0.02480263157894725 
0 0.7993037280701755 0.5623656798245614 0.031158625730994153 0.027955043859649004 
0 0.8046034356725146 0.5583936403508772 0.027412280701754384 0.022609649122807024 
0 0.8261677631578948 0.5648327850877194 0.01516812865497076 0.023294956140350757 
0 0.3865113304093567 0.4000548245614035 0.020557383040935715 0.010002741228070178 
0 0.3793384502923976 0.40540021929824566 0.011968201754386008 0.012741228070175444 
0 0.3908497807017544 0.40615405701754387 0.017909356725146198 0.014591557017543865 
0 0.4076626461988304 0.3991639254385965 0.011741593567251463 0.012401315789473687 
0 0.40167763157894737 0.40992050438596495 0.022706505847953216 0.008495065789473687 
0 0.41287097953216373 0.41567708333333336 0.012015716374269006 0.007878289473684214 
0 0.41972404970760235 0.4197861842105263 0.012015716374269006 0.013634868421052571 
0 0.4177595029239766 0.40238486842105264 0.016493055555555556 0.010825109649122809 
0 0.422328216374269 0.3981359649122807 0.01941703216374269 0.0073327850877192985 
0 0.42648574561403507 0.3873793859649123 0.017361111111111112 0.012195723684210529 
0 0.43406980994152045 0.3958086622807018 0.013797514619883041 0.007878289473684214 
0 0.42493238304093567 0.40485197368421055 0.022569444444444444 0.015071271929824567 
0 0.4564565058479532 0.3929303728070176 0.013020833333333334 0.01705866228070176 
0 0.44658808479532164 0.4071134868421053 0.014437134502923976 0.007124451754385967 
0 0.428952850877193 0.41040021929824566 0.02828033625730994 0.012127192982456143 
0 0.4623044590643275 0.4000548245614035 0.010873538011695907 0.01438870614035088 
0 0.4273081140350877 0.41827850877192985 0.0266812865497076 0.016239035087719237 
0 0.45581688596491227 0.4103316885964913 0.010370979532163743 0.012469846491228072 
0 0.44795869883040934 0.4189638157894737 0.012701023391812866 0.020964912280701697 
0 0.4387006578947369 0.45372258771929824 0.01114766081871345 0.017746710526315792 
0 0.44153326023391815 0.45427083333333335 0.019232456140350837 0.0241858552631579 
0 0.45459978070175444 0.4420093201754386 0.01397843567251458 0.011370614035087724 
0 0.45459978070175444 0.44248629385964916 0.023115862573099374 0.02110197368421053 
0 0.46464912280701753 0.43645833333333334 0.016127558479532164 0.016304824561403513 
0 0.4600347222222222 0.4139857456140351 0.011741593567251463 0.015485197368421055 
0 0.4662938596491228 0.41576754385964915 0.013523391812865496 0.015759320175438598 
0 0.47424342105263156 0.4264555921052632 0.014437134502923976 0.016441885964912285 
0 0.46697916666666667 0.42275493421052635 0.015533625730994151 0.01507401315789474 
0 0.48027412280701753 0.42810032894736844 0.019005847953216373 0.01740131578947369 
0 0.48380847953216377 0.4494764254385965 0.014985380116959063 0.017332785087719304 
0 0.49833698830409356 0.4361156798245614 0.01320358187134503 0.020553728070175442 
0 0.5066520467836257 0.44858552631578946 0.017041301169590642 0.02315789473684211 
0 0.4953216374269006 0.4672889254385965 0.01827485380116959 0.022609649122807024 
0 0.5094225146198831 0.46701480263157896 0.01228983918128655 0.022198464912280707 
0 0.4694919590643275 0.401515899122807 0.011878654970760233 0.015690789473684214 
0 0.4718220029239766 0.3956935307017544 0.009548611111111112 0.010276864035087721 
0 0.47977156432748536 0.39870888157894735 0.008771929824561403 0.01890899122807018 
0 0.48671600877192983 0.4006935307017544 0.00932017543859649 0.01863760964912281 
0 0.4946198830409357 0.39644736842105266 0.0100968567251462 0.019320175438596498 
0 0.4792233187134503 0.4148766447368421 0.015579312865497076 0.008152412280701756 
0 0.48027412280701753 0.4179605263157895 0.022249634502923978 0.011099232456140353 
0 0.49553362573099413 0.4128892543859649 0.00826937134502924 0.010413925438596493 
0 0.5003764619883041 0.4073410087719298 0.01493969298245614 0.013771929824561406 
0 0.49768092105263156 0.4211814692982456 0.027960526315789474 0.015208333333333338 
0 0.4971783625730994 0.4263185307017544 0.019462719298245616 0.01336074561403509 
0 0.5104733187134503 0.4393366228070176 0.017772295321637425 0.014934210526315795 
0 0.5122551169590643 0.4311156798245614 0.01882309941520468 0.02014254385964913 
0 0.5179660087719298 0.44673519736842104 0.017863669590643276 0.013977521929824564 
0 0.5001334064327485 0.41430646929824566 0.014894005847953216 0.00876918859649123 
0 0.5153015350877193 0.412593201754386 0.013706140350877192 0.01199013157894737 
0 0.5003161549707602 0.38868146929824565 0.015625 0.013292214912280704 
0 0.5043366228070175 0.39532894736842106 0.020604897660818713 0.015276864035087724 
0 0.513108552631579 0.40293311403508775 0.014894005847953216 0.014868421052631581 
0 0.5275913742690058 0.4013569078947369 0.011193347953216375 0.014662828947368424 
0 0.5191392543859649 0.41519736842105265 0.016584429824561403 0.014183114035087721 
0 0.5335763888888889 0.413484100877193 0.012701023391812866 0.02329495614035082 
0 0.5384192251461989 0.40108278508771933 0.013797514619883041 0.015348135964912283 
0 0.5345815058479532 0.4089638157894737 0.01864035087719298 0.01452302631578948 
0 0.5428051900584795 0.4223218201754386 0.021564327485380116 0.010139802631578888 
0 0.5231597222222222 0.43533991228070174 0.015716374269005847 0.01267543859649123 
0 0.5323428362573099 0.4414391447368421 0.009914108187134504 0.02151315789473685 
0 0.5491100146198831 0.42910635964912286 0.019005847953216373 0.018771929824561346 
0 0.5545924707602339 0.40868969298245617 0.012883771929824562 0.018497807017543864 
0 0.5503892543859649 0.3994407894736842 0.011239035087719298 0.02308662280701755 
0 0.556374269005848 0.39073739035087723 0.010645102339181287 0.0162390350877193 
0 0.5644152046783626 0.40300164473684214 0.009822733918128655 0.017472587719298247 
0 0.550875365497076 0.44552631578947366 0.023391812865497075 0.010756578947368424 
0 0.5414656432748538 0.45052631578947366 0.030699926900584755 0.014114583333333337 
0 0.5678709795321637 0.4571737938596491 0.013249269005847953 0.024525767543859656 
0 0.5609265350877193 0.4295614035087719 0.013157894736842105 0.01973135964912281 
0 0.5650383771929824 0.418188048245614 0.011101973684210526 0.014251644736842107 
0 0.5720285087719298 0.43435855263157896 0.015487938596491228 0.026718750000000006 
0 0.5719828216374269 0.4183251096491228 0.011193347953216375 0.021855811403508778 
0 0.5789272660818713 0.4047149122807018 0.02928545321637427 0.018201754385964875 
0 0.583952850877193 0.4321655701754386 0.016355994152046784 0.019388706140350882 
0 0.5738103070175439 0.3947121710526316 0.011101973684210526 0.011099232456140353 
0 0.571891447368421 0.40382401315789473 0.009594298245614035 0.015690789473684214 
0 0.5781048976608187 0.39916666666666667 0.0133406432748538 0.018977521929824565 
0 0.5859173976608187 0.3955345394736842 0.0201937134502924 0.012401315789473687 
0 0.5918110380116959 0.3981387061403509 0.026544225146198832 0.009934210526315792 
0 0.5967909356725146 0.4066337719298246 0.010736476608187134 0.0163733552631579 
0 0.5925127923976609 0.4487911184210526 0.0133406432748538 0.019114583333333338 
0 0.6135270467836257 0.4059018640350877 0.009365862573099416 0.015690789473684214 
0 0.605625 0.4160416666666667 0.009912280701754346 0.01726699561403509 
0 0.6078636695906433 0.4063815789473684 0.007171052631578908 0.009523026315789477 
0 0.6194206871345029 0.4052165570175439 0.009731359649122808 0.012195723684210529 
0 0.6150347222222222 0.4154934210526316 0.011101973684210526 0.013018092105263161 
0 0.6005537280701755 0.4321436403508772 0.012881944444444404 0.018977521929824565 
0 0.5898172514619883 0.4257702850877193 0.014665570175438597 0.01891173245614035 
0 0.596624634502924 0.4207702850877193 0.01343201754385965 0.01582510964912281 
0 0.6132986111111111 0.4257017543859649 0.01114766081871345 0.016513157894736844 
0 0.6234411549707602 0.4207017543859649 0.01000548245614035 0.017264254385964916 
0 0.6040259502923977 0.41152138157894735 0.0063943713450292 0.010688048245614038 
0 0.626578947368421 0.43481633771929823 0.01183296783625731 0.019868421052631584 
0 0.6370869883040935 0.442077850877193 0.022203947368421052 0.01616776315789474 
0 0.6277211257309941 0.45064144736842104 0.01918859649122807 0.01925164473684211 
0 0.6413815789473684 0.47051260964912284 0.012198464912280702 0.016853070175438602 
0 0.635031067251462 0.43029605263157894 0.022249634502923978 0.020896381578947375 
0 0.6403307748538012 0.42947368421052634 0.02046783625730994 0.019320175438596498 
0 0.6481889619883041 0.4287198464912281 0.017726608187134504 0.01925164473684211 
0 0.6533059210526315 0.4278974780701754 0.01699561403508772 0.019320175438596498 
0 0.6318019005847952 0.41154605263157895 0.013066520467836257 0.01616776315789474 
0 0.625953947368421 0.4085992324561403 0.01516812865497076 0.013223684210526318 
0 0.6281926169590643 0.4012691885964912 0.014848318713450293 0.010002741228070178 
0 0.6412591374269005 0.40469572368421053 0.01631030701754386 0.009865679824561406 
0 0.6411677631578947 0.4092160087719298 0.018092105263157895 0.01336074561403509 
0 0.643954678362573 0.4146984649122807 0.013797514619883041 0.012881030701754389 
0 0.6569298245614035 0.4097642543859649 0.010051169590643274 0.012469846491228072 
0 0.6525438596491228 0.3989391447368421 0.011558845029239767 0.011578947368421055 
0 0.6575694444444444 0.4197669956140351 0.021564327485380116 0.014936951754385967 
0 0.6616355994152047 0.4286732456140351 0.0133406432748538 0.014731359649122809 
0 0.6633717105263157 0.40394188596491226 0.012838084795321638 0.013426535087719304 
0 0.6670723684210526 0.409421600877193 0.014665570175438597 0.013634868421052633 
0 0.6741995614035088 0.43086622807017544 0.016904239766081873 0.014525767543859652 
0 0.6792251461988303 0.42723684210526314 0.01644736842105263 0.01788103070175439 
0 0.6933424707602339 0.4415542763157895 0.012929459064327485 0.01589638157894737 
0 0.6826059941520467 0.4195614035087719 0.014574195906432748 0.018840460526315793 
0 0.6720979532163742 0.4197669956140351 0.011513157894736841 0.01013980263157895 
0 0.6879203216374269 0.41346491228070176 0.01896016081871345 0.012881030701754389 
0 0.674718567251462 0.40058388157894737 0.011237207602339224 0.019457236842105267 
0 0.6850877192982456 0.40394188596491226 0.010279605263157895 0.015962171052631584 
0 0.6915296052631579 0.4030509868421052 0.011970029239766082 0.011304824561403512 
0 0.7019462719298246 0.40716008771929824 0.013569078947368422 0.013086622807017546 
0 0.6945449561403509 0.4197669956140351 0.010416666666666666 0.016581688596491232 
0 0.7028600146198831 0.41983552631578946 0.017726608187134504 0.012949561403508775 
0 0.7081597222222222 0.4170285087719298 0.015579312865497076 0.016784539473684214 
0 0.7086165935672515 0.41031249999999997 0.013157894736842105 0.009043311403508775 
0 0.7070796783625731 0.43406524122807016 0.018411915204678362 0.012604166666666672 
0 0.7191867690058479 0.4401617324561404 0.024899488304093567 0.012127192982456143 
0 0.7226589912280702 0.4483141447368421 0.01206140350877193 0.018497807017543864 
0 0.7076279239766081 0.4618804824561404 0.012335526315789474 0.021924342105263162 
0 0.7247149122807017 0.4346792763157895 0.02206688596491228 0.012743969298245617 
0 0.7335325292397661 0.4683196271929825 0.013888888888888888 0.021581688596491233 
0 0.7340807748538012 0.4465323464912281 0.024440789473684253 0.009317434210526318 
0 0.746781798245614 0.44365679824561405 0.019872076023391857 0.01466008771929825 
0 0.7520815058479533 0.48373629385964917 0.01671966374269002 0.02445723684210527 
0 0.7562828947368421 0.4566036184210526 0.01160453216374269 0.02130756578947369 
0 0.7266940789473684 0.41851151315789475 0.014482821637426901 0.017332785087719304 
0 0.7369279970760233 0.4241968201754386 0.023665935672514703 0.012743969298245617 
0 0.734141081871345 0.4317351973684211 0.02558479532163751 0.00726151315789474 
0 0.7206176900584795 0.41049616228070174 0.02147295321637427 0.01500274122807018 
0 0.7245924707602339 0.41008497807017547 0.018411915204678362 0.00979714912280702 
0 0.7306688596491228 0.40254934210526316 0.018183479532163826 0.01178179824561404 
0 0.7414510233918128 0.43639254385964915 0.018731725146198915 0.008429276315789474 
0 0.7565734649122807 0.4266639254385965 0.021884137426900586 0.01404605263157895 
0 0.7583095760233919 0.4102905701754386 0.01228983918128655 0.015550986842105268 
0 0.771421783625731 0.4139199561403509 0.01023391812865497 0.013292214912280704 
0 0.7813358918128656 0.41734649122807016 0.009046052631578948 0.012881030701754389 
0 0.7589035087719299 0.44160087719298247 0.020330774853801168 0.019183114035087726 
0 0.7668987573099416 0.4517406798245614 0.012838084795321638 0.01836074561403509 
0 0.7636549707602339 0.43413377192982455 0.019508406432748537 0.02014254385964913 
0 0.7721217105263158 0.47032894736842107 0.018236476608187127 0.022129934210526322 
0 0.777421418128655 0.46224506578947366 0.014163011695906433 0.02267817982456141 
0 0.7878380847953217 0.4601891447368421 0.01343201754385965 0.017129934210526318 
0 0.7901224415204678 0.47423519736842107 0.027777777777777776 0.023843201754385968 
0 0.7959703947368422 0.4716310307017544 0.031112938596491228 0.018226425438596493 
0 0.7950566520467837 0.464438048245614 0.027183845029239765 0.015482456140350882 
0 0.805062134502924 0.452859100877193 0.017086988304093567 0.019388706140350882 
0 0.7876096491228071 0.48745888157894735 0.02183845029239766 0.009934210526315792 
0 0.8047112573099415 0.4380592105263158 0.02266081871345029 0.017678179824561407 
0 0.8148538011695906 0.4304550438596491 0.01402595029239766 0.01507401315789474 
0 0.7999141081871345 0.42189144736842105 0.01768092105263158 0.016510416666666673 
0 0.7943859649122808 0.41243695175438594 0.01402595029239766 0.012949561403508775 
0 0.1782200292397661 0.724890350877193 0.01918859649122807 0.01808936403508766 
0 0.3534740497076023 0.7046107456140351 0.019919590643274854 0.01808936403508766 
0 0.3850895467836257 0.6793996710526315 0.014437134502923976 0.016990131578947375 
0 0.38911001461988304 0.6832346491228071 0.017726608187134504 0.025762061403508778 
0 0.4479550438596491 0.6484320175438597 0.014071637426900584 0.029048793859649067 
0 0.6214181286549708 0.6851398026315789 0.027046783625730993 0.020827850877192987 
0 0.6945175438596491 0.706515899122807 0.02046783625730994 0.023569078947368427 
0 0.7478801169590643 0.7262472587719297 0.02704678362573091 0.026310307017543864 
0 0.8253636695906433 0.6851398026315789 0.021929824561403508 0.03453125000000007 
0 0.8290186403508772 0.7794133771929825 0.019736842105263157 0.029597039473684156 
0 0.9113779239766082 0.7465268640350877 0.024851973684210486 0.01918585526315796 
