0 0.40275 0.6826666666666666 0.0105 0.03 
0 0.26925 0.6063333333333333 0.0125 0.016 
0 0.24225 0.6446666666666667 0.017 0.015666666666666666 
0 0.25075 0.678 0.01725 0.027 
0 0.28975 0.637 0.0145 0.022333333333333334 
0 0.5125 0.692 0.021 0.019666666666666666 
0 0.46025 0.6256666666666667 0.01 0.029666666666666668 
0 0.5365 0.617 0.01075 0.022 
0 0.2245 0.6876666666666666 0.01575 0.026333333333333334 
0 0.21975 0.6356666666666667 0.02125 0.023333333333333334 
0 0.49925 0.639 0.016 0.014666666666666666 
0 0.3275 0.561 0.01375 0.016 
0 0.4445 0.6863333333333334 0.018 0.023333333333333334 
0 0.17325 0.6846666666666666 0.0165 0.03 
0 0.25875 0.679 0.0185 0.030333333333333334 
0 0.2665 0.687 0.01875 0.031 
0 0.35875 0.6986666666666667 0.02875 0.012333333333333333 
0 0.335 0.5923333333333334 0.0115 0.025333333333333333 
0 0.47175 0.546 0.0105 0.015666666666666666 
0 0.20125 0.7383333333333333 0.01825 0.023 
0 0.46725 0.6313333333333333 0.01225 0.033666666666666664 
0 0.463 0.5723333333333334 0.02425 0.012 
0 0.264 0.6226666666666667 0.02175 0.017333333333333333 
0 0.42775 0.6363333333333333 0.01025 0.025333333333333333 
0 0.4923975 0.5556666666666666 0.02210250000000002 0.012 
0 0.46275 0.5453333333333333 0.0115 0.016666666666666666 
0 0.34625 0.63 0.01275 0.025333333333333333 
0 0.3925 0.646 0.029 0.012666666666666666 
0 0.34975 0.7616666666666667 0.017 0.015333333333333332 
0 0.39475 0.6913333333333334 0.00925 0.024 
0 0.5655 0.6293333333333333 0.01075 0.019 
0 0.394 0.5606666666666666 0.01075 0.019 
0 0.30025 0.6793333333333333 0.02075 0.017666666666666667 
0 0.2405 0.689 0.01225 0.021666666666666667 
0 0.5755 0.6283333333333333 0.02075 0.016666666666666666 
0 0.34 0.6823333333333333 0.011 0.027333333333333334 
0 0.55775 0.612 0.0125 0.02 
0 0.30975 0.5746666666666667 0.01075 0.026 
0 0.1975 0.6846666666666666 0.016 0.023666666666666666 
0 0.2505 0.6306666666666667 0.01325 0.022 
0 0.38 0.5703333333333334 0.02 0.013666666666666667 
0 0.42025 0.6323333333333333 0.012 0.022333333333333334 
0 0.33 0.62 0.013 0.028666666666666667 
0 0.269695 0.64575 0.015305000000000006 0.020583333333333332 
0 0.4235 0.5456666666666666 0.0095 0.015333333333333332 
0 0.273 0.5493333333333333 0.0185 0.018666666666666668 
0 0.28175 0.623 0.01675 0.023333333333333334 
0 0.3445 0.596 0.02425 0.023 
0 0.34475 0.587 0.0125 0.024666666666666667 
0 0.36225 0.556 0.00825 0.02266666666666667 
0 0.47825 0.6176666666666667 0.008 0.028 
0 0.38425 0.6246666666666667 0.0125 0.029333333333333333 
0 0.2985 0.626 0.01375 0.020666666666666667 
0 0.41225 0.6266666666666667 0.0185 0.016666666666666666 
0 0.437 0.6306666666666667 0.01025 0.026 
0 0.361 0.5783333333333334 0.0245 0.014666666666666666 
0 0.3915 0.6176666666666667 0.015 0.014666666666666666 
0 0.5185 0.6326666666666667 0.01775 0.017333333333333333 
0 0.40475 0.5753333333333334 0.021 0.017333333333333333 
0 0.4295 0.693 0.01625 0.025666666666666667 
0 0.34325 0.5353333333333333 0.019 0.015333333333333332 
0 0.34 0.577 0.02025 0.018333333333333333 
0 0.54325 0.6086666666666667 0.0125 0.016 
0 0.2606325 0.5776666666666667 0.013867500000000007 0.017083333333333332 
0 0.4983975 0.544 0.01460250000000002 0.013916666666666667 
0 0.3315 0.6876666666666666 0.01 0.027 
0 0.36975 0.554 0.014 0.018 
0 0.55125 0.6326666666666667 0.01675 0.017333333333333333 
0 0.36225 0.5283333333333333 0.01375 0.012 
0 0.33175 0.5316666666666666 0.01175 0.011 
0 0.3295 0.62 0.01275 0.029 
0 0.298 0.567 0.017 0.013666666666666667 
0 0.383 0.5433333333333333 0.01675 0.014333333333333333 
0 0.46975 0.6966666666666667 0.017 0.029666666666666668 
0 0.41675 0.5473333333333333 0.01275 0.015 
0 0.2107725 0.6346666666666667 0.014002499999999998 0.023 
0 0.230025 0.594 0.020752499999999997 0.021333333333333333 
0 0.241005 0.5764166666666667 0.012627499999999998 0.018583333333333334 
0 0.2396925 0.6256666666666667 0.019065 0.021666666666666667 
0 0.22038 0.6148333333333333 0.016125 0.016 
0 0.259695 0.6425 0.0128125 0.02375 
0 0.2806325 0.6459166666666667 0.020752499999999997 0.019666666666666666 
0 0.305135 0.6328333333333334 0.012 0.029666666666666668 
0 0.29251 0.6165 0.0184375 0.021583333333333333 
0 0.31001 0.6098333333333333 0.010627499999999998 0.023083333333333334 
0 0.3148225 0.6235 0.014377499999999998 0.024333333333333332 
0 0.2752575 0.5361666666666667 0.016625 0.019333333333333334 
0 0.28769 0.5405 0.01159250000000003 0.009916666666666667 
0 0.2951275 0.5322933333333334 0.0094375 0.01495666666666663 
0 0.30547250000000004 0.5291666666666667 0.01365749999999997 0.008126666666666704 
0 0.29097 0.5484166666666667 0.016439999999999996 0.010666666666666666 
0 0.3027525 0.53375 0.012625 0.014083333333333333 
0 0.3153475 0.5298333333333334 0.02040749999999997 0.00975 
0 0.3137225 0.5395833333333333 0.00809499999999997 0.014166666666666666 
0 0.305695 0.5536666666666666 0.0228125 0.013333333333333334 
0 0.315445 0.5465833333333333 0.01575 0.009416666666666667 
0 0.3226325 0.5371666666666667 0.021564999999999997 0.010416666666666666 
0 0.33507 0.5458333333333333 0.009439999999999997 0.01625 
0 0.3292575 0.5441666666666667 0.0068125 0.012333333333333333 
0 0.3171325 0.5546666666666666 0.0161875 0.012666666666666666 
0 0.34651 0.5493333333333333 0.0166875 0.008583333333333333 
0 0.34351 0.5541666666666667 0.0185 0.010916666666666667 
0 0.318945 0.5565 0.0197525 0.0155 
0 0.2883175 0.56675 0.0133125 0.016083333333333335 
0 0.28206749999999997 0.5748333333333333 0.012 0.015166666666666667 
0 0.292255 0.5788333333333333 0.016877499999999997 0.020583333333333332 
0 0.295565 0.5822933333333333 0.014720000000000026 0.021 
0 0.3036275 0.5840833333333333 0.010470000000000028 0.02004333333333337 
0 0.3135675 0.5691266666666667 0.018532500000000028 0.009539999999999963 
0 0.31766 0.5742933333333333 0.01040749999999997 0.011833333333333333 
0 0.3361975 0.5591666666666667 0.01525 0.017166666666666667 
0 0.3470725 0.5633333333333334 0.0090625 0.017916666666666668 
0 0.355135 0.5629166666666666 0.0078125 0.017 
0 0.3435725 0.5290833333333333 0.0189375 0.0105 
0 0.35294749999999997 0.5415833333333333 0.017127499999999997 0.007833333333333333 
0 0.3553225 0.54575 0.016502499999999996 0.00775 
0 0.3732 0.5216666666666666 0.009375 0.011833333333333333 
0 0.3686975 0.5345833333333333 0.009064999999999998 0.008916666666666666 
0 0.37745 0.53025 0.012375 0.01075 
0 0.370825 0.5385833333333333 0.0178125 0.01025 
0 0.3708875 0.543 0.0185 0.00975 
0 0.37795 0.5521666666666667 0.015875 0.019 
0 0.380075 0.5565 0.0161875 0.017333333333333333 
0 0.3584475 0.55025 0.026815 0.011333333333333334 
0 0.3930125 0.5213333333333333 0.012314999999999998 0.010666666666666666 
0 0.38794999999999996 0.533 0.0120625 0.01125 
0 0.39957 0.5339166666666667 0.009532500000000027 0.013623333333333296 
0 0.40597750000000005 0.5321266666666667 0.007342499999999972 0.013 
0 0.4104775 0.5340833333333334 0.012782499999999971 0.012 
0 0.395975 0.5457933333333334 0.018377499999999998 0.0095 
0 0.4138525 0.5381666666666667 0.01209499999999997 0.01779333333333337 
0 0.3983275 0.5578333333333333 0.01075 0.013416666666666667 
0 0.394765 0.5533333333333333 0.0208125 0.00775 
0 0.407265 0.559 0.0093125 0.014916666666666667 
0 0.41551499999999997 0.561 0.011939999999999997 0.011416666666666667 
0 0.4216425 0.5588333333333333 0.0135625 0.009916666666666667 
0 0.4260175 0.53375 0.0085 0.013166666666666667 
0 0.4308925 0.5428333333333333 0.0091875 0.016833333333333332 
0 0.439955 0.538 0.024252499999999996 0.00675 
0 0.4342675 0.5388333333333334 0.0085625 0.010083333333333333 
0 0.4415175 0.5435 0.012689999999999998 0.014166666666666666 
0 0.45020499999999997 0.5436666666666666 0.019065 0.010416666666666666 
0 0.4446425 0.53425 0.01869 0.006666666666666667 
0 0.4392675 0.5485 0.0135625 0.011083333333333334 
0 0.44383 0.5578333333333333 0.020439999999999996 0.009583333333333333 
0 0.424205 0.5551666666666667 0.0186875 0.021916666666666668 
0 0.42826749999999997 0.5596666666666666 0.017375 0.017416666666666667 
0 0.39914 0.5715 0.024314999999999996 0.017416666666666667 
0 0.442955 0.5653333333333334 0.020064999999999996 0.010166666666666666 
0 0.481645 0.5444166666666667 0.011689999999999997 0.015583333333333333 
0 0.4838325 0.54825 0.015127499999999999 0.017 
0 0.32366 0.5903333333333334 0.0135 0.025166666666666667 
0 0.31791 0.5851666666666666 0.019625 0.015833333333333335 
0 0.325535 0.5746666666666667 0.0231275 0.014 
0 0.277655 0.597 0.017252500000000056 0.01633333333333333 
0 0.2836575 0.5908333333333333 0.015 0.016833333333333332 
0 0.33941000000000004 0.628 0.010752499999999998 0.023666666666666666 
0 0.3469125 0.618 0.009875 0.015833333333333335 
0 0.35816250000000005 0.6015 0.011375 0.016666666666666666 
0 0.365455 0.6015833333333334 0.009564999999999997 0.019166666666666665 
0 0.35558 0.6176666666666667 0.014064999999999998 0.00925 
0 0.35745499999999997 0.62025 0.009814999999999997 0.021833333333333333 
0 0.36676749999999997 0.6115 0.015314999999999997 0.019916666666666666 
0 0.3608925 0.62825 0.013752499999999997 0.019333333333333334 
0 0.3715825 0.6195833333333334 0.0131875 0.01975 
0 0.35908 0.6363333333333333 0.020127499999999996 0.01925 
0 0.3678325 0.6340833333333333 0.0174375 0.021083333333333332 
0 0.3935825 0.629 0.012189999999999998 0.021833333333333333 
0 0.4015225 0.62575 0.0174375 0.021916666666666668 
0 0.4081475 0.613 0.013375 0.01625 
0 0.37320749999999997 0.6435833333333333 0.0146875 0.036333333333333336 
0 0.42152249999999997 0.6094166666666667 0.016564999999999996 0.019 
0 0.4287725 0.6168333333333333 0.012502499999999998 0.0145 
0 0.4340225 0.6105 0.018564999999999998 0.022416666666666668 
0 0.43345999999999996 0.6226666666666667 0.01944 0.014916666666666667 
0 0.446275 0.6290833333333333 0.008 0.022583333333333334 
0 0.45215 0.6113333333333333 0.0095 0.01775 
0 0.45115 0.6225 0.0101875 0.026833333333333334 
0 0.45965 0.6173333333333333 0.010252499999999998 0.0125 
0 0.466275 0.6168333333333333 0.014002499999999998 0.0175 
0 0.467775 0.622 0.010939999999999998 0.0185 
0 0.38714499999999996 0.6756666666666666 0.0116875 0.025416666666666667 
0 0.36176749999999996 0.6783333333333333 0.026002499999999998 0.01633333333333333 
0 0.35833 0.69125 0.029252499999999997 0.013083333333333334 
0 0.3972075 0.6716666666666666 0.008002499999999997 0.019333333333333334 
0 0.40620999999999996 0.6646666666666666 0.028314999999999996 0.014583333333333334 
0 0.41096 0.6731666666666667 0.0148125 0.0345 
0 0.4252725 0.6705833333333333 0.016627499999999996 0.025 
0 0.43971249999999995 0.67075 0.013625 0.02666666666666667 
0 0.41546 0.6903333333333334 0.0166875 0.030083333333333333 
0 0.41617000000000004 0.7325 0.01125 0.025333333333333333 
0 0.29316250000000005 0.7481666666666666 0.01475 0.02266666666666667 
0 0.273285 0.7486666666666667 0.015375 0.011833333333333333 
0 0.1792575 0.7856666666666666 0.013627499999999997 0.0135 
0 0.2813825 0.6808333333333333 0.0171875 0.025916666666666668 
0 0.29663249999999997 0.6934166666666667 0.022314999999999998 0.014833333333333334 
0 0.3121975 0.6841666666666667 0.01925 0.03183333333333333 
0 0.320635 0.69225 0.0128125 0.027 
0 0.48553500000000005 0.612 0.014377499999999998 0.020833333333333332 
0 0.485785 0.6288333333333334 0.010877499999999998 0.014833333333333334 
0 0.4961625 0.6065 0.012375 0.027333333333333334 
0 0.5039549999999999 0.6203333333333333 0.012064999999999998 0.022916666666666665 
0 0.5080825 0.6016666666666667 0.015375 0.020416666666666666 
0 0.5115824999999999 0.6164166666666666 0.0128125 0.025416666666666667 
0 0.5157075 0.6186666666666667 0.0160625 0.026416666666666668 
0 0.5272074999999999 0.60875 0.011940000000000055 0.027833333333333335 
0 0.4840175 0.6316666666666667 0.017064999999999997 0.02875 
0 0.5436025 0.62254 0.018565000000000054 0.014920000000000072 
0 0.541385 0.6275 0.021875 0.018706666666666632 
0 0.57077 0.6181666666666666 0.028815000000000056 0.015583333333333333 
