0 0.503875 0.43716666666666665 0.02283249999999998 0.05532333333333334 
0 0.450125 0.44816666666666666 0.037875 0.05048666666666668 
0 0.5394800000000001 0.45883 0.0313125 0.06073333333333335 
0 0.508645 0.46891333333333335 0.0300625 0.06989666666666669 
0 0.42175 0.46881666666666666 0.044 0.04682333333333334 
0 0.496125 0.4799933333333333 0.017332499999999983 0.05017333333333333 
0 0.552625 0.4865 0.0275 0.06752666666666664 
0 0.5138550000000001 0.4925 0.031625 0.06038666666666669 
0 0.581875 0.4925 0.026417500000000017 0.06119333333333331 
0 0.471125 0.49440666666666666 0.036125 0.047403333333333346 
0 0.621625 0.5005 0.024644999999999983 0.04533333333333334 
0 0.606625 0.50354 0.0235 0.051733333333333346 
0 0.564125 0.5142033333333333 0.020769999999999983 0.06273333333333335 
0 0.522125 0.5144 0.032542500000000016 0.06076666666666665 
0 0.578625 0.5201666666666667 0.018292500000000017 0.05418666666666665 
0 0.643875 0.5288333333333334 0.019875 0.05601666666666665 
0 0.618125 0.5431133333333333 0.0286875 0.05605333333333336 
0 0.583875 0.5465 0.027582499999999982 0.06281666666666669 
0 0.599625 0.5528333333333333 0.026 0.06286999999999997 
0 0.507375 0.5635 0.02775 0.06233333333333333 
0 0.5362075 0.5600733333333333 0.031375 0.053903333333333345 
0 0.5446875 0.5768333333333333 0.039625 0.05164666666666669 
