0 0.43675 0.2773333333333333 0.0255 0.039 
0 0.48825 0.44033333333333335 0.0235 0.034333333333333334 
0 0.5815 0.5613333333333334 0.025 0.06466666666666666 
0 0.71925 0.422 0.029 0.027 
0 0.635 0.48833333333333334 0.0275 0.03966666666666667 
0 0.859 0.415 0.02575 0.034333333333333334 
0 0.14225 0.5276666666666666 0.02625 0.056 
0 0.60025 0.5773333333333334 0.02375 0.04033333333333333 
0 0.71575 0.43833333333333335 0.02225 0.043 
0 0.4815 0.41133333333333333 0.0295 0.041666666666666664 
0 0.853 0.383 0.019 0.043 
0 0.83325 0.3893333333333333 0.0235 0.036333333333333336 
0 0.8815 0.393 0.02575 0.033666666666666664 
0 0.95175 0.5103333333333333 0.02775 0.046 
0 0.82075 0.435 0.02025 0.041 
0 0.2295 0.5606666666666666 0.0215 0.059333333333333335 
0 0.92925 0.37333333333333335 0.0205 0.037 
0 0.02725 0.4683333333333333 0.038 0.044333333333333336 
0 0.7085 0.7733333333333333 0.029 0.043333333333333335 
0 0.26875 0.549 0.02325 0.06966666666666667 
0 0.681 0.3333333333333333 0.025 0.052 
0 0.86325 0.48233333333333334 0.02475 0.03833333333333333 
0 0.45375 0.5276666666666666 0.01375 0.041666666666666664 
0 0.9555 0.4523333333333333 0.027 0.05366666666666667 
0 0.63025 0.547 0.02925 0.05466666666666667 
0 0.93775 0.712 0.0255 0.048666666666666664 
0 0.5455 0.5323333333333333 0.0245 0.05733333333333333 
0 0.697 0.8026666666666666 0.026 0.05433333333333333 
0 0.9345 0.44466666666666665 0.02475 0.032 
0 0.1705 0.454 0.02825 0.05633333333333333 
0 0.43375 0.525 0.0215 0.03233333333333333 
0 0.6865 0.7906666666666666 0.01725 0.026 
0 0.72125 0.7483333333333333 0.02425 0.051 
0 0.65925 0.47833333333333333 0.03275 0.02 
0 0.916 0.3923333333333333 0.03075 0.039 
0 0.526 0.508 0.03625 0.021333333333333333 
0 0.315 0.5653333333333334 0.019 0.04133333333333333 
0 0.416 0.5333333333333333 0.014 0.03866666666666667 
0 0.196 0.45766666666666667 0.03425 0.044333333333333336 
0 0.65975 0.4583333333333333 0.03775 0.02266666666666667 
0 0.606 0.5186666666666667 0.026 0.05266666666666667 
0 0.45225 0.9116666666666666 0.03725 0.025333333333333333 
0 0.66125 0.5693333333333334 0.02575 0.056666666666666664 
0 0.839 0.497 0.024 0.061 
0 0.9745 0.381 0.02425 0.034333333333333334 
0 0.84375 0.44733333333333336 0.0275 0.033666666666666664 
0 0.64775 0.5203333333333333 0.02175 0.061 
0 0.789 0.4146666666666667 0.0335 0.029 
0 0.58725 0.41433333333333333 0.03525 0.042 
0 0.615 0.587 0.01625 0.020666666666666667 
0 0.73475 0.45166666666666666 0.0275 0.06 
0 0.61075 0.441 0.023 0.05733333333333333 
0 0.8875 0.42433333333333334 0.027 0.047 
0 0.76175 0.4676666666666667 0.02 0.050666666666666665 
0 0.322 0.5826666666666667 0.02925 0.06233333333333333 
0 0.31675 0.6456666666666667 0.02425 0.06766666666666667 
0 0.54 0.4513333333333333 0.0155 0.043 
0 0.9445 0.4036666666666667 0.0335 0.027 
0 0.89875 0.5113333333333333 0.02275 0.04033333333333333 
0 0.96475 0.428 0.0245 0.050666666666666665 
0 0.75725 0.412 0.034 0.03933333333333333 
0 0.795 0.48933333333333334 0.0245 0.06166666666666667 
0 0.5405 0.9196666666666666 0.0295 0.06266666666666666 
0 0.90975 0.36566666666666664 0.0165 0.021333333333333333 
0 0.816 0.476 0.026 0.067 
0 0.50525 0.499 0.028 0.029 
0 0.4305 0.924 0.0175 0.03266666666666666 
0 0.98375 0.794 0.016 0.042 
0 0.52225 0.457 0.0165 0.038 
0 0.8105 0.4096666666666667 0.031 0.027333333333333334 
0 0.98225 0.7163333333333334 0.0175 0.028666666666666667 
0 0.52825 0.49333333333333335 0.019 0.015333333333333332 
0 0.0482625 0.472 0.032002499999999996 0.07 
0 0.07326250000000001 0.45866666666666667 0.028002499999999996 0.06866666666666667 
0 0.0025074999999999997 0.5566666666666666 0.045005 0.07966666666666666 
0 0.03251 0.5603333333333333 0.03725250000000001 0.06833333333333333 
0 0.046762500000000005 0.5713333333333334 0.03225 0.07333333333333333 
0 0.0707625 0.5706666666666667 0.024502499999999997 0.06533333333333333 
0 0.087765 0.558 0.0347525 0.07566666666666666 
0 0.1180175 0.548 0.027750000000000014 0.07733333333333334 
0 0.13751750000000001 0.5716666666666667 0.055255 0.077 
0 0.1832725 0.5483333333333333 0.039002499999999996 0.09966666666666667 
0 0.215025 0.5593333333333333 0.028 0.086 
0 0.227775 0.538 0.04350249999999997 0.08133333333333333 
0 0.28752999999999995 0.5453333333333333 0.03275250000000005 0.08466666666666667 
0 0.2710275 0.604 0.0402525 0.036333333333333336 
0 0.2672775 0.6263333333333333 0.05100500000000005 0.033666666666666664 
0 0.22705 0.6993333333333334 0.071005 0.052 
0 0.265275 0.6566666666666666 0.037752499999999994 0.05533333333333333 
0 0.29627749999999997 0.6846666666666666 0.06350500000000005 0.058 
0 0.19652 0.7313333333333333 0.031752499999999996 0.06733333333333333 
0 0.14226499999999997 0.7096666666666667 0.05800500000000002 0.07833333333333334 
0 0.34003 0.584 0.029002500000000056 0.06766666666666667 
0 0.3657825 0.553 0.031502499999999996 0.07933333333333334 
0 0.3762825 0.611 0.0332525 0.042 
0 0.33553 0.629 0.056005000000000055 0.057 
0 0.3617825 0.6563333333333333 0.045502499999999994 0.06433333333333334 
0 0.40253500000000003 0.6406666666666667 0.021 0.049 
0 0.394535 0.5276666666666666 0.0265 0.08866666666666667 
0 0.415285 0.5556666666666666 0.021252499999999997 0.058333333333333334 
0 0.42203500000000005 0.5913333333333334 0.04800499999999999 0.035333333333333335 
0 0.42878750000000004 0.5406666666666666 0.028 0.05266666666666667 
0 0.4532875 0.5693333333333334 0.020752499999999997 0.04066666666666666 
0 0.46479000000000004 0.5263333333333333 0.026 0.08266666666666667 
0 0.41653500000000004 0.617 0.0370025 0.048666666666666664 
0 0.43128750000000005 0.6146666666666667 0.0355025 0.07033333333333333 
0 0.41603500000000004 0.6483333333333333 0.0275025 0.06066666666666667 
0 0.46354 0.6096666666666667 0.0265 0.058333333333333334 
0 0.48129 0.5733333333333334 0.0325025 0.08066666666666666 
0 0.48354 0.5243333333333333 0.020502499999999996 0.057666666666666665 
0 0.4977925 0.5276666666666666 0.02275 0.04466666666666667 
0 0.5142925 0.5203333333333333 0.02525249999999994 0.030666666666666665 
0 0.4980425 0.564 0.03925249999999994 0.083 
0 0.530295 0.536 0.0235 0.06566666666666666 
0 0.5230425 0.604 0.03050249999999994 0.06233333333333333 
0 0.5035425 0.6143333333333333 0.03375249999999994 0.066 
0 0.33877999999999997 0.695 0.034252500000000054 0.08666666666666667 
0 0.37103250000000004 0.6966666666666667 0.025002499999999997 0.06833333333333333 
0 0.395785 0.6963333333333334 0.027 0.08566666666666667 
0 0.35328 0.7383333333333333 0.04575500000000005 0.051333333333333335 
0 0.42728750000000004 0.6963333333333334 0.047252499999999996 0.08166666666666667 
0 0.422285 0.7383333333333333 0.044004999999999996 0.06 
0 0.4407875 0.662 0.0450025 0.052333333333333336 
0 0.47779000000000005 0.6516666666666666 0.039002499999999996 0.074 
0 0.47554 0.7176666666666667 0.0452525 0.044 
0 0.5182925 0.663 0.03900249999999994 0.06233333333333333 
0 0.5030425000000001 0.6883333333333334 0.01775 0.051666666666666666 
0 0.34428 0.7846666666666666 0.05275500000000005 0.03766666666666667 
0 0.395785 0.774 0.0587525 0.04466666666666667 
0 0.38153250000000005 0.799 0.047005 0.05633333333333333 
0 0.36003250000000003 0.8193333333333334 0.045502499999999994 0.051333333333333335 
0 0.33203 0.8076666666666666 0.04925250000000005 0.07233333333333333 
0 0.45403750000000004 0.7716666666666666 0.0347525 0.067 
0 0.414285 0.811 0.031502499999999996 0.03266666666666666 
0 0.44303750000000003 0.798 0.0445025 0.07966666666666666 
0 0.47704 0.7573333333333333 0.0452525 0.07466666666666667 
0 0.3782825 0.855 0.04900499999999999 0.049666666666666665 
0 0.407285 0.838 0.039252499999999996 0.08366666666666667 
0 0.42878750000000004 0.8703333333333333 0.02875 0.06066666666666667 
0 0.44453750000000003 0.8426666666666667 0.0310025 0.07366666666666667 
0 0.367265 0.8978333333333334 0.040127499999999997 0.07816666666666666 
0 0.380015 0.9276666666666666 0.0330025 0.06966666666666667 
0 0.4053925 0.9081666666666667 0.0326275 0.06416666666666666 
0 0.437645 0.9346666666666666 0.052754999999999996 0.044 
0 0.3996425 0.9605 0.045752499999999995 0.03983333333333333 
0 0.437645 0.9735 0.0270025 0.027833333333333335 
0 0.46852249999999995 0.9501666666666667 0.055255000000000054 0.04416666666666667 
0 0.50415 0.956 0.049877500000000054 0.044333333333333336 
0 0.49115 0.9241666666666667 0.043002500000000055 0.0365 
0 0.516775 0.8845 0.029627500000000053 0.0745 
0 0.4753975 0.8701666666666666 0.0266275 0.056 
0 0.490525 0.8433333333333334 0.027875 0.08166666666666667 
0 0.5116499999999999 0.8316666666666667 0.027502500000000055 0.06483333333333334 
0 0.5380275 0.8535 0.03350249999999994 0.09816666666666667 
0 0.56828 0.896 0.026377500000000054 0.057166666666666664 
0 0.47855000000000003 0.801 0.03675499999999994 0.06133333333333333 
0 0.5781575 0.8618333333333333 0.02800249999999994 0.07116666666666667 
0 0.2667775 0.8186666666666667 0.05000500000000005 0.04733333333333333 
0 0.29156 0.8996666666666666 0.0370025 0.08933333333333333 
0 0.57133 0.9553333333333334 0.04225249999999994 0.043666666666666666 
0 0.56633 0.9456666666666667 0.03750249999999994 0.029333333333333333 
0 0.6005825 0.9436666666666667 0.055505 0.057 
0 0.526165 0.7161666666666666 0.05437750000000006 0.049 
0 0.5151625 0.7511666666666666 0.02825249999999994 0.0255 
0 0.4992875 0.7581666666666667 0.04512749999999994 0.06783333333333333 
0 0.51552 0.6895 0.020625 0.06141666666666667 
0 0.4617675 0.7106666666666667 0.0265025 0.058083333333333334 
0 0.5343275 0.785 0.028002500000000055 0.05433333333333333 
0 0.5353275 0.7443333333333333 0.03125250000000006 0.05333333333333334 
0 0.55708 0.7673333333333333 0.0185 0.03133333333333333 
0 0.56333 0.7003333333333334 0.02900249999999994 0.088 
0 0.55983 0.7863333333333333 0.05275249999999994 0.07733333333333334 
0 0.5745800000000001 0.7163333333333334 0.03275249999999994 0.09266666666666666 
0 0.6058325 0.8026666666666666 0.035502500000000055 0.09066666666666667 
0 0.5893325 0.846 0.02525 0.051 
0 0.6005825 0.7503333333333333 0.059254999999999995 0.06966666666666667 
0 0.635835 0.8123333333333334 0.055255 0.041 
0 0.6018325 0.912 0.051252500000000055 0.061 
0 0.6113325 0.8953333333333333 0.04850499999999999 0.05733333333333333 
0 0.623835 0.864 0.06250249999999995 0.051666666666666666 
0 0.642085 0.8476666666666667 0.05625499999999999 0.050333333333333334 
0 0.6515850000000001 0.9103333333333333 0.039505 0.092 
0 0.6750875 0.9173333333333333 0.037252500000000056 0.08366666666666667 
0 0.7023400000000001 0.93 0.021752499999999942 0.069 
0 0.71734 0.938 0.03175249999999994 0.059333333333333335 
0 0.69267 0.865 0.05612750000000005 0.07866666666666666 
0 0.7308425 0.8246666666666667 0.04600250000000006 0.07833333333333334 
0 0.7468425 0.9033333333333333 0.023752500000000055 0.09333333333333334 
0 0.7600950000000001 0.8856666666666667 0.05725249999999994 0.057 
0 0.763595 0.9266666666666666 0.02850249999999994 0.039 
0 0.780595 0.9273333333333333 0.07700749999999994 0.05733333333333333 
0 0.771095 0.9666666666666667 0.060754999999999997 0.033666666666666664 
0 0.83235 0.9556666666666667 0.06375499999999999 0.043 
0 0.8025975 0.8843333333333333 0.060254999999999996 0.06666666666666667 
0 0.8638524999999999 0.9786666666666667 0.04150250000000005 0.019 
0 0.774095 0.8546666666666667 0.07850499999999999 0.044 
0 0.7443425 0.728 0.03200250000000005 0.11233333333333333 
0 0.770595 0.7613333333333333 0.029502499999999942 0.09 
0 0.7963475 0.772 0.043002500000000055 0.08533333333333333 
0 0.8140974999999999 0.7903333333333333 0.051004999999999995 0.07866666666666666 
0 0.8351000000000001 0.8293333333333334 0.03250249999999994 0.08333333333333333 
0 0.8428475 0.8993333333333333 0.05625499999999999 0.06733333333333333 
0 0.8651 0.8613333333333333 0.04250249999999994 0.10066666666666667 
0 0.45957 0.49 0.02375 0.03933333333333333 
0 0.496035 0.44366666666666665 0.0330025 0.042 
0 0.489035 0.4845 0.039377499999999996 0.0395 
0 0.55204 0.43783333333333335 0.028002500000000055 0.07083333333333333 
0 0.5937899999999999 0.464 0.034002500000000054 0.06783333333333333 
0 0.5864149999999999 0.489 0.026627500000000054 0.0735 
0 0.5736625000000001 0.4786666666666667 0.022002499999999942 0.07116666666666667 
0 0.5616625000000001 0.5096666666666667 0.027414999999999964 0.06933333333333333 
0 0.550575 0.5763333333333334 0.03425249999999994 0.064 
0 0.5935775 0.6163333333333333 0.031002500000000054 0.025666666666666667 
0 0.5420750000000001 0.6436666666666667 0.017 0.04833333333333333 
0 0.5543250000000001 0.6506666666666666 0.02325249999999994 0.068 
0 0.5785775 0.6496666666666666 0.02375 0.06766666666666667 
0 0.5968275 0.66 0.03150250000000005 0.07333333333333333 
0 0.60533 0.6383333333333333 0.03075 0.079 
0 0.6180800000000001 0.601 0.043252499999999944 0.048666666666666664 
0 0.62883 0.6473333333333333 0.029752499999999942 0.083 
0 0.6375824999999999 0.641 0.03800250000000006 0.099 
0 0.6500825 0.6303333333333333 0.04050250000000005 0.08833333333333333 
0 0.61033 0.7213333333333334 0.04675249999999994 0.033666666666666664 
0 0.6300800000000001 0.747 0.03950249999999994 0.06066666666666667 
0 0.6543325 0.73 0.035502500000000055 0.08466666666666667 
0 0.673335 0.7106666666666667 0.02125 0.06333333333333334 
0 0.693585 0.7313333333333333 0.021752499999999942 0.05533333333333333 
0 0.6938350000000001 0.699 0.04225249999999994 0.058666666666666666 
0 0.6918350000000001 0.651 0.047005 0.05266666666666667 
0 0.7180875 0.686 0.044752500000000056 0.08633333333333333 
0 0.6313300000000001 0.438 0.03825249999999994 0.056666666666666664 
0 0.6658324999999999 0.49966666666666665 0.019502500000000055 0.07633333333333334 
0 0.681085 0.48933333333333334 0.0205 0.08066666666666666 
0 0.695835 0.476 0.02350249999999994 0.063 
0 0.7103375 0.4656666666666667 0.030252500000000054 0.08166666666666667 
0 0.73884 0.5086666666666667 0.0255 0.084 
0 0.75434 0.5273333333333333 0.03150249999999994 0.08333333333333333 
0 0.76634 0.47533333333333333 0.02900249999999994 0.08233333333333333 
0 0.7875924999999999 0.43233333333333335 0.03225250000000005 0.06 
0 0.7300875 0.4106666666666667 0.03125250000000006 0.04066666666666666 
0 0.78359 0.5303333333333333 0.02425249999999994 0.07566666666666666 
0 0.8125924999999999 0.536 0.03200250000000005 0.08366666666666667 
0 0.7973425 0.5723333333333334 0.018 0.05533333333333333 
0 0.6860850000000001 0.5376666666666666 0.03650249999999994 0.06366666666666666 
0 0.713335 0.537 0.03100249999999994 0.07133333333333333 
0 0.7360875 0.566 0.025502500000000053 0.084 
0 0.6835825 0.5996666666666667 0.05600499999999999 0.034333333333333334 
0 0.6763325 0.6183333333333333 0.030752500000000054 0.06666666666666667 
0 0.7370875 0.6453333333333333 0.036502500000000056 0.07133333333333333 
0 0.697585 0.6203333333333333 0.035752499999999944 0.03933333333333333 
0 0.75209 0.603 0.02625 0.08633333333333333 
0 0.7718400000000001 0.6023333333333334 0.03475249999999994 0.083 
0 0.7908425 0.613 0.034002500000000054 0.08333333333333333 
0 0.8130925 0.6206666666666667 0.034002500000000054 0.08666666666666667 
0 0.830345 0.5436666666666666 0.03350249999999994 0.08766666666666667 
0 0.837595 0.5676666666666667 0.04900499999999999 0.07733333333333334 
0 0.844095 0.6343333333333333 0.03725249999999994 0.08633333333333333 
0 0.8680975 0.6173333333333333 0.042752500000000054 0.087 
0 0.8866 0.5883333333333334 0.04025249999999994 0.09566666666666666 
0 0.8778475 0.5146666666666667 0.03775250000000006 0.07533333333333334 
0 0.78034 0.6796666666666666 0.044504999999999996 0.08133333333333333 
0 0.76659 0.7046666666666667 0.04025249999999994 0.09433333333333334 
0 0.8618475 0.7106666666666667 0.03325250000000005 0.07466666666666667 
0 0.840595 0.7003333333333334 0.03075249999999994 0.099 
0 0.8158425 0.6936666666666667 0.03250250000000005 0.09566666666666666 
0 0.8760975 0.6683333333333333 0.028502500000000056 0.08466666666666667 
0 0.8961 0.6883333333333334 0.03050249999999994 0.103 
0 0.90885 0.713 0.046005 0.11466666666666667 
0 0.8658475 0.772 0.036002500000000055 0.08233333333333333 
0 0.9258525 0.7886666666666666 0.057502500000000054 0.05366666666666667 
0 0.9476025 0.7276666666666667 0.024502500000000055 0.073 
0 0.89435 0.7826666666666666 0.0255 0.085 
0 0.8793475 0.8523333333333334 0.03925250000000005 0.056 
0 0.9131 0.8416666666666667 0.04475249999999994 0.068 
0 0.93335 0.8506666666666667 0.045755 0.08 
0 0.9496025 0.821 0.04650250000000006 0.041666666666666664 
0 0.977355 0.8543333333333333 0.02375 0.07033333333333333 
0 0.8955974999999999 0.8963333333333333 0.066005 0.068 
0 0.90435 0.948 0.043752499999999944 0.050666666666666665 
0 0.9363524999999999 0.9633333333333334 0.0285 0.034 
0 0.9536024999999999 0.903 0.035002500000000054 0.09666666666666666 
0 0.8933475 0.961 0.018502500000000054 0.03833333333333333 
0 0.971855 0.949 0.029 0.052333333333333336 
0 0.9153600000000001 0.6023333333333334 0.066755 0.062 
0 0.92311 0.6353333333333333 0.062255 0.05533333333333333 
0 0.9156124999999999 0.6656666666666666 0.067505 0.041666666666666664 
0 0.9716174999999999 0.6063333333333333 0.02875 0.06866666666666667 
0 0.9618625 0.7046666666666667 0.035754999999999995 0.09466666666666666 
0 0.983365 0.6726666666666666 0.01650249999999994 0.04666666666666667 
0 0.984865 0.5753333333333334 0.01675249999999994 0.06466666666666666 
0 0.9438624999999999 0.5346666666666666 0.03975250000000005 0.08666666666666667 
0 0.970865 0.5326666666666666 0.02775249999999994 0.059 
0 0.90211 0.3953333333333333 0.03425249999999994 0.054 
0 0.8771074999999999 0.438 0.03275250000000005 0.066 
0 0.8616050000000001 0.44233333333333336 0.037254999999999996 0.05533333333333333 
0 0.90636 0.458 0.043252499999999944 0.07866666666666666 
0 0.91911 0.449 0.04075249999999994 0.06633333333333333 
0 0.977865 0.41 0.02375249999999994 0.06266666666666666 
0 0.978865 0.4716666666666667 0.02025249999999994 0.059 
0 0.9431124999999999 0.417 0.024002500000000055 0.03133333333333333 
0 0.8424275 0.473 0.04487749999999994 0.10833333333333334 
0 0.9171825 0.5293333333333333 0.03212749999999994 0.07583333333333334 
0 0.14917 0.28733333333333333 0.052505000000000024 0.043333333333333335 
