0 0.561875 0.32016666666666665 0.0195 0.032 
0 0.5845 0.31664333333333333 0.0225 0.033876666666666666 
0 0.4885 0.3448333333333333 0.022542500000000017 0.03740000000000002 
0 0.57525 0.3908433333333333 0.0205 0.02999000000000001 
0 0.563375 0.4018333333333333 0.01175 0.03 
0 0.533625 0.4021666666666667 0.01725 0.044 
0 0.492875 0.4071666666666667 0.021 0.036 
0 0.505875 0.4345 0.01125 0.034 
0 0.521375 0.4085 0.01975 0.046 
0 0.550875 0.4091666666666667 0.011 0.034 
0 0.475875 0.41183333333333333 0.01725 0.035 
0 0.468375 0.4181666666666667 0.01175 0.031083333333333334 
0 0.454875 0.4155 0.015019999999999981 0.030666666666666665 
0 0.442625 0.4205 0.02075 0.030333333333333334 
0 0.435625 0.43241999999999997 0.01625 0.04241333333333334 
0 0.402625 0.42283333333333334 0.036 0.041 
0 0.516125 0.42883333333333334 0.01325 0.036 
0 0.571875 0.43283333333333335 0.01825 0.021 
0 0.483645 0.43642 0.02275 0.04057333333333334 
0 0.478875 0.44783333333333336 0.02 0.044333333333333336 
0 0.636375 0.43983333333333335 0.0245 0.034 
0 0.415625 0.44142 0.020332499999999983 0.03174666666666667 
0 0.541375 0.44316666666666665 0.031 0.015666666666666666 
0 0.626375 0.44316666666666665 0.02525 0.04133333333333333 
0 0.44814499999999996 0.44483333333333336 0.01425 0.033 
0 0.457875 0.4493333333333333 0.020269999999999982 0.025166666666666667 
0 0.596375 0.45016666666666666 0.0145 0.035666666666666666 
0 0.580625 0.45116666666666666 0.017 0.043333333333333335 
0 0.609875 0.4548333333333333 0.01425 0.035666666666666666 
0 0.591375 0.48183333333333334 0.01175 0.021666666666666667 
0 0.518625 0.45316666666666666 0.0155 0.026 
0 0.522625 0.4598333333333333 0.01525 0.046 
0 0.622625 0.4578333333333333 0.01525 0.043333333333333335 
0 0.554125 0.4585 0.01475 0.008333333333333333 
0 0.569125 0.4588333333333333 0.011 0.034333333333333334 
0 0.473645 0.4561633333333333 0.0154375 0.03249333333333334 
0 0.499625 0.4605 0.019 0.021333333333333333 
0 0.498375 0.47583333333333333 0.02904250000000002 0.03964333333333336 
0 0.557375 0.4658333333333333 0.01475 0.030333333333333334 
0 0.4634375 0.4699933333333333 0.02608249999999998 0.03617333333333333 
0 0.452625 0.48383333333333334 0.0305 0.034 
0 0.453375 0.5161666666666667 0.011375 0.017 
0 0.448625 0.5291666666666667 0.01275 0.025333333333333333 
0 0.413125 0.4775 0.015769999999999982 0.029333333333333333 
0 0.423125 0.48483333333333334 0.01325 0.03166666666666667 
0 0.442625 0.4865 0.01125 0.042666666666666665 
0 0.565625 0.49116666666666664 0.0125 0.021 
0 0.568125 0.5068333333333334 0.014 0.03233333333333333 
0 0.487625 0.4906366666666667 0.01625 0.05319666666666664 
0 0.502375 0.5075 0.016 0.043 
0 0.546625 0.4935 0.0175 0.04 
0 0.551125 0.5018333333333334 0.01875 0.04533333333333334 
0 0.537375 0.5148333333333334 0.01375 0.03666666666666667 
0 0.578125 0.49383333333333335 0.0135 0.03333333333333333 
0 0.508125 0.5015 0.019 0.024666666666666667 
0 0.588875 0.5008133333333333 0.0145 0.045019999999999984 
0 0.38477 0.4984866666666667 0.03775 0.02474333333333334 
0 0.469375 0.50754 0.020720000000000027 0.03496000000000004 
0 0.460375 0.5161666666666667 0.0225 0.044333333333333336 
0 0.459125 0.5491666666666667 0.0225625 0.05997000000000003 
0 0.475375 0.5551666666666667 0.02975 0.029666666666666668 
0 0.471125 0.5633433333333333 0.02525 0.03982333333333334 
0 0.380625 0.5174833333333333 0.041 0.03001666666666665 
0 0.510375 0.5268333333333334 0.01875 0.048666666666666664 
0 0.520875 0.5421666666666667 0.017917500000000017 0.03233333333333333 
0 0.527125 0.5461666666666667 0.02475 0.04533333333333334 
0 0.536625 0.5541666666666667 0.0195 0.04666666666666667 
0 0.505875 0.5738333333333333 0.01525 0.03133333333333333 
0 0.548375 0.5724600000000001 0.01775 0.02170666666666663 
0 0.517875 0.5778333333333333 0.01875 0.04133333333333333 
0 0.539875 0.5898333333333333 0.02125 0.016666666666666666 
0 0.493875 0.6001666666666666 0.0245 0.037333333333333336 
0 0.547125 0.6051666666666666 0.01425 0.027666666666666666 
0 0.532625 0.6058333333333333 0.02325 0.017333333333333333 
0 0.586625 0.6101666666666666 0.031 0.02033333333333333 
0 0.412125 0.6173933333333333 0.035 0.025106666666666645 
0 0.572375 0.6195 0.035125 0.025 
0 0.531625 0.6205 0.04525 0.028333333333333332 
0 0.367875 0.6316266666666667 0.03723000000000002 0.022539999999999963 
0 0.4425 0.6348333333333334 0.026625 0.019333333333333334 
0 0.490625 0.6358333333333334 0.01375 0.045 
0 0.480375 0.6381666666666667 0.01325 0.028 
0 0.525625 0.6429433333333333 0.0235 0.04622333333333336 
0 0.502375 0.64411 0.014 0.03905666666666669 
0 0.514875 0.6468333333333334 0.02375 0.04766666666666667 
0 0.425625 0.6478333333333334 0.015 0.042 
0 0.538375 0.6478333333333334 0.02875 0.044333333333333336 
0 0.370375 0.65001 0.03 0.019156666666666676 
0 0.38675 0.6571666666666667 0.032375 0.025666666666666667 
0 0.360375 0.6598333333333334 0.030667500000000018 0.02808333333333333 
0 0.477625 0.6665 0.0275 0.03 
0 0.434125 0.6695 0.016 0.049643333333333275 
0 0.462625 0.6728333333333333 0.035625 0.038 
0 0.448625 0.6745 0.02475 0.042 
0 0.359125 0.6751666666666667 0.0305 0.02513666666666662 
0 0.457875 0.6761666666666667 0.02475 0.03233333333333333 
0 0.507125 0.6801666666666667 0.03 0.04833333333333333 
0 0.381875 0.6848333333333333 0.033 0.023666666666666666 
0 0.4132925 0.6891666666666667 0.02283249999999998 0.025 
0 0.472375 0.70448 0.0225 0.02582666666666667 
0 0.435875 0.70998 0.01675 0.054519999999999985 
0 0.571625 0.52614 0.02016750000000002 0.04169333333333331 
0 0.436375 0.5305 0.02625 0.055029999999999975 
0 0.424625 0.5462366666666667 0.02835500000000002 0.03738666666666662 
0 0.5847925 0.5338333333333334 0.02658249999999998 0.03866666666666667 
0 0.555375 0.5351666666666667 0.01675 0.042666666666666665 
0 0.480625 0.5375 0.0295 0.034 
0 0.398375 0.5485 0.0295 0.018666666666666668 
0 0.387625 0.5565066666666667 0.0355 0.022993333333333338 
0 0.562375 0.5631666666666667 0.024 0.04066666666666666 
0 0.427625 0.5648666666666666 0.01975 0.045633333333333366 
0 0.415625 0.5666733333333334 0.0195 0.05149333333333334 
0 0.436375 0.5998333333333333 0.01075 0.02666666666666667 
0 0.578625 0.5661666666666667 0.0255 0.035666666666666666 
0 0.583125 0.5818333333333333 0.033 0.03266666666666666 
0 0.606875 0.5698333333333333 0.02275 0.023333333333333334 
0 0.385855 0.5777533333333333 0.03251999999999998 0.02508 
0 0.382375 0.5941666666666666 0.03125 0.02033333333333333 
0 0.600125 0.5921666666666666 0.025375 0.021666666666666667 
0 0.558375 0.5995 0.024 0.030333333333333334 
0 0.465125 0.6038333333333333 0.022125 0.055 
0 0.3910425 0.6041333333333334 0.03508249999999998 0.02697999999999994 
0 0.369375 0.6141666666666666 0.0395 0.025 
0 0.557125 0.6368333333333334 0.04075 0.021333333333333333 
0 0.552125 0.6505 0.0165 0.024333333333333332 
0 0.568875 0.6501666666666667 0.035 0.027333333333333334 
0 0.354375 0.6841666666666667 0.0285 0.025666666666666667 
0 0.34754250000000003 0.6965933333333334 0.02958249999999998 0.028239999999999932 
0 0.383375 0.7025 0.02775 0.03933333333333333 
0 0.395625 0.7038333333333333 0.0215 0.021 
0 0.362375 0.7074699999999999 0.0225 0.02903000000000005 
0 0.379375 0.7188333333333333 0.021 0.052 
0 0.414125 0.7128333333333333 0.026 0.05266666666666667 
0 0.402125 0.7155 0.02425 0.043333333333333335 
0 0.465125 0.7158333333333333 0.026 0.03833333333333333 
0 0.461125 0.7298333333333333 0.01875 0.04666666666666667 
0 0.4208125 0.4921566666666667 0.024125 0.046820000000000014 
0 0.4004375 0.5283133333333333 0.0335 0.023160000000000007 
0 0.44525 0.5867333333333333 0.02425 0.05165333333333334 
0 0.45325 0.58457 0.016125 0.04165333333333335 
0 0.3992925 0.6322766666666666 0.030125 0.025163333333333336 
0 0.3966675 0.6497733333333333 0.031125 0.04565666666666668 
0 0.4310425 0.6387766666666667 0.02 0.030326666666666672 
0 0.4425425 0.6521066666666666 0.036625 0.02182666666666667 
0 0.449375 0.7029833333333333 0.01575 0.05082000000000001 
0 0.493875 0.6875966666666666 0.018 0.05082000000000001 
0 0.5045 0.68943 0.01675 0.053486666666666675 
0 0.48125 0.5946766666666666 0.017375 0.04365666666666668 
0 0.493625 0.5766833333333333 0.01375 0.03632333333333334 
0 0.503125 0.6013433333333333 0.027375 0.04382000000000001 
0 0.512 0.62667 0.0275 0.023326666666666673 
0 0.5362925000000001 0.45282666666666666 0.0255 0.04282000000000001 
0 0.5355425 0.47282 0.01425 0.04099000000000001 
0 0.5256675000000001 0.5023133333333334 0.015375 0.04448666666666668 
0 0.5994175 0.47948666666666667 0.01925 0.04148666666666668 
0 0.6009175 0.5198066666666666 0.018625 0.023663333333333335 
