0 0.8015 0.21233333333333335 0.037 0.03266666666666666 
0 0.197 0.165 0.0295 0.04766666666666667 
0 0.13725 0.7196666666666667 0.02675 0.034666666666666665 
0 0.18475 0.2643333333333333 0.02375 0.045 
0 0.23825 0.735 0.02975 0.03833333333333333 
0 0.71525 0.11133333333333334 0.02975 0.03266666666666666 
0 0.605 0.26066666666666666 0.02925 0.027333333333333334 
0 0.55775 0.18366666666666667 0.02575 0.03233333333333333 
0 0.46575 0.12433333333333334 0.0225 0.029 
0 0.60325 0.29333333333333333 0.0245 0.05 
0 0.60275 0.11433333333333333 0.02375 0.025 
0 0.5055 0.12266666666666666 0.018 0.026333333333333334 
0 0.69275 0.099 0.02325 0.026333333333333334 
0 0.928 0.256 0.02575 0.042333333333333334 
0 0.4915 0.285 0.03775 0.043 
0 0.24975 0.233 0.0225 0.048 
0 0.54075 0.16266666666666665 0.0205 0.049 
0 0.2665 0.41633333333333333 0.033 0.029333333333333333 
0 0.55025 0.10966666666666666 0.02575 0.028333333333333332 
0 0.6595 0.16666666666666666 0.03025 0.027666666666666666 
0 0.05975 0.44133333333333336 0.0265 0.052 
0 0.6435 0.16066666666666668 0.01675 0.036333333333333336 
0 0.17775 0.22833333333333333 0.0225 0.044 
0 0.51175 0.13133333333333333 0.019 0.028 
0 0.445 0.4673333333333333 0.03225 0.044333333333333336 
0 0.0265 0.29833333333333334 0.02525 0.027666666666666666 
0 0.467 0.143 0.0265 0.028 
0 0.559 0.5017666666666667 0.048542500000000016 0.04723333333333335 
0 0.0345 0.4513333333333333 0.024 0.04733333333333333 
0 0.35575 0.17266666666666666 0.02275 0.049666666666666665 
0 0.31825 0.23633333333333334 0.02575 0.052 
0 0.92225 0.178 0.02375 0.028666666666666667 
0 0.5405 0.234 0.03025 0.044 
0 0.68975 0.13833333333333334 0.02175 0.05466666666666667 
0 0.30375 0.48133333333333334 0.02725 0.04 
0 0.58975 0.134 0.02075 0.04666666666666667 
0 0.53275 0.213 0.02575 0.04033333333333333 
0 0.09025 0.527 0.02725 0.026 
0 0.63975 0.12766666666666668 0.014 0.03266666666666666 
0 0.09675 0.373 0.0325 0.030333333333333334 
0 0.379 0.5806666666666667 0.02475 0.05 
0 0.20775 0.375 0.0335 0.02666666666666667 
0 0.02025 0.527 0.0245 0.034 
0 0.6 0.344 0.0215 0.058333333333333334 
0 0.7045 0.08866666666666667 0.019 0.024333333333333332 
0 0.364 0.14166666666666666 0.01975 0.026 
0 0.63725 0.361 0.03425 0.033 
0 0.5245 0.16166666666666665 0.024 0.029333333333333333 
0 0.80225 0.16933333333333334 0.021 0.043333333333333335 
0 0.289 0.19033333333333333 0.03225 0.019 
0 0.49225 0.152 0.01975 0.035 
0 0.23425 0.323 0.01875 0.05566666666666667 
0 0.8205 0.44866666666666666 0.02925 0.037 
0 0.71175 0.13233333333333333 0.02225 0.050666666666666665 
0 0.5635 0.28733333333333333 0.02275 0.048666666666666664 
0 0.141 0.22466666666666665 0.01925 0.043 
0 0.263 0.19933333333333333 0.02675 0.03133333333333333 
0 0.03575 0.7303333333333333 0.02775 0.035666666666666666 
0 0.15675 0.22666666666666666 0.02075 0.021333333333333333 
0 0.60925 0.14833333333333334 0.0225 0.048666666666666664 
0 0.0945 0.19666666666666666 0.02425 0.035 
0 0.4175 0.4146666666666667 0.02725 0.05266666666666667 
0 0.6905 0.11366666666666667 0.02475 0.03266666666666666 
0 0.89925 0.31466666666666665 0.02975 0.039 
0 0.5825 0.21866666666666668 0.02225 0.053 
0 0.23225 0.22033333333333333 0.02825 0.04033333333333333 
0 0.54475 0.27266666666666667 0.02175 0.061 
0 0.40725 0.7236666666666667 0.02675 0.059 
0 0.222 0.579 0.03475 0.039 
0 0.524 0.14366666666666666 0.024 0.02033333333333333 
0 0.882 0.15166666666666667 0.0235 0.03966666666666667 
0 0.22491 0.8103333333333333 0.026340000000000002 0.06392333333333333 
0 0.0 0.30733333333333335 0.0255 0.031 
0 0.9255 0.21 0.0285 0.06066666666666667 
0 0.646 0.254 0.02325 0.05633333333333333 
0 0.626 0.11533333333333333 0.01475 0.037 
0 0.22225 0.4706666666666667 0.0395 0.034666666666666665 
0 0.21525 0.26166666666666666 0.0205 0.034 
0 0.097 0.229 0.01825 0.032 
0 0.07325 0.3353333333333333 0.031 0.037 
0 0.7755 0.34833333333333333 0.031 0.034666666666666665 
0 0.4095 0.15233333333333332 0.02 0.05333333333333334 
0 0.9225 0.3883333333333333 0.025 0.046 
0 0.046 0.667 0.03575 0.048666666666666664 
0 0.5575 0.7386666666666667 0.0295 0.047 
0 0.01125 0.3303333333333333 0.0305 0.039 
0 0.215 0.5266666666666666 0.02875 0.05366666666666667 
0 0.944 0.16166666666666665 0.01975 0.03133333333333333 
0 0.48825 0.33766666666666667 0.03925 0.025666666666666667 
0 0.1195 0.06433333333333334 0.01725 0.026 
0 0.31675 0.402 0.023 0.057666666666666665 
0 0.83825 0.38233333333333336 0.0325 0.03866666666666667 
0 0.13 0.30566666666666664 0.01675 0.03933333333333333 
0 0.32425 0.5033333333333333 0.03575 0.037 
0 0.022 0.41933333333333334 0.0385 0.027666666666666666 
0 0.82275 0.10666666666666667 0.02125 0.030333333333333334 
0 0.013 0.7013333333333334 0.033 0.033666666666666664 
0 0.414 0.31133333333333335 0.02525 0.056666666666666664 
0 0.26675 0.211 0.0235 0.058 
0 0.4535 0.11933333333333333 0.018 0.029 
0 0.8395 0.3536666666666667 0.03625 0.044 
0 0.25225 0.2776666666666667 0.01825 0.024333333333333332 
0 0.27125 0.165 0.02525 0.03133333333333333 
0 0.715 0.22966666666666666 0.0205 0.049666666666666665 
0 0.5145 0.24233333333333335 0.0235 0.05733333333333333 
0 0.08575 0.226 0.014 0.022333333333333334 
0 0.37275 0.185 0.0215 0.038 
0 0.18625 0.174 0.0175 0.035 
0 0.00025 0.515 0.0265 0.025333333333333333 
0 0.75375 0.141 0.035 0.024333333333333332 
0 0.1655 0.715 0.025 0.055 
0 0.5835 0.17733333333333334 0.0165 0.023 
0 0.57325 0.138 0.017 0.04466666666666667 
0 0.8735 0.375 0.02625 0.058 
0 0.40675 0.13933333333333334 0.02875 0.019666666666666666 
0 0.90375 0.14333333333333334 0.03525 0.035666666666666666 
0 0.41375 0.468 0.0285 0.035666666666666666 
0 0.00025 0.491 0.03325 0.03133333333333333 
0 0.48525 0.22166666666666668 0.01425 0.023333333333333334 
0 0.25125 0.16266666666666665 0.021 0.041666666666666664 
0 0.7986525 0.30805333333333335 0.033 0.059946666666666676 
0 0.44525 0.29633333333333334 0.02525 0.060333333333333336 
0 0.90125 0.5216666666666666 0.025 0.063 
0 0.8965 0.3913333333333333 0.0265 0.043333333333333335 
0 0.351 0.15 0.02325 0.018333333333333333 
0 0.45325 0.162 0.01725 0.032 
0 0.60175 0.48033333333333333 0.02425 0.03333333333333333 
0 0.04875 0.3963333333333333 0.032 0.036 
0 0.43225 0.3273333333333333 0.02125 0.05366666666666667 
0 0.314 0.528 0.02575 0.03133333333333333 
0 0.34725 0.16033333333333333 0.012 0.03766666666666667 
0 0.23175 0.2663333333333333 0.0185 0.025333333333333333 
0 0.047 0.23766666666666666 0.0235 0.057 
0 0.3865 0.7 0.02575 0.059 
0 0.77025 0.25266666666666665 0.023 0.04133333333333333 
0 0.2875 0.17566666666666667 0.04 0.020666666666666667 
0 0.521 0.5283333333333333 0.022 0.06766666666666667 
0 0.566 0.20366666666666666 0.03475 0.02 
0 0.77375 0.128 0.0355 0.03166666666666667 
0 0.9045 0.15833333333333333 0.01825 0.028333333333333332 
0 0.84425 0.16833333333333333 0.021 0.047 
0 0.15575 0.21033333333333334 0.03475 0.023333333333333334 
0 0.198 0.22466666666666665 0.02075 0.041666666666666664 
0 0.07075 0.235 0.014 0.017 
0 0.9735 0.09 0.023 0.021333333333333333 
0 0.919 0.30333333333333334 0.02375 0.048666666666666664 
0 0.0031175 0.27203666666666665 0.0185 0.03632333333333334 
0 0.014992499999999999 0.24654333333333334 0.0372475 0.06281666666666669 
0 0.06599 0.27970333333333336 0.039125 0.021660000000000006 
0 0.0594075 0.25049333333333335 0.02675 0.046820000000000014 
0 0.07953249999999999 0.23833000000000001 0.017375 0.04432333333333334 
0 0.0945325 0.25982333333333335 0.0165 0.03449333333333334 
0 0.1125325 0.19900666666666667 0.02325 0.03832333333333334 
0 0.1235325 0.2285 0.01875 0.03982333333333334 
0 0.1060325 0.23549666666666666 0.02225 0.054486666666666676 
0 0.1229075 0.2606566666666667 0.046372500000000004 0.06431666666666665 
0 0.0971575 0.2919833333333334 0.022375 0.04465333333333331 
0 0.0587825 0.29465 0.0275 0.040986666666666643 
0 0.0477825 0.32680666666666663 0.026 0.041156666666666716 
0 0.1027825 0.32397333333333334 0.03 0.05032000000000005 
0 0.0704075 0.2934833333333334 0.032625 0.04298666666666664 
0 0.1131575 0.26632333333333336 0.031125 0.05698333333333331 
0 0.1424075 0.28831666666666667 0.029747500000000003 0.04515666666666664 
0 0.16503 0.25732666666666665 0.029125 0.06681333333333331 
0 0.16303 0.23633 0.0185 0.02749333333333334 
0 0.1406575 0.32264 0.029122500000000003 0.05782000000000005 
0 0.0417825 0.3099766666666666 0.018875 0.050653333333333384 
0 0.0055325 0.33963666666666664 0.021 0.06801333333333336 
0 0.05214 0.36424333333333336 0.03575 0.05140333333333334 
0 0.0853275 0.36541 0.019 0.05190333333333334 
0 0.0661575 0.41247 0.028 0.0569866666666666 
0 0.11565500000000001 0.34132333333333337 0.02875 0.045653333333333344 
0 0.133905 0.3643166666666667 0.0435 0.040656666666666674 
0 0.1097825 0.39631 0.038122500000000004 0.017326666666666674 
0 0.114655 0.4113066666666667 0.027 0.04265333333333335 
0 0.0875325 0.42763333333333337 0.028372500000000002 0.0479866666666666 
0 0.1671575 0.32015333333333335 0.017875 0.04532333333333334 
0 0.1789075 0.3234866666666667 0.0276225 0.05598666666666668 
0 0.203405 0.25134 0.02575 0.04848666666666668 
0 0.20803 0.2836633333333333 0.042875 0.03132666666666667 
0 0.197905 0.30999 0.02025 0.02249333333333334 
0 0.218155 0.3096566666666667 0.01925 0.06581666666666668 
0 0.199655 0.3294866666666667 0.021375 0.057983333333333345 
0 0.1665325 0.35664666666666667 0.026372500000000004 0.06581333333333335 
0 0.1381975 0.19596666666666665 0.031625 0.029156666666666674 
0 0.14494749999999998 0.16547333333333333 0.023875 0.028159999999999987 
0 0.15069749999999998 0.16564 0.033125 0.03265666666666666 
0 0.1689475 0.1758033333333333 0.020625 0.030160000000000006 
0 0.1705725 0.20246333333333333 0.02275 0.013496666666666669 
0 0.19332249999999998 0.20829666666666666 0.020625 0.023660000000000007 
0 0.2095725 0.19396666666666665 0.021875 0.046653333333333345 
0 0.2373225 0.1863 0.019 0.042323333333333345 
0 0.22857249999999998 0.13931333333333334 0.04925 0.03848999999999999 
0 0.2180725 0.19979666666666665 0.02575 0.053986666666666676 
0 0.2840725 0.21329333333333333 0.020875 0.04532333333333334 
0 0.2943225 0.20951666666666666 0.030875 0.05015333333333335 
0 0.3150725 0.19169000000000003 0.023 0.018326666666666633 
0 0.3296975 0.17786000000000002 0.027875 0.06098333333333331 
0 0.3153225 0.20684999999999998 0.019625 0.030326666666666672 
0 0.3445725 0.22351333333333331 0.016 0.05198666666666668 
0 0.3579475 0.22601333333333332 0.022622500000000004 0.06481666666666668 
0 0.3723225 0.20851666666666666 0.025747500000000003 0.04365666666666668 
0 0.388695 0.18552333333333335 0.030375 0.060816666666666644 
0 0.3760725 0.13437000000000002 0.029497500000000003 0.05032000000000001 
0 0.2925725 0.23353000000000002 0.042625 0.049319999999999975 
0 0.2669475 0.2565233333333333 0.0325 0.05764999999999998 
0 0.22532249999999998 0.29351333333333335 0.040875 0.02949333333333334 
0 0.2903225 0.27968333333333334 0.042375 0.02499333333333334 
0 0.3326975 0.2538566666666667 0.025247500000000003 0.06548333333333331 
0 0.3366975 0.28418333333333334 0.025872500000000003 0.06931333333333335 
0 0.2731975 0.29301333333333335 0.03 0.053820000000000014 
0 0.2804475 0.3186733333333333 0.048625 0.03715666666666668 
0 0.2518225 0.30717666666666665 0.028125 0.059316666666666684 
0 0.3584475 0.2837 0.023375 0.06264999999999998 
0 0.3210725 0.31869000000000003 0.032625 0.061983333333333314 
0 0.3150725 0.35034666666666664 0.022 0.061986666666666676 
0 0.3036975 0.33885 0.018125 0.05082000000000001 
0 0.2485725 0.33368666666666663 0.017875 0.05298666666666668 
0 0.2549475 0.36451 0.027125 0.047656666666666674 
0 0.2788225 0.35084666666666664 0.038125 0.06431666666666669 
0 0.2599475 0.3851733333333333 0.03775 0.03932333333333334 
0 0.2973225 0.38734 0.02 0.057650000000000014 
0 0.3765725 0.22802666666666668 0.026375 0.06298333333333331 
0 0.3850725 0.26052 0.019625 0.03998666666666668 
0 0.40232249999999997 0.23086 0.0285 0.06847999999999999 
0 0.42707249999999997 0.20453333333333334 0.030375 0.049486666666666644 
0 0.4138225 0.24985333333333332 0.037125 0.05865333333333334 
0 0.4170725 0.26102 0.0501225 0.05748333333333335 
0 0.3996975 0.11678 0.032375 0.03865666666666667 
0 0.3225725 0.09478666666666667 0.0325 0.039986666666666656 
0 0.42407249999999996 0.14843666666666666 0.022375 0.042156666666666655 
0 0.4248225 0.15493666666666667 0.031 0.07198 
0 0.48057 0.15793666666666667 0.023 0.05948333333333333 
0 0.4680725 0.1696 0.016747500000000002 0.03382333333333332 
0 0.44769749999999997 0.18792666666666666 0.0348725 0.03949000000000001 
0 0.50082 0.18059666666666666 0.027875000000000056 0.05232000000000001 
0 0.5118199999999999 0.16776666666666668 0.030000000000000058 0.05631666666666666 
0 0.5235700000000001 0.12644333333333332 0.03725 0.023160000000000007 
0 0.5221950000000001 0.10011666666666667 0.0245 0.02499333333333332 
0 0.4502375 0.21397666666666665 0.024125 0.047653333333333346 
0 0.4694875 0.22180666666666665 0.022375 0.05915333333333334 
0 0.4662375 0.2791266666666667 0.02375 0.06547999999999998 
0 0.48465499999999995 0.3078966666666667 0.0385 0.030156666666666637 
0 0.52828 0.2807366666666667 0.017375 0.05398666666666664 
0 0.56178 0.22163999999999998 0.02724750000000006 0.059650000000000016 
0 0.49332 0.23019333333333333 0.028875000000000057 0.057319999999999975 
0 0.492195 0.22819333333333336 0.015125 0.031326666666666635 
0 0.3908225 0.29834333333333335 0.024 0.06681666666666668 
0 0.37769749999999996 0.29201 0.018125 0.06731666666666668 
0 0.356655 0.33666666666666667 0.033625 0.07381333333333336 
0 0.34027999999999997 0.3578266666666667 0.037 0.07498000000000002 
0 0.385405 0.3573266666666667 0.02 0.06515000000000001 
0 0.40490499999999996 0.36049333333333333 0.0225 0.07464666666666668 
0 0.418655 0.36499333333333334 0.027875 0.060150000000000016 
0 0.444905 0.35849333333333333 0.017875 0.033990000000000006 
0 0.446905 0.3494966666666667 0.03275 0.07914666666666668 
0 0.448905 0.37049 0.04375 0.08931000000000001 
0 0.48778 0.3638266666666667 0.0275 0.06998000000000001 
0 0.469655 0.3365 0.029125 0.028826666666666674 
0 0.5079049999999999 0.35949333333333333 0.02475 0.07331333333333336 
0 0.5251549999999999 0.34299666666666667 0.0475 0.030160000000000006 
0 0.55003 0.33366666666666667 0.03762250000000006 0.024160000000000004 
0 0.519905 0.35999333333333333 0.04225 0.03782333333333334 
0 0.356905 0.41581333333333337 0.04675 0.06148333333333335 
0 0.36965499999999996 0.42597666666666667 0.04325 0.0691466666666666 
0 0.384405 0.4554666666666667 0.03375 0.06731666666666661 
0 0.32953 0.47546333333333335 0.055125 0.044319999999999936 
0 0.35102999999999995 0.4953033333333334 0.04275 0.05415333333333327 
0 0.39253 0.51863 0.04 0.059319999999999935 
0 0.40502999999999995 0.48530666666666666 0.02875 0.08064333333333328 
0 0.5568624999999999 0.14723666666666665 0.018375 0.05348333333333333 
0 0.5952375 0.18372666666666665 0.0215 0.046653333333333345 
0 0.6133624999999999 0.19622333333333333 0.038125 0.05531666666666668 
0 0.6412374999999999 0.19572333333333333 0.026875 0.05232000000000001 
0 0.6547375 0.18522666666666665 0.02875 0.05232000000000001 
0 0.6794874999999999 0.18739333333333333 0.02425 0.05498333333333335 
0 0.6994874999999999 0.18339333333333332 0.02325 0.06098333333333335 
0 0.7153624999999999 0.17989333333333332 0.037125 0.059816666666666685 
0 0.7248625 0.17473000000000002 0.050375 0.030656666666666638 
0 0.6499874999999999 0.12974000000000002 0.038375 0.04648666666666664 
0 0.6682374999999999 0.11707666666666668 0.0285 0.053820000000000014 
0 0.6069874999999999 0.14390333333333333 0.012625 0.02749333333333336 
0 0.5767374999999999 0.11491000000000001 0.02225 0.026826666666666655 
0 0.5614874999999999 0.10574666666666667 0.025875 0.01599666666666667 
0 0.5878625 0.09008333333333333 0.022125 0.03199333333333334 
0 0.7391125 0.12857333333333335 0.019375 0.04848666666666664 
0 0.7393624999999999 0.09958 0.03825 0.041823333333333323 
0 0.7302375 0.14257 0.0095 0.03182666666666669 
0 0.619405 0.15873333333333334 0.031 0.05065333333333333 
0 0.60303 0.23071333333333333 0.042875 0.046320000000000014 
0 0.6152799999999999 0.22788 0.031375 0.03849000000000001 
0 0.66528 0.22555 0.023 0.07564666666666668 
0 0.67928 0.23221333333333333 0.03162250000000006 0.07248000000000002 
0 0.6947775 0.24471 0.02475 0.06331666666666669 
0 0.7556525000000001 0.19038999999999998 0.032125 0.05832000000000001 
0 0.7379025 0.20071999999999998 0.0195 0.03232666666666667 
0 0.7695700000000001 0.09264 0.030875 0.03998999999999999 
0 0.7888200000000001 0.09064000000000001 0.03075 0.046819999999999994 
0 0.80232 0.11779999999999999 0.028625 0.046820000000000014 
0 0.8284450000000001 0.12829666666666667 0.025375 0.054486666666666676 
0 0.75482 0.16062 0.047375 0.028326666666666674 
0 0.808695 0.16112 0.029125 0.03982333333333334 
0 0.78407 0.18544666666666668 0.020375 0.04715666666666664 
0 0.79557 0.2032766666666667 0.01875 0.037156666666666636 
0 0.82532 0.19644666666666669 0.033875 0.049153333333333306 
0 0.83382 0.18428 0.027125 0.044489999999999974 
0 0.85757 0.18095 0.026247499999999944 0.048986666666666644 
0 0.8516525 0.12579666666666667 0.0245 0.05548666666666668 
0 0.8684025000000001 0.13629333333333332 0.01875 0.05132000000000001 
0 0.8605275 0.19861 0.039 0.04098999999999997 
0 0.8820275000000001 0.18678 0.023375 0.03366000000000001 
0 0.9011525 0.17928333333333335 0.025875 0.05165333333333331 
0 0.8872775 0.09746333333333333 0.0305 0.040156666666666674 
0 0.8892775 0.13695333333333334 0.040875 0.014163333333333337 
0 0.9074025 0.10246333333333332 0.04375 0.045653333333333344 
0 0.9019025 0.09146666666666665 0.030125 0.022160000000000006 
0 0.9300275 0.09563333333333332 0.029125 0.04998666666666668 
0 0.9465275000000001 0.10213 0.028125 0.046653333333333345 
0 0.9541525000000001 0.10179666666666666 0.040125 0.05765333333333335 
0 0.9512775 0.09013333333333333 0.049 0.04249000000000001 
0 0.9270275 0.14178666666666667 0.02025 0.033990000000000006 
0 0.9387775 0.13978666666666667 0.045 0.05981666666666664 
0 0.9480275 0.13945333333333335 0.052 0.05298666666666668 
0 0.9405275000000001 0.19071666666666665 0.035375 0.06331666666666669 
0 0.9635675 0.18506333333333336 0.03525 0.0418233333333333 
0 0.9819424999999999 0.20289333333333331 0.01825 0.022326666666666672 
0 0.9680675 0.22505333333333333 0.03175 0.02249333333333334 
0 0.9628175 0.23988333333333334 0.037625 0.022993333333333338 
0 0.9584425 0.25687666666666664 0.034625 0.06665000000000001 
0 0.90307 0.22738666666666665 0.033372499999999944 0.05115333333333334 
0 0.9472775 0.27970666666666666 0.049625 0.06547999999999998 
0 0.9376525 0.3005333333333333 0.052 0.07464666666666665 
0 0.8835275 0.28553666666666666 0.046125 0.03599000000000001 
0 0.9740675 0.3450766666666667 0.0265 0.06231666666666668 
0 0.9583175 0.37107 0.032375 0.05748333333333335 
0 0.9284425 0.36207333333333336 0.0335 0.06148333333333335 
0 0.8967775 0.42683333333333334 0.044375 0.06331666666666669 
0 0.9217775 0.46282333333333336 0.067875 0.042156666666666676 
0 0.8304874999999999 0.4255 0.05687250000000006 0.05731666666666668 
0 0.89797 0.49934999999999996 0.078 0.041656666666666675 
0 0.95897 0.5123466666666666 0.03775 0.03466 
0 0.95972 0.5376733333333333 0.03925 0.05665333333333335 
0 0.92147 0.5366766666666667 0.03875 0.06331666666666669 
0 0.8464725 0.4583633333333333 0.057747500000000056 0.05698333333333335 
0 0.8809724999999999 0.5486733333333333 0.042997500000000057 0.06231666666666668 
0 0.8809724999999999 0.6006566666666667 0.05474750000000006 0.06865000000000002 
0 0.9632200000000001 0.6219866666666667 0.039 0.07364666666666668 
0 0.8723875000000001 0.23275666666666667 0.02325 0.03832333333333334 
0 0.8863875 0.22875666666666666 0.03875 0.05998333333333335 
0 0.8356375 0.23475333333333334 0.04225 0.03765666666666668 
0 0.8673200000000001 0.29153666666666667 0.02075 0.06598333333333331 
0 0.8823200000000001 0.32353 0.049497499999999944 0.05481999999999997 
0 0.8845700000000001 0.36468666666666666 0.04849749999999994 0.03599000000000001 
0 0.8400700000000001 0.3062 0.042875 0.07864666666666664 
0 0.85857 0.26687666666666665 0.03925 0.02899333333333334 
0 0.8330700000000001 0.27487666666666666 0.044625 0.05065333333333335 
0 0.8178200000000001 0.2361066666666667 0.03025 0.0226633333333333 
0 0.8198200000000001 0.2566033333333333 0.020375 0.02349333333333334 
0 0.80157 0.24444000000000002 0.02025 0.04331999999999998 
0 0.7844450000000001 0.2471066666666667 0.025375 0.04565333333333331 
0 0.75207 0.24810666666666667 0.033625 0.061983333333333314 
0 0.7263200000000001 0.22977666666666668 0.032625 0.06631666666666665 
0 0.7396950000000001 0.2694333333333333 0.04525 0.058483333333333345 
0 0.81232 0.2699333333333333 0.04625 0.03982333333333334 
0 0.7250700000000001 0.2949466666666667 0.0505 0.03765666666666664 
0 0.7033200000000001 0.3246066666666667 0.072125 0.053316666666666644 
0 0.7020700000000001 0.3484333333333333 0.05675 0.03099000000000001 
0 0.76532 0.31927333333333335 0.0315 0.04998666666666664 
0 0.7828200000000001 0.29228 0.04575 0.036989999999999974 
0 0.81557 0.3311033333333333 0.0245 0.07348000000000002 
0 0.69357 0.27956 0.03575 0.06415000000000005 
0 0.63732 0.31971666666666665 0.05975 0.04598999999999997 
0 0.6810700000000001 0.34371 0.0435 0.0653166666666666 
0 0.716945 0.36887 0.044 0.028660000000000005 
0 0.76707 0.3655933333333333 0.037 0.04848666666666668 
0 0.7964450000000001 0.37209333333333333 0.0365 0.07148000000000002 
0 0.762445 0.39292 0.044125 0.060650000000000016 
0 0.721445 0.37842333333333333 0.051125 0.053820000000000014 
0 0.749195 0.40858333333333335 0.044875 0.06131666666666668 
0 0.8492775 0.4146366666666667 0.05175 0.06614999999999994 
0 0.7860275 0.41847 0.031875 0.0676466666666666 
0 0.7981525 0.44313 0.07125 0.07197999999999995 
0 0.62575 0.27954666666666667 0.026125 0.048156666666666674 
0 0.573 0.26855 0.043875 0.03999000000000001 
0 0.579875 0.30171 0.02575 0.05614999999999998 
0 0.613 0.32637 0.0335 0.05714999999999998 
0 0.6679175 0.3755233333333333 0.06449749999999994 0.06615000000000001 
0 0.6085825 0.38863000000000003 0.055 0.039323333333333266 
0 0.6410825 0.3944633333333334 0.042625 0.07997666666666661 
0 0.6683325 0.40979 0.05575 0.03782333333333334 
0 0.6540825 0.4294533333333333 0.066125 0.041490000000000006 
0 0.5767100000000001 0.35264 0.023625 0.05015333333333335 
0 0.5498350000000001 0.36580333333333337 0.032375 0.04249000000000001 
0 0.517085 0.32881333333333335 0.03425 0.01832666666666667 
0 0.5825 0.3994066666666667 0.0195 0.01549333333333334 
0 0.55325 0.40540333333333334 0.0615 0.04082333333333334 
0 0.52925 0.3875766666666667 0.01975 0.04865333333333335 
0 0.53825 0.3862433333333333 0.04475 0.052650000000000016 
0 0.601625 0.42323333333333335 0.024875 0.035323333333333345 
0 0.59875 0.4215666666666667 0.04875 0.04982000000000001 
0 0.4591675 0.42534333333333335 0.055625 0.040656666666666674 
0 0.5117925 0.43100666666666665 0.033375 0.024330000000000004 
0 0.5164175 0.4500033333333333 0.054625 0.027326666666666673 
0 0.5674175 0.45483666666666667 0.053 0.03599000000000001 
0 0.5106675 0.4709966666666667 0.062875 0.030993333333333338 
0 0.5476675 0.48399333333333333 0.0535 0.03266000000000001 
0 0.4751675 0.44683666666666666 0.04275 0.03849000000000001 
0 0.6497925 0.4457833333333333 0.06762249999999995 0.04065333333333335 
0 0.6181675 0.4574466666666666 0.0275 0.02899000000000001 
0 0.6126675 0.4714433333333333 0.058625 0.046320000000000014 
0 0.4940025 0.46077666666666667 0.0238725 0.07165000000000002 
0 0.4663775 0.47444 0.03575 0.0998066666666667 
0 0.4457525 0.49049333333333334 0.03975 0.04282000000000001 
0 0.4296275 0.5109866666666667 0.045625 0.05115333333333334 
0 0.5007525 0.5218166666666667 0.025997500000000003 0.06081666666666668 
0 0.5021275 0.49116 0.039497500000000005 0.034656666666666676 
0 0.533 0.5053233333333333 0.019625 0.04348666666666668 
0 0.54225 0.5198166666666667 0.029625 0.06831666666666668 
0 0.5771675 0.51893 0.052625 0.07248000000000002 
0 0.6056675 0.5061 0.062 0.03699000000000001 
0 0.6022925 0.5284266666666667 0.058 0.07481333333333336 
0 0.6315425 0.5354266666666666 0.042375 0.05281666666666668 
0 0.6569175 0.5042666666666666 0.06049749999999995 0.06331666666666669 
0 0.6689175 0.48244 0.048622499999999944 0.06498333333333335 
0 0.4761675 0.5425333333333333 0.03 0.06731666666666668 
0 0.47954250000000004 0.5830233333333333 0.051375 0.042156666666666676 
0 0.5172925 0.5828566666666667 0.027875 0.060316666666666685 
0 0.5405425 0.55403 0.046375 0.05332000000000001 
0 0.5425425 0.5885233333333333 0.063875 0.04165333333333335 
0 0.5504175 0.5968533333333333 0.06625 0.058150000000000014 
0 0.7093325 0.4663766666666667 0.049875 0.05898333333333327 
0 0.6825825 0.47903999999999997 0.052625 0.05715000000000001 
0 0.7149575 0.4437166666666667 0.04625 0.045986666666666606 
0 0.7345825 0.42905333333333334 0.055 0.05464999999999994 
0 0.7865825 0.5071433333333334 0.04325 0.054153333333333345 
0 0.7668325 0.4961466666666667 0.034 0.07381333333333336 
0 0.7465824999999999 0.5138066666666667 0.0345 0.07764666666666661 
0 0.8287074999999999 0.5039766666666667 0.0525 0.07764666666666661 
0 0.8078325 0.5384666666666666 0.060875 0.06748333333333327 
0 0.7787075 0.56213 0.039375 0.06531333333333328 
0 0.8111225 0.6066733333333333 0.045125 0.05598333333333335 
0 0.8504974999999999 0.6160033333333333 0.037 0.08797666666666669 
0 0.72 0.5156966666666667 0.04 0.07164666666666668 
0 0.73875 0.58551 0.05624749999999994 0.06548333333333335 
0 0.7969974999999999 0.6298333333333334 0.06025 0.08297666666666662 
0 0.6714175 0.5518033333333333 0.048622499999999944 0.05665333333333327 
0 0.7007899999999999 0.5631366666666667 0.05175 0.08280999999999994 
0 0.6721675 0.6001266666666667 0.06324749999999994 0.05215333333333327 
0 0.6472925 0.6016266666666668 0.033497499999999944 0.07347999999999995 
0 0.6751675 0.6227866666666666 0.06149749999999995 0.05731666666666668 
0 0.6246675 0.58946 0.029125 0.0806466666666666 
0 0.6079175 0.5862966666666667 0.023125 0.08780999999999994 
0 0.746165 0.6387833333333333 0.024 0.09097333333333336 
0 0.76754 0.6424466666666666 0.05075 0.04565666666666668 
0 0.7638325 0.6824366666666667 0.0275 0.0879766666666666 
0 0.7842075 0.6789366666666666 0.057 0.10764000000000003 
0 0.7915825 0.67494 0.04125 0.06465000000000001 
0 0.7093325 0.6901033333333333 0.054875 0.060983333333333424 
0 0.7158325 0.64878 0.0325 0.07498000000000009 
0 0.7125 0.7269833333333333 0.03149749999999994 0.07098333333333343 
0 0.7228724999999999 0.7873 0.049625 0.06414999999999994 
0 0.8487475 0.7108566666666667 0.058247500000000056 0.10397333333333321 
0 0.1947525 0.39231333333333335 0.045997500000000004 0.060650000000000016 
0 0.21275 0.39448 0.04375 0.051150000000000015 
0 0.23775 0.3733166666666667 0.0275 0.06465000000000001 
0 0.26225 0.4281366666666667 0.034 0.06214999999999994 
0 0.3353325 0.40192 0.026375 0.07181666666666668 
0 0.3190825 0.4477433333333333 0.022875 0.03765666666666668 
0 0.29196 0.44491 0.0356225 0.04448666666666668 
0 0.271335 0.4888966666666667 0.0347475 0.05715333333333335 
0 0.29804250000000004 0.5098933333333333 0.027164999999999963 0.08046333333333329 
0 0.270835 0.5280766666666666 0.028625 0.07714666666666668 
0 0.33095749999999996 0.5410733333333333 0.059 0.034823333333333345 
0 0.3569575 0.5500700000000001 0.050125 0.040656666666666674 
0 0.3164575 0.5607333333333333 0.058375 0.04932000000000001 
0 0.3988325 0.56923 0.054125 0.04482333333333334 
0 0.30745999999999996 0.5822266666666667 0.031622500000000005 0.04365666666666668 
0 0.32673 0.60672 0.03510249999999997 0.08672000000000003 
0 0.29898 0.6097933333333334 0.038375 0.058986666666666604 
0 0.003 0.43234666666666666 0.033375 0.04865333333333335 
0 0.030875 0.49266333333333334 0.03075 0.046653333333333345 
0 0.051375 0.46667 0.0275 0.05665333333333335 
0 0.07675 0.4825 0.01875 0.03982333333333334 
0 0.0925 0.4645033333333333 0.020375 0.05832000000000001 
0 0.020625 0.36097666666666667 0.030875 0.06181666666666668 
0 0.13625 0.41864 0.0245 0.03899000000000001 
0 0.136875 0.38898 0.031 0.041656666666666675 
0 0.148875 0.40431 0.027 0.06131666666666668 
0 0.171875 0.3793166666666667 0.03075 0.06481666666666668 
0 0.15325 0.42364 0.048875 0.05831666666666661 
0 0.18875 0.4353033333333334 0.034125 0.06631666666666661 
0 0.22175 0.4424666666666667 0.046375 0.031160000000000007 
0 0.1945 0.4836233333333333 0.06475 0.03849000000000001 
0 0.110375 0.4489666666666667 0.022 0.05714999999999994 
0 0.130375 0.47157 0.02925 0.07814666666666668 
0 0.157375 0.47607 0.01775 0.03982333333333334 
0 0.1665 0.48373333333333335 0.020375 0.052653333333333344 
0 0.177125 0.5138933333333333 0.044 0.058150000000000014 
0 0.195125 0.5132266666666667 0.0365 0.04099000000000001 
0 0.23825 0.52139 0.03325 0.07531333333333327 
0 0.22925 0.5147266666666667 0.03325 0.06797999999999994 
0 0.148625 0.5125033333333333 0.0275 0.05715333333333335 
0 0.123375 0.5235 0.029375 0.05998666666666668 
0 0.140125 0.55816 0.046625 0.05248666666666668 
0 0.177375 0.5464966666666666 0.0415 0.04298666666666668 
0 0.108125 0.4978433333333333 0.02375 0.06331666666666669 
0 0.04425 0.51267 0.05925 0.03949000000000001 
0 -0.0003725 0.53844 0.022872499999999997 0.05648666666666668 
0 0.0012525 0.5622699999999999 0.0427475 0.07198000000000002 
0 0.041625 0.53511 0.048625 0.04315333333333334 
0 0.061875 0.5487733333333333 0.04125 0.040320000000000016 
0 0.082125 0.5524366666666667 0.0505 0.04665666666666667 
0 0.09975 0.5782633333333334 0.047375 0.03349333333333334 
0 0.062375 0.5850966666666667 0.044625 0.03865666666666667 
0 0.020375 0.5704333333333333 0.04225 0.03632333333333334 
0 0.026875 0.5930933333333334 0.04975 0.04882000000000001 
0 0.2727075 0.5893166666666667 0.04025 0.053986666666666676 
0 0.2108325 0.60698 0.06149999999999997 0.06964666666666669 
0 0.19058250000000002 0.5849833333333333 0.049125 0.04399000000000001 
0 0.17495750000000002 0.5968133333333333 0.0405 0.048156666666666674 
0 0.1957075 0.6279733333333334 0.041125 0.047820000000000015 
0 0.1387075 0.61031 0.041 0.03549333333333334 
0 0.17545750000000002 0.6323066666666667 0.028 0.03499000000000001 
0 0.13683250000000002 0.63364 0.042375 0.03832333333333334 
0 0.10021 0.62214 0.043497500000000015 0.03366000000000001 
0 0.01796 0.6201966666666666 0.027875 0.027160000000000007 
0 0.04421 0.6208633333333333 0.04587499999999999 0.03749000000000001 
0 0.058585 0.62503 0.04537499999999999 0.04832000000000001 
0 0.10296 0.6078666666666667 0.03799750000000002 0.03349333333333334 
0 0.008960000000000001 0.6468566666666666 0.051 0.03699000000000001 
0 0.010085 0.67235 0.049875 0.033490000000000006 
0 0.08133499999999999 0.6520233333333333 0.05362250000000002 0.03732333333333334 
0 0.1329575 0.6543566666666667 0.05525 0.03732333333333334 
0 0.15045750000000002 0.6695166666666666 0.04525 0.03782333333333334 
0 0.07271 0.6790166666666666 0.0421225 0.042486666666666756 
0 0.1132075 0.6983433333333334 0.05112500000000002 0.03166000000000001 
0 0.07596 0.71084 0.06312250000000001 0.05098666666666668 
0 0.11533249999999999 0.6765166666666667 0.03662500000000001 0.035156666666666676 
0 0.1634575 0.7041766666666668 0.04675 0.032323333333333266 
0 0.1813325 0.6721833333333334 0.05275 0.04049000000000001 
0 0.055335 0.7074533333333334 0.04324999999999999 0.045153333333333344 
0 0.01196 0.7172833333333333 0.0455 0.04282333333333342 
0 -0.000165 0.6939566666666667 0.015125 0.037490000000000086 
0 0.045125 0.74661 0.06475 0.04798666666666668 
0 0.054 0.7631033333333334 0.032375 0.07081666666666676 
0 0.078375 0.7852666666666668 0.04025 0.032323333333333266 
0 0.106125 0.75194 0.02675 0.036823333333333264 
0 0.120875 0.74261 0.0475 0.04932000000000001 
0 0.0055025000000000004 0.7576066666666668 0.046872500000000004 0.037323333333333264 
0 0.2572075 0.6548566666666666 0.066 0.06315000000000001 
0 0.2852075 0.63886 0.04625 0.06665000000000008 
0 0.2145825 0.6978433333333334 0.032625 0.06464999999999994 
0 0.2622075 0.7090066666666667 0.05975 0.04298999999999993 
0 0.32483249999999997 0.6925133333333333 0.062125 0.05864999999999994 
0 0.3172075 0.7096733333333334 0.023125 0.037323333333333264 
0 0.267125 0.7448299999999999 0.055622500000000005 0.05615333333333335 
0 0.3137475 0.7449966666666666 0.03125 0.05732000000000001 
0 0.3326225 0.733 0.031625 0.08014666666666669 
0 0.3561225 0.7538299999999999 0.02325 0.08181000000000009 
0 0.3704975 0.7474966666666666 0.031875 0.08298000000000001 
0 0.3998725 0.7573266666666667 0.028 0.07714666666666668 
0 0.3811225 0.7411666666666666 0.0225 0.04298666666666668 
0 0.3449575 0.61109 0.035 0.08097666666666661 
0 0.37470749999999997 0.62292 0.0608725 0.05098666666666668 
0 0.39732999999999996 0.6009233333333334 0.058875 0.043156666666666677 
0 0.45283 0.63275 0.02275 0.053153333333333344 
0 0.432205 0.5494399999999999 0.02725 0.046653333333333345 
0 0.24841249999999998 0.68439 0.03900000000000003 0.0376566666666666 
0 0.2299125 0.6717266666666667 0.03150000000000003 0.07397999999999995 
0 0.35166250000000004 0.6763933333333334 0.03825 0.0499866666666666 
0 0.3554125 0.6417333333333334 0.04725 0.06631666666666668 
0 0.6234925 0.6662833333333333 0.02975 0.0973066666666667 
0 0.4714975 0.61665 0.04312499999999994 0.06281666666666669 
0 0.4859975 0.62415 0.06499999999999995 0.046820000000000014 
0 0.5387474999999999 0.6486433333333333 0.07274750000000006 0.03165666666666667 
0 0.4308725 0.64181 0.029125 0.0801466666666666 
0 0.4636225 0.6619733333333333 0.05299999999999994 0.057983333333333276 
0 0.5149975 0.6701366666666667 0.049125 0.058483333333333345 
0 0.45824750000000003 0.5635533333333334 0.023 0.05065333333333327 
0 0.4398725 0.6147066666666666 0.046875 0.030326666666666672 
0 0.4507475 0.5842133333333334 0.01675 0.030826666666666596 
0 0.40858249999999996 0.6548066666666666 0.032622500000000006 0.07798000000000002 
0 0.44920499999999997 0.6833 0.036625 0.07314666666666668 
0 0.49233 0.6828000000000001 0.04175000000000006 0.06248333333333327 
0 0.5033299999999999 0.7249566666666666 0.053750000000000055 0.040320000000000016 
0 0.475205 0.71196 0.032375 0.08264333333333328 
0 0.42407999999999996 0.7407833333333333 0.0525 0.0626500000000001 
0 0.4286225 0.75939 0.052875 0.06548333333333327 
0 0.4658725 0.7795533333333333 0.049124999999999946 0.07847666666666676 
0 0.5028725000000001 0.7570566666666667 0.04262499999999994 0.09597666666666661 
0 0.4727475 0.7975466666666666 0.046874999999999944 0.06981666666666676 
0 0.5333724999999999 0.75206 0.033625 0.09247333333333335 
0 0.5519974999999999 0.6754 0.0515 0.057650000000000014 
0 0.5983725 0.6667366666666666 0.029 0.0993066666666667 
0 0.5567475 0.6993933333333333 0.048 0.05998333333333342 
0 0.6419975 0.6540733333333334 0.02762250000000006 0.09313999999999995 
0 0.667745 0.65574 0.026 0.08381000000000002 
0 0.6516225 0.7000599999999999 0.034872500000000056 0.08564333333333343 
0 0.685245 0.6707333333333334 0.029875 0.11030666666666661 
0 0.566665 0.76482 0.06562250000000006 0.04432333333333326 
0 0.6341625000000001 0.7783166666666667 0.076125 0.061483333333333424 
0 0.5699125 0.8068099999999999 0.0595 0.053816666666666756 
0 0.5104975 0.8431866666666666 0.06362499999999995 0.07065000000000009 
0 0.019039999999999998 0.7887533333333334 0.0416225 0.057653333333333195 
0 0.00279 0.8394066666666666 0.057 0.07648000000000002 
0 0.0827875 0.80275 0.02 0.03416 
0 0.1087875 0.7874200000000001 0.02475 0.06198666666666653 
0 0.1327875 0.8380733333333332 0.032625 0.08064666666666669 
0 0.18766 0.7332933333333334 0.032 0.052653333333333344 
0 0.20690999999999998 0.7229633333333333 0.042 0.07264666666666668 
0 0.24316 0.7662833333333333 0.05024750000000003 0.04532333333333342 
0 0.25016 0.7906133333333334 0.04324750000000003 0.05032000000000001 
0 0.27640750000000003 0.8116066666666667 0.033 0.07531333333333336 
0 0.28490750000000004 0.7949433333333333 0.0575 0.061983333333333425 
0 0.32265750000000004 0.8422633333333334 0.05125 0.06864999999999993 
0 0.24491 0.8309333333333334 0.04299750000000003 0.09164333333333329 
0 0.14095500000000002 0.76648 0.055125 0.038823333333333265 
0 0.15933 0.7853066666666667 0.060375 0.03432333333333327 
0 0.13333 0.79164 0.071375 0.057983333333333276 
0 0.20358 0.7988033333333333 0.03025 0.06598333333333342 
0 0.057665 0.83746 0.05774749999999999 0.04882000000000001 
0 0.1145375 0.8344600000000001 0.022625 0.07481333333333336 
0 0.12566249999999998 0.8156333333333333 0.029875 0.0538166666666666 
0 0.1520375 0.8439566666666666 0.026875 0.08298000000000001 
0 0.1651625 0.8209633333333333 0.047 0.07165000000000009 
0 0.1767875 0.8519566666666666 0.041375 0.07131333333333335 
0 0.1939125 0.8622866666666668 0.0365 0.07164666666666668 
0 0.22291249999999999 0.8336266666666667 0.03787500000000003 0.08830999999999994 
0 0.1575375 0.92527 0.069375 0.04365666666666675 
0 0.41949000000000003 0.82901 0.04725 0.039986666666666525 
