0 0.641 0.664 0.01875 0.059666666666666666 
0 0.59475 0.6476666666666666 0.023 0.06633333333333333 
0 0.49725 0.6556666666666666 0.0285 0.059 
0 0.1772475 0.6202866666666667 0.043 0.07264666666666676 
0 0.130625 0.5899833333333333 0.029125 0.07831333333333335 
0 0.33779000000000003 0.60276 0.03525 0.1071366666666667 
0 0.37329 0.5915966666666667 0.0446225 0.06948000000000001 
0 0.376165 0.64608 0.040247500000000005 0.07348333333333334 
0 0.4220375 0.58243 0.026 0.08981000000000001 
0 0.4442875 0.5168933333333333 0.043 0.07597999999999994 
0 0.5198250000000001 0.6461833333333333 0.034 0.07564666666666661 
0 0.559825 0.63752 0.0405 0.07798000000000002 
0 0.6538250000000001 0.6471833333333333 0.0355 0.07597999999999994 
0 0.612325 0.6565166666666666 0.03 0.08297666666666668 
0 0.675825 0.6358533333333333 0.0375 0.07631333333333336 
0 0.6903250000000001 0.6011966666666666 0.04125 0.07564666666666668 
0 0.717825 0.6598466666666667 0.0395 0.08331333333333335 
0 0.757325 0.65085 0.04049749999999994 0.09464333333333336 
0 0.7898225 0.6558499999999999 0.042 0.08464333333333335 
0 0.7913225 0.64352 0.0465 0.06964666666666669 
0 0.8100725 0.8458 0.03925 0.06864666666666669 
0 0.8400725 0.79648 0.07875 0.05898333333333327 
0 0.8358225 0.7724833333333333 0.0465 0.054320000000000014 
0 0.8178225 0.6358533333333333 0.0365 0.07998000000000002 
0 0.8378225 0.6331866666666667 0.04825 0.08698000000000002 
0 0.8668224999999999 0.64585 0.049 0.08564666666666661 
0 0.8945725 0.6485166666666666 0.03 0.06598333333333335 
0 0.9163225 0.65918 0.03 0.08464666666666669 
0 0.9420725 0.6741766666666666 0.02325 0.05765333333333327 
0 0.9533225 0.6378533333333333 0.04225 0.09264333333333327 
0 0.9708225 0.61586 0.03 0.06265000000000001 
0 0.8630725 0.7151666666666666 0.05275 0.04532000000000001 
0 0.8775725 0.7584899999999999 0.03625 0.06331666666666676 
0 0.9220725 0.74316 0.03725 0.07798000000000002 
0 0.9550725 0.7224966666666666 0.03825 0.0626500000000001 
0 0.9125725 0.7791499999999999 0.06825 0.07198000000000002 
0 0.9623225 0.7971466666666667 0.038 0.09597333333333335 
0 0.85149 0.9180033333333334 0.073 0.04598666666666653 
0 0.97524 0.8996733333333333 0.024747499999999947 0.03498999999999993 
0 0.96699 0.9233333333333333 0.032997499999999944 0.06564999999999994 
0 0.56116 0.53688 0.0315 0.06598333333333327 
0 0.58441 0.5472100000000001 0.03074750000000006 0.07731333333333328 
0 0.6006575000000001 0.5305500000000001 0.03425 0.07064666666666661 
0 0.7056575 0.5165533333333333 0.031 0.08730999999999994 
0 0.7346575000000001 0.5278833333333334 0.039 0.07397999999999995 
0 0.25808 0.36656333333333335 0.028125 0.07181666666666668 
0 0.308205 0.3515666666666667 0.030375 0.06865000000000002 
0 0.38120499999999996 0.33124000000000003 0.02825 0.060650000000000016 
0 0.75082 0.8095966666666666 0.063 0.09764333333333328 
0 0.6364924999999999 0.3266 0.0385 0.06531666666666668 
