0 0.5455 0.436 0.029 0.03133333333333333 
0 0.5475 0.31266666666666665 0.02475 0.029333333333333333 
0 0.6625 0.3873333333333333 0.02525 0.029 
0 0.1405 0.38333333333333336 0.031 0.033 
0 0.27475 0.403 0.0225 0.036333333333333336 
0 0.3485 0.5183333333333333 0.035 0.026333333333333334 
0 0.786 0.36533333333333334 0.02525 0.036333333333333336 
0 0.3515 0.5613333333333334 0.0235 0.037 
0 0.946 0.5616666666666666 0.02 0.050666666666666665 
0 0.422 0.561 0.0255 0.044333333333333336 
0 0.63075 0.44 0.0235 0.036 
0 0.80975 0.434 0.0175 0.037 
0 0.2025 0.524 0.019 0.03866666666666667 
0 0.434 0.5696666666666667 0.02675 0.042333333333333334 
0 0.633 0.223 0.01875 0.01633333333333333 
0 0.3165 0.546 0.0225 0.036333333333333336 
0 0.47175 0.233 0.028 0.013666666666666667 
0 0.29375 0.537 0.02125 0.034 
0 0.64125 0.4523333333333333 0.01875 0.027 
0 0.45125 0.41933333333333334 0.024 0.033666666666666664 
0 0.2735 0.446 0.02325 0.03766666666666667 
0 0.3905 0.5563333333333333 0.0365 0.03866666666666667 
0 0.15725 0.5766666666666667 0.03925 0.031 
0 0.63675 0.6053333333333333 0.0315 0.028 
0 0.13225 0.28733333333333333 0.02325 0.029 
0 0.212 0.527 0.0335 0.04133333333333333 
0 0.09325 0.474 0.029 0.04133333333333333 
0 0.74175 0.5726666666666667 0.019 0.047 
0 0.515 0.5603333333333333 0.01875 0.049666666666666665 
0 0.5565 0.5556666666666666 0.01825 0.048 
0 0.31825 0.35833333333333334 0.02925 0.025 
0 0.359 0.4676666666666667 0.02375 0.030666666666666665 
0 0.85025 0.46266666666666667 0.023 0.03766666666666667 
0 0.421 0.2633333333333333 0.0155 0.02266666666666667 
0 0.8905 0.54 0.0235 0.042666666666666665 
0 0.1285 0.5103333333333333 0.023 0.049666666666666665 
0 0.698 0.285 0.014 0.027666666666666666 
0 0.57075 0.478 0.027 0.035 
0 0.31175 0.467 0.02375 0.037 
0 0.75525 0.389 0.02325 0.03233333333333333 
0 0.63825 0.245 0.0135 0.027 
0 0.11775 0.44066666666666665 0.01625 0.032 
0 0.60375 0.49666 0.020825000000000045 0.04700666666666666 
0 0.82025 0.4796666666666667 0.022 0.036 
0 0.71525 0.2843333333333333 0.01475 0.030666666666666665 
0 0.445 0.402 0.0145 0.029333333333333333 
0 0.1045 0.43833333333333335 0.02375 0.034666666666666665 
0 0.754 0.6196666666666667 0.0385 0.04566666666666667 
0 0.03125 0.37266666666666665 0.03225 0.030666666666666665 
0 0.8555 0.336 0.02925 0.031 
0 0.7615 0.5113333333333333 0.018 0.035666666666666666 
0 0.23 0.47733333333333333 0.02025 0.026 
0 0.7975 0.5136666666666667 0.016 0.037333333333333336 
0 0.692 0.273 0.019 0.015666666666666666 
0 0.17275 0.444 0.02075 0.03233333333333333 
0 0.8675 0.519 0.02025 0.04533333333333334 
0 0.16825 0.2836666666666667 0.0185 0.024666666666666667 
0 0.1135 0.4736666666666667 0.024 0.028 
0 0.087 0.43333333333333335 0.022 0.03766666666666667 
0 0.00475 0.4483333333333333 0.01575 0.027333333333333334 
0 0.5735 0.3606666666666667 0.0185 0.032 
0 0.533 0.5276666666666666 0.025 0.029666666666666668 
0 0.48641 0.5516666666666666 0.024089999999999976 0.053076666666666675 
0 0.51275 0.4633333333333333 0.02275 0.035666666666666666 
0 0.13575 0.45866666666666667 0.01925 0.03833333333333333 
0 0.96325 0.5656666666666667 0.0175 0.043 
0 0.13 0.5593333333333333 0.03425 0.034666666666666665 
0 0.32525 0.4256666666666667 0.0225 0.036333333333333336 
0 0.148 0.45266666666666666 0.0255 0.034666666666666665 
0 0.69475 0.5136666666666667 0.028 0.029666666666666668 
0 0.06875 0.5253333333333333 0.023 0.049 
0 0.35975 0.41233333333333333 0.03025 0.020666666666666667 
0 0.42275 0.406 0.02175 0.034333333333333334 
0 0.60575 0.5686666666666667 0.0255 0.042333333333333334 
0 0.02825 0.5256666666666666 0.02525 0.046 
0 0.529 0.5646666666666667 0.01775 0.043 
0 0.48325 0.48 0.024 0.04 
0 0.3835 0.4186666666666667 0.0225 0.033666666666666664 
0 0.681 0.39266666666666666 0.022 0.030666666666666665 
0 0.275 0.5353333333333333 0.0125 0.036333333333333336 
0 0.628 0.24466666666666667 0.011 0.025666666666666667 
0 0.32975 0.5063333333333333 0.0215 0.036 
0 0.45675 0.47 0.032 0.03233333333333333 
0 0.40025 0.49833333333333335 0.018 0.03266666666666666 
0 0.56275 0.567 0.02275 0.054 
0 0.42125 0.23033333333333333 0.023 0.019333333333333334 
0 0.64025 0.5063333333333333 0.0245 0.03166666666666667 
0 0.61275 0.2866666666666667 0.0335 0.019666666666666666 
0 0.68475 0.479 0.031 0.03 
0 0.7085 0.475 0.01825 0.035 
0 0.707 0.355 0.027 0.024333333333333332 
0 0.4505 0.261 0.0185 0.024666666666666667 
0 0.93375 0.4053333333333333 0.03525 0.03166666666666667 
0 0.67875 0.5933333333333334 0.02675 0.04533333333333334 
0 0.2395 0.271 0.024 0.025 
0 0.49025 0.32566666666666666 0.03175 0.017 
0 0.2625 0.5343333333333333 0.0155 0.038 
0 0.0395 0.30333333333333334 0.02775 0.013666666666666667 
0 0.1925 0.5016666666666667 0.03275 0.018666666666666668 
0 0.2495 0.25366666666666665 0.026 0.019333333333333334 
0 0.57075 0.5106666666666667 0.03325 0.026 
0 0.8805 0.35 0.025 0.025 
0 0.557 0.259 0.021 0.020666666666666667 
0 0.30325 0.24333333333333335 0.0205 0.023333333333333334 
0 0.322 0.33066666666666666 0.0295 0.018 
0 0.60075 0.54 0.02225 0.03 
0 0.63025 0.326 0.027 0.023333333333333334 
0 0.61075 0.32 0.033 0.016 
0 0.55325 0.28933333333333333 0.0225 0.015 
0 0.5995 0.306 0.02625 0.017666666666666667 
0 0.85375 0.48933333333333334 0.02575 0.023 
0 0.23425 0.53 0.01675 0.03266666666666666 
0 0.30475 0.297 0.021 0.017333333333333333 
0 0.69875 0.5633333333333334 0.0215 0.04 
0 0.16925 0.41933333333333334 0.0285 0.019666666666666666 
0 0.1225 0.547 0.03175 0.034 
0 0.08675 0.2813333333333333 0.022 0.027333333333333334 
0 0.772 0.30533333333333335 0.02375 0.027333333333333334 
0 0.26375 0.4746666666666667 0.03375 0.03 
0 0.3675 0.275 0.01875 0.025 
0 0.532 0.279 0.0205 0.012333333333333333 
0 0.592 0.213 0.01925 0.021 
0 0.804 0.595 0.03025 0.050666666666666665 
0 0.3465 0.4673333333333333 0.022 0.03166666666666667 
0 0.24675 0.5716666666666667 0.0305 0.021333333333333333 
0 0.38525 0.38866666666666666 0.01875 0.029666666666666668 
0 0.07375 0.49666666666666665 0.01475 0.033 
0 0.6625 0.548 0.0315 0.019 
0 0.74425 0.37766666666666665 0.01625 0.033 
0 0.21075 0.403 0.0275 0.037333333333333336 
0 0.25625 0.5063333333333333 0.01725 0.038 
0 0.56675 0.6043333333333333 0.0235 0.050666666666666665 
0 0.29425 0.5026666666666667 0.01975 0.037 
0 0.0595 0.493 0.0205 0.03233333333333333 
0 0.277 0.24766666666666667 0.0185 0.024 
0 0.51675 0.473 0.0285 0.03166666666666667 
0 0.61125 0.348 0.031 0.013333333333333334 
0 0.66225 0.5016666666666667 0.0215 0.026 
0 0.17025 0.559 0.02825 0.023666666666666666 
0 0.97875 0.5773333333333334 0.01975 0.049 
0 0.118 0.2856666666666667 0.015 0.025333333333333333 
0 0.53925 0.4766666666666667 0.0315 0.025 
0 0.8795 0.4656666666666667 0.02475 0.028 
0 0.3225 0.21533333333333332 0.01625 0.019666666666666666 
0 0.70125 0.53 0.01925 0.037 
0 0.901 0.745 0.0275 0.021666666666666667 
0 0.90125 0.43866666666666665 0.02175 0.043 
0 0.48425 0.2763333333333333 0.024 0.025333333333333333 
0 0.19925 0.44733333333333336 0.01475 0.028333333333333332 
0 0.0275 0.43533333333333335 0.017 0.035333333333333335 
0 0.63625 0.361 0.01825 0.03166666666666667 
0 0.92175 0.5283333333333333 0.02475 0.034666666666666665 
0 0.2000775 0.47633333333333333 0.030922500000000012 0.021 
0 0.391 0.2956666666666667 0.02875 0.016 
0 0.50075 0.5386666666666666 0.0285 0.021333333333333333 
0 0.93375 0.4876666666666667 0.045 0.02666666666666667 
0 0.56825 0.264 0.024 0.024333333333333332 
0 0.16475 0.53 0.0265 0.035333333333333335 
0 0.184 0.451 0.0165 0.036333333333333336 
0 0.6305 0.571 0.02 0.046 
0 0.22675 0.496 0.02075 0.031 
0 0.65675 0.245 0.02 0.018666666666666668 
0 0.837 0.5826666666666667 0.03275 0.028 
0 0.01275 0.5793333333333334 0.0275 0.047 
0 0.8765 0.5873333333333334 0.01675 0.043 
0 0.3305 0.45966666666666667 0.03 0.035333333333333335 
0 0.92975 0.5056666666666667 0.0195 0.049 
0 0.64625 0.2683333333333333 0.0235 0.024666666666666667 
0 0.33 0.5666666666666667 0.0275 0.04 
0 0.29975 0.6416666666666667 0.02275 0.048 
0 0.30175 0.282 0.02675 0.015 
0 0.0145 0.4503333333333333 0.01875 0.028666666666666667 
0 0.52325 0.22533333333333333 0.0275 0.018666666666666668 
0 0.47175 0.5113333333333333 0.0175 0.050333333333333334 
0 0.067 0.2916666666666667 0.01225 0.024 
0 0.811 0.34833333333333333 0.02075 0.034 
0 0.61575 0.532 0.02625 0.036 
0 0.62 0.37466666666666665 0.01925 0.034 
0 0.6595 0.2733333333333333 0.01775 0.026333333333333334 
0 0.68175 0.316 0.03425 0.016666666666666666 
0 0.62125 0.48033333333333333 0.017 0.024333333333333332 
0 0.3555 0.2956666666666667 0.02275 0.01633333333333333 
0 0.779 0.6196666666666667 0.03375 0.04666666666666667 
0 0.77525 0.5156666666666667 0.0145 0.044333333333333336 
0 0.54025 0.5736666666666667 0.018 0.05366666666666667 
0 0.6015 0.237 0.017 0.027666666666666666 
0 0.50175 0.25666666666666665 0.01475 0.024 
0 0.636 0.232 0.0185 0.016 
0 0.3715 0.25233333333333335 0.0145 0.02 
0 0.67525 0.507 0.0335 0.027333333333333334 
0 0.34225 0.22033333333333333 0.02225 0.017333333333333333 
0 0.50025 0.19833333333333333 0.0155 0.018 
0 0.3205 0.5993333333333334 0.03975 0.026333333333333334 
0 0.5165 0.49933333333333335 0.03575 0.015333333333333332 
0 0.56275 0.22266666666666668 0.01725 0.017666666666666667 
0 0.524 0.2613333333333333 0.01475 0.022333333333333334 
0 0.80275 0.486 0.01825 0.034666666666666665 
0 0.286 0.4806666666666667 0.01425 0.023666666666666666 
0 0.31 0.25166666666666665 0.032 0.018 
0 0.75125 0.5483333333333333 0.0295 0.022 
0 0.473 0.39966666666666667 0.016 0.041666666666666664 
0 0.76675 0.26966666666666667 0.031 0.021333333333333333 
0 0.82325 0.602 0.02525 0.050333333333333334 
0 0.61825 0.5013333333333333 0.01875 0.035666666666666666 
0 0.513 0.256 0.01475 0.023 
0 0.09725 0.37033333333333335 0.02 0.03966666666666667 
0 0.9305 0.5573333333333333 0.01625 0.05266666666666667 
0 0.615 0.23333333333333334 0.02 0.02 
0 0.887 0.3933333333333333 0.0305 0.036 
0 0.24125 0.466 0.024 0.026 
0 0.66 0.447 0.01725 0.035666666666666666 
0 0.63075 0.27366666666666667 0.0175 0.02033333333333333 
0 0.68475 0.2866666666666667 0.0145 0.024333333333333332 
0 0.906 0.504 0.0175 0.03666666666666667 
0 0.21075 0.25 0.01475 0.020666666666666667 
0 0.76825 0.561 0.03125 0.025 
0 0.5335 0.25366666666666665 0.02175 0.013333333333333334 
0 0.68275 0.265 0.014 0.018666666666666668 
0 0.04825 0.4483333333333333 0.0245 0.03766666666666667 
0 0.476 0.45766666666666667 0.03875 0.026 
0 0.76225 0.4886666666666667 0.02275 0.022333333333333334 
0 0.42375 0.5146666666666667 0.0185 0.049 
0 0.91675 0.5396666666666666 0.0155 0.046 
0 0.6705 0.533 0.03225 0.020666666666666667 
0 0.0 0.433 0.025 0.025333333333333333 
0 0.90375 0.558 0.018 0.037 
0 -0.0010025 0.35613333333333336 0.014625 0.038323333333333265 
0 0.0172475 0.37746 0.0214975 0.0336566666666666 
0 0.0004975 0.41211666666666663 0.021 0.020330000000000004 
0 0.04237 0.4311133333333333 0.01125 0.03749000000000001 
0 0.05687 0.4039533333333333 0.024875000000000008 0.03282333333333334 
0 0.051745 0.42878 0.016500000000000008 0.03282666666666667 
0 0.06474500000000001 0.43877666666666665 0.02625 0.020663333333333336 
0 0.006997499999999999 0.4681033333333333 0.0284975 0.04299000000000001 
0 0.087245 0.36646333333333336 0.01775 0.0396566666666666 
0 0.0122475 0.4681033333333333 0.037497499999999996 0.046653333333333345 
0 0.019497499999999997 0.4769333333333333 0.032497500000000006 0.03199333333333334 
0 -0.0002525 0.4880966666666667 0.0075 0.03865666666666667 
0 -0.0002525 0.4596166666666666 0.00775 0.028660000000000005 
0 0.057995 0.45977999999999997 0.020500000000000008 0.03915666666666667 
0 0.072745 0.4531166666666666 0.0165 0.035156666666666676 
0 0.08012000000000001 0.46027999999999997 0.026375 0.03565666666666668 
0 0.084495 0.4722766666666666 0.031 0.041990000000000006 
0 0.130745 0.43411999999999995 0.020125 0.03782333333333334 
0 0.14962 0.4266233333333333 0.02775 0.034323333333333345 
0 0.09862 0.49660333333333334 0.018875 0.035160000000000004 
0 0.08537 0.5127666666666667 0.019375 0.02349333333333334 
0 0.055497500000000005 0.5166 0.020497500000000002 0.03565666666666668 
0 0.047747500000000005 0.49610333333333334 0.022747500000000004 0.03449333333333334 
0 0.0182475 0.5014366666666666 0.023750000000000004 0.03499000000000001 
0 0.006997499999999999 0.5394266666666666 0.023875 0.03982333333333334 
0 -0.00067 0.5758066666666667 0.026125 0.02749333333333334 
0 0.09983 0.5394833333333333 0.017375 0.047653333333333346 
0 0.091455 0.5143233333333334 0.0255 0.05381666666666668 
0 0.115705 0.5246533333333333 0.016250000000000014 0.05132000000000001 
0 0.17987 0.38369 0.016 0.03782333333333334 
0 0.19087 0.3868566666666666 0.019625 0.04065333333333335 
0 0.1765775 0.4725 0.019625 0.029660000000000006 
0 0.17620249999999998 0.50016 0.01575 0.04215333333333335 
0 0.13920500000000002 0.48266333333333333 0.024372499999999974 0.028826666666666674 
0 0.14458000000000001 0.47583333333333333 0.03362249999999997 0.03782333333333334 
0 0.14883000000000002 0.49349333333333334 0.03249749999999997 0.030993333333333338 
0 0.1559525 0.5043233333333333 0.023375 0.031160000000000007 
0 0.19032749999999998 0.5231533333333334 0.016 0.041323333333333344 
0 0.18912 0.48827333333333334 0.034375 0.019660000000000007 
0 0.21324500000000002 0.4429533333333333 0.020125 0.03699000000000001 
0 0.22137 0.42228999999999994 0.018375 0.03765666666666668 
0 0.234745 0.43428666666666665 0.016875 0.03332666666666667 
0 0.247495 0.43528666666666666 0.012625 0.034656666666666676 
0 0.23262 0.4576133333333333 0.018875 0.02399333333333334 
0 0.261495 0.43561999999999995 0.018 0.04532333333333334 
0 0.30612 0.4081266666666667 0.020625 0.039489999999999935 
0 0.28912 0.44794999999999996 0.023125 0.02949333333333334 
0 0.29887 0.45594666666666667 0.020375 0.04732333333333334 
0 0.27687 0.49443666666666664 0.019625 0.041990000000000006 
0 0.24787 0.52593 0.015 0.04099000000000001 
0 0.32812 0.4461733333333333 0.029872500000000003 0.029160000000000005 
0 0.3463675 0.4131833333333333 0.012875 0.033656666666666675 
0 0.3558675 0.43351 0.0235 0.02932666666666667 
0 0.3638675 0.44634 0.031375 0.041823333333333344 
0 0.3794925 0.44884 0.028625 0.03082333333333334 
0 0.283245 0.5338166666666667 0.01975 0.042656666666666676 
0 0.310495 0.5071566666666667 0.0205 0.04832000000000001 
0 0.323995 0.5546433333333334 0.021622500000000003 0.035160000000000004 
0 0.37324250000000003 0.5408133333333334 0.02075 0.025160000000000005 
0 0.3933675 0.5126566666666666 0.02725 0.04232000000000001 
0 0.3833675 0.4874966666666667 0.013625 0.03765666666666668 
0 0.3988275 0.36047333333333337 0.021 0.034156666666666675 
0 0.39557749999999997 0.4442833333333333 0.017125 0.041990000000000006 
0 0.4099525 0.44511666666666666 0.019625 0.04415666666666668 
0 0.4293275 0.43761999999999995 0.0192475 0.03499000000000001 
0 0.4302025 0.4729433333333333 0.0231225 0.042156666666666676 
0 0.4083275 0.4709433333333333 0.0424975 0.03299333333333334 
0 0.453575 0.48194 0.02675 0.03416 
0 0.450825 0.49593666666666664 0.02375 0.029660000000000006 
0 0.4879925 0.41878999999999994 0.01925 0.036993333333333336 
0 0.5044925 0.4126266666666667 0.024249999999999942 0.039989999999999935 
0 0.5102425 0.4399533333333333 0.021249999999999943 0.03782333333333334 
0 0.43766000000000005 0.5114333333333333 0.024375 0.04798666666666668 
0 0.44791000000000003 0.5119333333333334 0.023 0.03216000000000001 
0 0.48803500000000005 0.5205966666666667 0.016 0.03299333333333334 
0 0.497535 0.48860666666666663 0.018874999999999944 0.04798666666666668 
0 0.457785 0.5519233333333333 0.020625 0.04832000000000001 
0 0.47216 0.5562566666666666 0.01525 0.04065333333333335 
0 0.484785 0.54226 0.015125 0.05431666666666668 
0 0.50341 0.5605866666666667 0.016499999999999942 0.03882333333333334 
0 0.51616 0.5122666666666666 0.03387250000000006 0.019826666666666673 
0 0.5467825000000001 0.49693666666666664 0.018875 0.04382333333333334 
0 0.5601575 0.5069333333333333 0.016375 0.03832333333333334 
0 0.5752825 0.5272633333333333 0.018125 0.03765666666666668 
0 0.5794075000000001 0.5497566666666667 0.02375 0.06098333333333335 
0 0.5471575000000001 0.53826 0.0215 0.03599000000000001 
0 0.5247825 0.5320933333333333 0.019625 0.040156666666666674 
0 0.5899075 0.49560333333333334 0.02975 0.020663333333333336 
0 0.6488250000000001 0.5551433333333333 0.018875 0.04948666666666668 
0 0.6342000000000001 0.48683 0.021875 0.04948666666666668 
0 0.5949500000000001 0.4605033333333333 0.01575 0.034656666666666676 
0 0.577075 0.44350666666666666 0.021375 0.03565666666666668 
0 0.5745750000000001 0.41828999999999994 0.026 0.03266000000000001 
0 0.656825 0.4727233333333334 0.01775 0.03749000000000001 
0 0.693075 0.44406333333333337 0.021122499999999947 0.04198666666666668 
0 0.7145724999999999 0.48172000000000004 0.025125 0.032656666666666674 
0 0.7384475 0.4642233333333334 0.026125 0.03915666666666667 
0 0.7348225 0.49488333333333334 0.035375 0.026826666666666672 
0 0.7271974999999999 0.4972166666666667 0.021375 0.05281666666666661 
0 0.7464475 0.5077133333333333 0.016625 0.04631999999999994 
0 0.7225725 0.41257 0.022 0.03899000000000001 
0 0.6867000000000001 0.42190333333333335 0.021625 0.023660000000000007 
0 0.71899 0.5117666666666667 0.020125 0.03682333333333334 
0 0.71749 0.5364266666666666 0.017375 0.040156666666666674 
0 0.68949 0.5497566666666667 0.0165 0.05282000000000001 
0 0.732865 0.53376 0.01675 0.05082000000000001 
0 0.72149 0.57275 0.0235 0.055153333333333346 
0 0.75524 0.5622533333333334 0.0465 0.05148666666666668 
0 0.757865 0.57825 0.025375 0.04482000000000001 
0 0.70124 0.59358 0.02025 0.04998666666666668 
0 0.71724 0.59941 0.01825 0.04582333333333334 
0 0.78149 0.47994333333333333 0.022 0.03665666666666668 
0 0.78524 0.5129333333333334 0.021 0.058650000000000015 
0 0.81099 0.5164333333333333 0.027 0.05565000000000001 
0 0.79974 0.5499233333333333 0.021375 0.04698666666666668 
0 0.8178650000000001 0.5677533333333333 0.025375 0.04365333333333334 
0 0.82274 0.5652533333333334 0.035375 0.02749333333333334 
0 0.83549 0.5547566666666667 0.02 0.020660000000000005 
0 0.819365 0.5095999999999999 0.027625 0.05098666666666668 
0 0.82524 0.5089333333333333 0.02625 0.040656666666666674 
0 0.83874 0.49477 0.0225 0.041323333333333344 
0 0.86049 0.49993666666666664 0.0255 0.033156666666666675 
0 0.84624 0.53476 0.01675 0.03249333333333334 
0 0.85824 0.5302633333333333 0.0175 0.04065333333333335 
0 0.86749 0.5600866666666666 0.029375 0.025660000000000006 
0 0.88424 0.5136 0.022497499999999945 0.046653333333333345 
0 0.828865 0.44061999999999996 0.026 0.045986666666666676 
0 0.84574 0.42894666666666664 0.022625 0.03833333333333333 
0 0.79224 0.43811 0.01825 0.04515666666666668 
0 0.77674 0.42744666666666664 0.021125 0.044653333333333343 
0 0.84599 0.59429 0.034 0.061153333333333344 
0 0.8637400000000001 0.5986233333333333 0.030747499999999945 0.06131666666666668 
0 0.9004475 0.4856533333333333 0.021375 0.024326666666666674 
0 0.9225725 0.43533333333333335 0.0195 0.046486666666666676 
0 0.9363225 0.49998333333333334 0.022 0.03499000000000001 
0 0.9696125 0.49404 0.016375 0.035156666666666676 
0 0.9816125 0.49820666666666663 0.01875 0.044653333333333343 
0 0.9684875 0.5268633333333334 0.028625 0.05248666666666668 
0 0.9534874999999999 0.53353 0.032625 0.045153333333333344 
0 0.9902375 0.5435266666666666 0.010375 0.04748666666666668 
0 0.9573925000000001 0.7536533333333334 0.03925 0.0386566666666666 
0 0.9681425 0.7743166666666667 0.0305 0.04932000000000001 
0 0.6027899999999999 0.8044266666666667 0.05803250000000003 0.061883333333333214 
0 0.322365 0.23320666666666667 0.0275 0.018660000000000006 
0 0.246865 0.24687 0.025625 0.022160000000000006 
0 0.32099 0.27769333333333335 0.027375 0.023826666666666635 
0 0.35924 0.22804 0.03 0.020160000000000008 
0 0.37949 0.28236 0.017 0.027826666666666635 
0 0.39749 0.27319333333333334 0.0175 0.025326666666666636 
0 0.41674 0.28619 0.01975 0.03382666666666664 
0 0.43449 0.2578666666666667 0.011875 0.03299000000000001 
0 0.35999000000000003 0.31851666666666667 0.04125 0.01849333333333334 
0 0.43199 0.3348466666666667 0.01825 0.03832333333333334 
0 0.448115 0.3008533333333333 0.013875 0.026660000000000007 
0 0.45649 0.24070333333333332 0.012875 0.02749333333333334 
0 0.46724 0.2508666666666667 0.016625 0.023660000000000007 
0 0.46924 0.2562 0.01875 0.025660000000000006 
0 0.482115 0.2497 0.020497500000000002 0.03249333333333334 
0 0.4941125 0.25653333333333334 0.01525 0.02799333333333334 
0 0.5144475 0.21237666666666666 0.017375 0.02599333333333334 
0 0.5443225 0.24287 0.018 0.025160000000000005 
0 0.5601975 0.23620333333333335 0.017375 0.027660000000000007 
0 0.5725725 0.22037666666666667 0.017 0.019326666666666673 
0 0.5873225 0.21904333333333334 0.014625 0.030656666666666676 
0 0.5815724999999999 0.24303666666666668 0.016625 0.018660000000000006 
0 0.54874 0.28147 0.025372499999999944 0.016830000000000005 
0 0.520615 0.2988 0.022375 0.029660000000000006 
0 0.53224 0.3149633333333333 0.019 0.035656666666666635 
0 0.554615 0.3417866666666666 0.018122499999999944 0.02599333333333334 
0 0.5767374999999999 0.3231266666666667 0.017625 0.03798999999999997 
0 0.5918625 0.3514533333333333 0.016375 0.034823333333333345 
0 0.5936125 0.29246666666666665 0.025125 0.014830000000000003 
0 0.6509874999999999 0.23981666666666668 0.012875 0.02898999999999997 
0 0.6652374999999999 0.25981 0.01925 0.01449666666666667 
0 0.675995 0.27024000000000004 0.0121875 0.02074666666666667 
0 0.6685575 0.2807366666666667 0.0173125 0.035910000000000004 
0 0.6529475 0.32250666666666666 0.01375 0.033990000000000006 
0 0.6621975 0.31167666666666666 0.01375 0.03832333333333334 
0 0.6686975 0.3133433333333333 0.02125 0.03715666666666668 
0 0.6869475 0.32900666666666667 0.025875 0.03549000000000001 
0 0.7164475 0.3256733333333333 0.01899750000000006 0.03232333333333334 
0 0.6543225 0.3579966666666667 0.019375 0.03699000000000001 
0 0.6679475 0.36666333333333334 0.0225 0.024160000000000004 
0 0.7059475 0.37566 0.02399750000000006 0.03882333333333334 
0 0.7061124999999999 0.28479333333333334 0.0155 0.02799333333333334 
0 0.7284875 0.28079666666666664 0.014875 0.03499000000000001 
0 0.7394875 0.29162666666666665 0.013875 0.03099000000000001 
0 0.7436125 0.28163 0.016625 0.01782666666666667 
0 0.7512375 0.29679 0.016375 0.040656666666666674 
0 0.7553624999999999 0.29029333333333335 0.024125 0.03149000000000001 
0 0.7556124999999999 0.2654666666666667 0.017 0.02749333333333334 
0 0.7743625 0.3469466666666666 0.01775 0.03182333333333334 
0 0.7971125 0.36410666666666663 0.021125 0.03665666666666668 
0 0.8028624999999999 0.3594433333333333 0.0255 0.03565666666666668 
0 0.9058200000000001 0.36644 0.024375 0.040156666666666674 
0 0.9456950000000001 0.3921 0.02075 0.03665666666666668 
0 0.96457 0.4135933333333333 0.035372499999999946 0.03865666666666667 
0 0.984195 0.44442 0.016872499999999947 0.020826666666666674 
0 0.8806124999999999 0.4905833333333333 0.02287250000000006 0.03865666666666667 
0 0.1240625 0.28845333333333334 0.01725 0.029656666666666675 
0 0.0787825 0.28456 0.01325 0.024163333333333335 
0 0.153 0.3088033333333333 0.03225 0.020326666666666673 
