0 0.3569078947368421 0.2954248903508772 0.017269736842105265 0.010825109649122809 
0 0.007766812865497076 0.34196820175438597 0.010599415204678362 0.006853070175438596 
0 0.8400036549707602 0.41324013157894735 0.01206140350877193 0.010964912280701754 
0 0.7162828947368421 0.4354440789473684 0.004568713450292397 0.010416666666666666 
0 0.6983735380116959 0.4379111842105263 0.015350877192982455 0.010416666666666666 
0 0.7586805555555556 0.4409265350877193 0.008771929824561403 0.011239035087719298 
0 0.7186586257309941 0.44449013157894735 0.00712719298245614 0.017543859649122806 
0 0.28609283625730997 0.44750548245614036 0.006578947368421052 0.015350877192982455 
0 0.7045869883040936 0.44887609649122806 0.010599415204678362 0.008223684210526315 
0 0.7566703216374269 0.4527138157894737 0.011513157894736841 0.02549342105263158 
0 0.6504934210526315 0.4603892543859649 0.01699561403508772 0.020833333333333332 
0 0.1453764619883041 0.4686129385964912 0.017269736842105265 0.008262061403508799 
0 0.1592470760233918 0.4745175438596491 0.009228801169590644 0.008870614035087755 
0 0.04851973684210526 0.48807565789473684 0.014985380116959063 0.01069078947368421 
0 0.15213815789473684 0.49575109649122806 0.01023391812865497 0.013050986842105235 
0 0.0377375730994152 0.49712171052631576 0.011878654970760233 0.021107456140350877 
0 0.14226973684210525 0.5075383771929824 0.008223684210526315 0.014802631578947368 
0 0.055281432748538015 0.5127467105263158 0.01425438596491228 0.01699561403508772 
0 0.07465277777777778 0.5138432017543859 0.011330409356725146 0.01206140350877193 
0 0.15232090643274854 0.5141173245614035 0.010051169590643274 0.012335526315789474 
0 0.7060489766081871 0.5141173245614035 0.00712719298245614 0.014802631578947368 
0 0.9538559941520468 0.5141173245614035 0.020650584795321638 0.02138157894736842 
0 0.9576937134502924 0.5319353070175439 0.02101608187134503 0.01864035087719298 
0 0.9653691520467836 0.5152138157894737 0.01864035087719298 0.01425438596491228 
0 0.7864583333333334 0.5217927631578947 0.022112573099415205 0.014802631578947368 
0 0.8041849415204678 0.5248081140350878 0.01114766081871345 0.022203947368421052 
0 0.9353983918128655 0.5280975877192983 0.015533625730994151 0.022203947368421052 
0 0.9339364035087719 0.5346765350877193 0.01699561403508772 0.02549342105263158 
0 0.9158442982456141 0.5308388157894737 0.023574561403508772 0.023848684210526317 
0 0.8997624269005848 0.5322094298245614 0.020650584795321638 0.020285087719298246 
0 0.9143823099415205 0.5352247807017544 0.01864035087719298 0.023848684210526317 
0 0.9514802631578947 0.5368695175438597 0.008589181286549707 0.023848684210526317 
0 0.8802083333333334 0.5376918859649122 0.01864035087719298 0.021107456140350877 
0 0.8961074561403509 0.5574287280701754 0.014802631578947368 0.012609649122807017 
0 0.8992141812865497 0.5401589912280702 0.01864035087719298 0.019736842105263157 
0 0.8928179824561403 0.5412554824561403 0.021747076023391813 0.02055921052631579 
0 0.834703947368421 0.5426260964912281 0.02415387426900586 0.01644736842105263 
0 0.8411001461988304 0.5519462719298246 0.013737207602339195 0.017269736842105265 
0 0.767452485380117 0.545641447368421 0.018092105263157895 0.026589912280701754 
0 0.8708881578947368 0.5453673245614035 0.014437134502923976 0.02905701754385965 
0 0.731999269005848 0.5459155701754386 0.011513157894736841 0.023026315789473683 
0 0.3858735380116959 0.5467379385964912 0.018548976608187134 0.01174616228070173 
0 0.3601206140350877 0.5472861842105263 0.01381396198830412 0.016850328947368366 
0 0.346202485380117 0.5543037280701754 0.01574561403508769 0.0211924342105263 
0 0.8813048245614035 0.548108552631579 0.01644736842105263 0.024945175438596492 
0 0.19490131578947367 0.5486567982456141 0.017178362573099414 0.01069078947368421 
0 0.2647112573099415 0.5474972587719298 0.014497441520467823 0.028571820175438602 
0 0.25922880116959063 0.5538651315789473 0.009791666666666653 0.018914473684210526 
0 0.2966922514619883 0.5489309210526315 0.012244152046783625 0.011513157894736841 
0 0.21975511695906433 0.5492050438596491 0.022995248538011683 0.017269736842105265 
0 0.22648574561403506 0.5541419956140351 0.019585160818713462 0.011510416666666669 
0 0.22753654970760231 0.5629139254385965 0.016524122807017556 0.01315515350877187 
0 0.22505482456140352 0.5700383771929824 0.01644736842105263 0.01069078947368421 
0 0.3451206140350877 0.5500274122807017 0.015350877192982455 0.019462719298245616 
0 0.8292214912280702 0.5503015350877193 0.019736842105263157 0.023026315789473683 
0 0.2895650584795322 0.5511239035087719 0.009716739766081884 0.02478070175438599 
0 0.2798793859649123 0.5528865131578947 0.010614035087719286 0.025030153508771854 
0 0.27658991228070173 0.5736677631578947 0.014985380116959063 0.018848684210526375 
0 0.27786915204678364 0.5831962719298246 0.01023391812865497 0.018092105263157895 
0 0.33452119883040937 0.5524945175438597 0.010964912280701754 0.018914473684210526 
0 0.2482638888888889 0.5530427631578947 0.012944078947368407 0.014802631578947368 
0 0.6588998538011696 0.5533168859649122 0.021198830409356724 0.01343201754385965 
0 0.3601059941520468 0.5532620614035088 0.017013888888888874 0.014440789473684228 
0 0.9185855263157895 0.5535910087719298 0.02138157894736842 0.021655701754385966 
0 0.2735891812865497 0.5533196271929824 0.01091922514619883 0.01199013157894737 
0 0.3204495614035088 0.5541392543859649 0.009868421052631578 0.017543859649122806 
0 0.7466191520467836 0.5546875 0.013523391812865496 0.027412280701754384 
0 0.9335709064327485 0.5552357456140351 0.017543859649122806 0.01836622807017544 
0 0.21134868421052633 0.5555098684210527 0.010051169590643274 0.018914473684210526 
0 0.1766264619883041 0.5728947368421052 0.011513157894736841 0.020690789473684214 
0 0.20818165204678363 0.5741502192982456 0.01069078947368421 0.022223135964912325 
0 0.17242324561403508 0.5790844298245614 0.006396198830409356 0.007949561403508772 
0 0.15981359649122806 0.5831962719298246 0.011407163742690051 0.018914473684210526 
0 0.16456505847953215 0.5862116228070176 0.018563596491228077 0.012787828947368445 
0 0.2171966374269006 0.5864172149122807 0.008969298245614021 0.02172423245614035 
0 0.2084247076023392 0.592516447368421 0.010264985380116972 0.015899122807017545 
0 0.18283991228070176 0.5927905701754386 0.009868421052631578 0.01617324561403509 
0 0.1633095760233918 0.5947094298245614 0.019347587719298245 0.012335526315789474 
0 0.18174342105263158 0.5974506578947368 0.00712719298245614 0.014224232456140316 
0 0.2093987573099415 0.6023848684210527 0.010599415204678362 0.010271381578947313 
0 0.17754020467836257 0.6054002192982456 0.010051169590643274 0.025219298245614034 
0 0.17309393274853802 0.6067708333333334 0.005230263157894738 0.015312500000000034 
0 0.18620614035087718 0.608141447368421 0.009608918128654978 0.028703399122807026 
0 0.17808845029239767 0.6286239035087718 0.01206140350877193 0.04099232456140362 
0 0.18868786549707603 0.635827850877193 0.01195540935672516 0.02488212719298245 
0 0.3871527777777778 0.5546491228070175 0.023391812865497075 0.01813048245614038 
0 0.37838084795321636 0.5563322368421053 0.007675438596491228 0.02081140350877195 
0 0.8259320175438597 0.5566063596491229 0.016264619883040937 0.018914473684210526 
0 0.15323464912280702 0.557702850877193 0.019371345029239765 0.016721491228070175 
0 0.17388523391812866 0.557702850877193 0.020650584795321638 0.019462719298245616 
0 0.18448464912280702 0.5568421052631579 0.018488669590643287 0.020211074561403575 
0 0.7574013157894737 0.5582510964912281 0.010051169590643274 0.01864035087719298 
0 0.30564692982456143 0.5582510964912281 0.008589181286549707 0.018914473684210526 
0 0.19636330409356725 0.5590734649122807 0.014071637426900584 0.013980263157894737 
0 0.2961750730994152 0.5587774122807018 0.012883771929824562 0.020032894736842086 
0 0.1720577485380117 0.5593475877192983 0.009625365497076016 0.01343201754385965 
0 0.16383406432748537 0.5656524122807017 0.008771929824561403 0.018525219298245594 
0 0.6828399122807017 0.5593475877192983 0.012975146198830409 0.013157894736842105 
0 0.3703545321637427 0.5601699561403509 0.012838084795321638 0.027483552631579006 
0 0.3858735380116959 0.5594435307017543 0.010522660818713437 0.02105537280701753 
0 0.8162463450292398 0.5604440789473685 0.020285087719298246 0.021929824561403508 
0 0.2427046783625731 0.558390899122807 0.011695906432748537 0.02939144736842106 
0 0.33031798245614036 0.5609923245614035 0.008954678362573099 0.01918859649122807 
0 0.8089364035087719 0.5615405701754386 0.013737207602339195 0.019344846491228116 
0 0.9099963450292398 0.561266447368421 0.019554093567251463 0.015076754385964912 
0 0.9162097953216374 0.5705866228070176 0.017543859649122806 0.024945175438596492 
0 0.4114583333333333 0.5615707236842106 0.010325292397660819 0.016143092105263122 
0 0.43740862573099415 0.5619133771929825 0.010736476608187134 0.017719298245614 
0 0.4422514619883041 0.5656825657894737 0.009091739766081871 0.01877192982456141 
0 0.638249269005848 0.5634594298245614 0.011878654970760233 0.014802631578947368 
0 0.6671235380116959 0.5631853070175439 0.011878654970760233 0.024945175438596492 
0 0.6939875730994152 0.5629111842105263 0.006944444444444444 0.02549342105263158 
0 0.42041301169590645 0.5634594298245614 0.00712719298245614 0.01781798245614035 
0 0.3092872807017544 0.562576754385965 0.01206140350877193 0.026652960526315793 
0 0.6581688596491229 0.563733552631579 0.011695906432748537 0.011239035087719298 
0 0.704952485380117 0.5640076754385965 0.012426900584795321 0.01699561403508772 
0 0.27202119883040937 0.563733552631579 0.010111476608187122 0.02226699561403509 
0 0.3525986842105263 0.5634210526315789 0.02078764619883041 0.01347039473684207 
0 0.34365862573099415 0.5716831140350878 0.01023391812865497 0.02850877192982456 
0 0.3502065058479532 0.5749725877192983 0.011695906432748537 0.022820723684210526 
0 0.3614766081871345 0.5750685307017543 0.012335526315789474 0.011236293859649188 
0 0.35900219298245617 0.5806770833333333 0.010241228070175431 0.023352521929824576 
0 0.3526133040935672 0.586329495614035 0.007675438596491228 0.024004934210526362 
0 0.36915204678362573 0.5948245614035088 0.011467470760233918 0.015208333333333338 
0 0.36015168128654973 0.6010581140350877 0.019142909356725146 0.01832236842105267 
0 0.3559027777777778 0.6097861842105263 0.005025584795321637 0.008223684210526315 
0 0.3586440058479532 0.610608552631579 0.014619883040935672 0.013706140350877192 
0 0.3665021929824561 0.6163815789473684 0.015716374269005847 0.022187500000000016 
0 0.3519426169590643 0.6169298245614034 0.020330774853801168 0.021170504385964916 
0 0.42699195906432746 0.5651343201754386 0.010553728070175438 0.018018092105263162 
0 0.7148209064327485 0.5662006578947368 0.010416666666666666 0.02055921052631579 
0 0.6797331871345029 0.5659265350877193 0.012609649122807017 0.00932017543859649 
0 0.6766264619883041 0.5692160087719298 0.014071637426900584 0.010416666666666666 
0 0.2509283625730994 0.565515350877193 0.0158698830409357 0.026239035087719242 
0 0.7599597953216374 0.5675712719298246 0.012975146198830409 0.021655701754385966 
0 0.20347587719298246 0.5669133771929824 0.00849780701754386 0.02500548245614042 
0 0.9010416666666666 0.5686677631578947 0.0222953216374269 0.022478070175438597 
0 0.12966008771929824 0.5694901315789473 0.02284356725146199 0.018092105263157895 
0 0.3159119152046784 0.5673053728070176 0.008954678362573099 0.018634868421052636 
0 0.33379020467836257 0.5708607456140351 0.014437134502923976 0.023574561403508772 
0 0.5834247076023392 0.5760690789473685 0.010599415204678362 0.013706140350877192 
0 0.5836074561403509 0.588952850877193 0.009685672514619883 0.00932017543859649 
0 0.18759137426900585 0.5716831140350878 0.007858187134502924 0.022203947368421052 
0 0.19525219298245616 0.5697231359649123 0.010462353801169591 0.02466282894736849 
0 0.5549926900584795 0.5702576754385965 0.019554093567251463 0.020485197368421058 
0 0.6528691520467836 0.5719572368421053 0.02046783625730994 0.012883771929824562 
0 0.3250182748538012 0.5710032894736842 0.012138157894736856 0.02096491228070176 
0 0.15268640350877194 0.5715762061403509 0.011970029239766082 0.025762061403508778 
0 0.3999451754385965 0.5730537280701754 0.014071637426900584 0.015625 
0 0.41191520467836257 0.5748273026315789 0.013249269005847953 0.022349232456140407 
0 0.39354897660818716 0.5823739035087719 0.0133406432748538 0.017543859649122806 
0 0.41694078947368424 0.582922149122807 0.011878654970760233 0.024945175438596492 
0 0.4078033625730994 0.5859375 0.007492690058479532 0.01617324561403509 
0 0.4216922514619883 0.5900493421052632 0.008954678362573099 0.03180921052631578 
0 0.3931688596491228 0.5958059210526315 0.011527777777777765 0.023300438596491228 
0 0.40670687134502925 0.5979989035087719 0.0062134502923976605 0.007675438596491228 
0 0.4022295321637427 0.5996436403508771 0.0061220760233918125 0.008146929824561349 
0 0.4136513157894737 0.6004660087719298 0.011330409356725146 0.029331140350877194 
0 0.40561038011695905 0.6049588815789473 0.01081323099415206 0.0158936403508772 
0 0.3829495614035088 0.6119243421052633 0.01918859649122807 0.01904879385964906 
0 0.4187682748538012 0.6169133771929824 0.011878654970760233 0.025767543859649123 
0 0.4072551169590643 0.618952850877193 0.008223684210526315 0.013530701754385999 
0 0.41395650584795324 0.6199287280701754 0.005908260233918115 0.016271929824561437 
0 0.40542763157894735 0.6234923245614035 0.01621893274853801 0.02511239035087723 
0 0.62015716374269 0.5738760964912281 0.010964912280701754 0.02631578947368421 
0 0.8860562865497076 0.5738760964912281 0.020285087719298246 0.01918859649122807 
0 0.8957419590643275 0.5741502192982456 0.020833333333333332 0.025219298245614034 
0 0.8396381578947368 0.5746984649122807 0.021747076023391813 0.024945175438596492 
0 0.2654568713450292 0.5742845394736842 0.01253472222222225 0.020485197368421058 
0 0.14418859649122806 0.5748656798245615 0.010553728070175438 0.01978344298245616 
0 0.301078216374269 0.5752521929824561 0.009579678362573113 0.023294956140350882 
0 0.2899305555555556 0.5916419956140351 0.014057017543859662 0.013840460526315854 
0 0.2895650584795322 0.6032072368421053 0.00712719298245614 0.025767543859649123 
0 0.281875 0.6064967105263158 0.007949561403508772 0.025293311403508767 
0 0.5249451754385965 0.5749671052631579 0.011193347953216375 0.01719572368421053 
0 0.8579130116959064 0.5763432017543859 0.017909356725146198 0.021929824561403508 
0 0.38203581871345027 0.576891447368421 0.01595942982456139 0.015186403508771954 
0 0.44435307017543857 0.577157346491228 0.01206140350877193 0.025227521929824616 
0 0.4301900584795322 0.5862116228070176 0.007401315789473684 0.024945175438596492 
0 0.43608369883040937 0.5908717105263158 0.011558845029239767 0.026195175438596476 
0 0.4430738304093567 0.6021107456140351 0.009685672514619883 0.015076754385964912 
0 0.4369517543859649 0.6149945175438597 0.01104166666666668 0.025767543859649123 
0 0.44887609649122806 0.5774396929824561 0.015762061403508772 0.026970942982456104 
0 0.5192799707602339 0.5747615131578947 0.010508040935672515 0.024320175438596436 
0 0.2340095029239766 0.5772313596491228 0.01710160818713449 0.02625000000000006 
0 0.24022295321637427 0.5851151315789473 0.015716374269005847 0.019736842105263157 
0 0.23949926900584795 0.5969544956140351 0.017156432748538033 0.02387883771929828 
0 0.22706505847953215 0.6019353070175439 0.017870979532163735 0.01496984649122798 
0 0.43288559941520466 0.5767132675438597 0.013294956140350877 0.016099232456140356 
0 0.6305738304093568 0.5788103070175439 0.009868421052631578 0.019462719298245616 
0 0.5095942982456141 0.5779797149122806 0.012975146198830409 0.01596491228070182 
0 0.5742872807017544 0.579358552631579 0.00974597953216373 0.024956140350877183 
0 0.6497624269005848 0.579358552631579 0.010416666666666666 0.010964912280701754 
0 0.7034904970760234 0.579358552631579 0.02010233918128655 0.015350877192982455 
0 0.6800986842105263 0.5796326754385965 0.019919590643274854 0.017269736842105265 
0 0.8153326023391813 0.578966557017544 0.014742324561403522 0.01711348684210522 
0 0.5351790935672515 0.5810032894736842 0.012457967836257322 0.011787280701754386 
0 0.6594480994152047 0.5810032894736842 0.0133406432748538 0.01644736842105263 
0 0.13180738304093567 0.5812774122807017 0.017635233918128657 0.020899122807017483 
0 0.13093932748538012 0.5903234649122807 0.011558845029239767 0.01847861842105259 
0 0.4978983918128655 0.5815515350877193 0.02046783625730994 0.018092105263157895 
0 0.8860562865497076 0.5820997807017544 0.021747076023391813 0.02412280701754386 
0 0.3060124269005848 0.5814172149122807 0.020133406432748552 0.0174040570175438 
0 0.3103983918128655 0.5932017543859649 0.009625365497076037 0.03000822368421047 
0 0.5988066520467836 0.5870339912280702 0.008101242690058467 0.013980263157894737 
0 0.45614035087719296 0.5818722587719298 0.01653874269005848 0.020049342105263122 
0 0.8787463450292398 0.5837445175438597 0.019371345029239765 0.021655701754385966 
0 0.11063961988304093 0.5826754385964912 0.011558845029239767 0.02062225877192983 
0 0.7996162280701754 0.5828042763157896 0.015199195906432763 0.0201288377192982 
0 0.22395833333333334 0.5830592105263158 0.014597953216374289 0.027541118421052578 
0 0.36795687134502925 0.5845668859649122 0.015906432748538004 0.011239035087719298 
0 0.3770705409356725 0.5914199561403509 0.008072002923976621 0.011513157894736841 
0 0.5512298976608186 0.5843037280701754 0.009228801169590644 0.02178728070175439 
0 0.3209978070175439 0.584295504385965 0.008437500000000013 0.011236293859649063 
0 0.3237390350877193 0.5902110745614035 0.01137609649122807 0.02178728070175439 
0 0.3180427631578947 0.592516447368421 0.010447733918128668 0.02866228070175437 
0 0.5388340643274854 0.5845093201754386 0.013706140350877192 0.013358004385964918 
0 0.5664290935672515 0.5847121710526316 0.009122807017543873 0.014114583333333274 
0 0.5589364035087719 0.5914199561403509 0.010051169590643274 0.01521655701754392 
0 0.12033991228070176 0.5863075657894736 0.010447733918128647 0.022609649122807024 
0 0.4662828947368421 0.5875822368421053 0.0133406432748538 0.022203947368421052 
0 0.2564875730994152 0.5881304824561403 0.008223684210526315 0.02631578947368421 
0 0.4763340643274854 0.5884046052631579 0.011513157894736841 0.019736842105263157 
0 0.38514254385964913 0.5884046052631579 0.01206140350877193 0.021929824561403508 
0 0.3833150584795322 0.5999177631578947 0.01114766081871345 0.015899122807017545 
0 0.4838267543859649 0.5892269736842105 0.011513157894736841 0.02631578947368421 
0 0.709703947368421 0.5892269736842105 0.014194078947368434 0.021929824561403508 
0 0.703125 0.5903234649122807 0.012244152046783625 0.024671052631578948 
0 0.7510051169590644 0.588952850877193 0.021747076023391813 0.023574561403508772 
0 0.6371527777777778 0.5895010964912281 0.022691885964912294 0.014802631578947368 
0 0.26341739766081873 0.5886951754385965 0.008817616959064328 0.027132675438596498 
0 0.25703581871345027 0.6114309210526315 0.01069078947368421 0.02275219298245614 
0 0.45614035087719296 0.5900685307017545 0.015350877192982455 0.020827850877192987 
0 0.8760051169590644 0.5908717105263158 0.018457602339181287 0.021655701754385966 
0 0.6576206140350878 0.5919682017543859 0.017072368421052645 0.018092105263157895 
0 0.08561769005847954 0.588843201754386 0.020407529239766076 0.032543859649122875 
0 0.6824744152046783 0.5913925438596491 0.014239766081871358 0.02110197368421053 
0 0.2692799707602339 0.5936129385964912 0.00976242690058481 0.024945175438596492 
0 0.2725694444444444 0.5971765350877193 0.015350877192982455 0.024671052631578948 
0 0.2731030701754386 0.6147203947368421 0.009822733918128655 0.021929824561403508 
0 0.2646966374269006 0.6158278508771929 0.008680555555555556 0.01760690789473685 
0 0.49040570175438597 0.5918887061403509 0.01617324561403509 0.022009320175438586 
0 0.6746929824561404 0.5919407894736842 0.015305190058479532 0.017571271929824536 
0 0.33452119883040937 0.5947094298245614 0.007309941520467836 0.018092105263157895 
0 0.34177083333333336 0.5996436403508771 0.009197733918128642 0.015899122807017545 
0 0.3453033625730994 0.6006469298245614 0.010782163742690058 0.028601973684210566 
0 0.1487920321637427 0.5931249999999999 0.0078125 0.012672697368421058 
0 0.15583881578947367 0.5958991228070176 0.010012792397660812 0.019125548245614032 
0 0.1507218567251462 0.6023848684210527 0.012929459064327485 0.019462719298245616 
0 0.5212902046783626 0.5955317982456141 0.012792397660818713 0.02412280701754386 
0 0.5656980994152047 0.5955317982456141 0.008223684210526315 0.017546600877193043 
0 0.5706926169590644 0.6037554824561403 0.014559576023391826 0.021107456140350877 
0 0.5921966374269005 0.5960800438596491 0.014011330409356738 0.016406249999999976 
0 0.6183296783625731 0.5963541666666666 0.011242690058479528 0.02078399122807022 
0 0.610593932748538 0.6087801535087719 0.012609649122807017 0.017453399122807037 
0 0.5375548245614035 0.5966282894736842 0.008406432748538011 0.01206140350877193 
0 0.5329861111111112 0.6001918859649122 0.008346125730994166 0.017143640350877183 
0 0.5300621345029239 0.6138980263157895 0.0067013888888889026 0.009739583333333388 
0 0.5425493421052632 0.5941694078947369 0.013066520467836257 0.028226425438596436 
0 0.09822733918128655 0.5979989035087719 0.014650950292397654 0.029605263157894735 
0 0.1440972222222222 0.5979989035087719 0.007401315789473684 0.019736842105263157 
0 0.6938048245614035 0.5979989035087719 0.012244152046783625 0.019736842105263157 
0 0.6996527777777778 0.5979989035087719 0.00804093567251462 0.015350877192982455 
0 0.2959466374269006 0.6021107456140351 0.011847587719298232 0.023215460526315804 
0 0.2932200292397661 0.6163651315789473 0.009137426900584795 0.02549342105263158 
0 0.2973775584795322 0.6203097587719298 0.018305921052631593 0.0170751096491228 
0 0.3098501461988304 0.6221217105263158 0.007858187134502924 0.018333333333333365 
0 0.7383954678362573 0.5990953947368421 0.01864035087719298 0.021929824561403508 
0 0.49936038011695905 0.5993695175438597 0.009502923976608187 0.01864035087719298 
0 0.49588815789473684 0.6051260964912281 0.004751461988304093 0.011513157894736841 
0 0.5764035087719298 0.5987554824561404 0.014380482456140362 0.017543859649122806 
0 0.8909904970760234 0.6051260964912281 0.015899122807017545 0.01864035087719298 
0 0.5088633040935673 0.5990816885964911 0.007309941520467836 0.019202302631579 
0 0.9041483918128655 0.5999177631578947 0.012609649122807017 0.03042763157894737 
0 0.590734649122807 0.6007401315789473 0.008771929824561403 0.012883771929824562 
0 0.5858004385964912 0.6048519736842105 0.013706140350877192 0.023300438596491228 
0 0.6011513157894737 0.6056743421052632 0.017178362573099414 0.01206140350877193 
0 0.6031615497076024 0.6144462719298246 0.011330409356725146 0.026041666666666668 
0 0.1366045321637427 0.5990734649122808 0.008086622807017545 0.027708333333333314 
0 0.6440972222222222 0.6012883771929824 0.026072733918128668 0.0200109649122807 
0 0.12582236842105263 0.5996217105263159 0.011467470760233918 0.023020833333333338 
0 0.6276498538011696 0.6021107456140351 0.011726973684210539 0.016354166666666628 
0 0.8405519005847953 0.6029331140350878 0.01699561403508772 0.025219298245614034 
0 0.8641118421052632 0.6018366228070176 0.016264619883040937 0.02250822368421056 
0 0.10597039473684211 0.6017461622807018 0.01343201754385965 0.023429276315789418 
0 0.11339546783625731 0.6035032894736841 0.012320906432748531 0.01856633771929825 
0 0.10725877192982455 0.620359100877193 0.010508040935672515 0.016567982456140367 
0 0.3272112573099415 0.600625 0.010142543859649123 0.02511239035087723 
0 0.555281432748538 0.6034813596491229 0.011207967836257297 0.012338267543859709 
0 0.7329130116959064 0.6034813596491229 0.018580043859649138 0.022080592105263207 
0 0.451937134502924 0.6037554824561403 0.010325292397660819 0.02903234649122803 
0 0.7910270467836257 0.604577850877193 0.014985380116959063 0.022203947368421052 
0 0.8540752923976608 0.604577850877193 0.021747076023391813 0.022809758771929835 
0 0.16436769005847954 0.6045422149122807 0.009099049707602353 0.01596491228070182 
0 0.15908260233918128 0.6181770833333333 0.0167671783625731 0.015438596491227991 
0 0.14391447368421054 0.6295230263157895 0.014985380116959063 0.0200109649122807 
0 0.15031067251461988 0.6347341008771931 0.0222953216374269 0.014251644736842045 
0 0.24383954678362574 0.6045942982456141 0.014848318713450293 0.018018092105263162 
0 0.23273026315789475 0.6160910087719298 0.01537280701754384 0.033015350877193 
0 0.46829312865497075 0.6056743421052632 0.00804093567251462 0.015350877192982455 
0 0.4761513157894737 0.6056743421052632 0.00712719298245614 0.01644736842105263 
0 0.48181652046783624 0.6138980263157895 0.005847953216374269 0.01836622807017544 
0 0.8308662280701754 0.6070449561403509 0.010964912280701754 0.02055921052631579 
0 0.4602065058479532 0.6050054824561404 0.00826937134502924 0.017332785087719304 
0 0.6303070175438596 0.608141447368421 0.013980263157894737 0.01868146929824564 
0 0.7561220760233918 0.608141447368421 0.016250000000000014 0.02038103070175436 
0 0.9174890350877193 0.6089638157894737 0.02320906432748538 0.018092105263157895 
0 0.7742141812865497 0.6092379385964912 0.008771929824561403 0.023026315789473683 
0 0.7824378654970761 0.6152686403508771 0.008771929824561403 0.020833333333333332 
0 0.7758589181286549 0.6322642543859649 0.009868421052631578 0.02275219298245614 
0 0.7715497076023392 0.6509265350877192 0.015456871345029226 0.024100877192982477 
0 0.78609283625731 0.6092379385964912 0.012244152046783625 0.019462719298245616 
0 0.8222770467836257 0.6092379385964912 0.014071637426900584 0.03042763157894737 
0 0.2101608187134503 0.6085444078947367 0.017832602339181273 0.014399671052631634 
0 0.5329861111111112 0.6100603070175439 0.012914839181286563 0.02248629385964918 
0 0.6875767543859649 0.6087938596491228 0.009914108187134504 0.023843201754385968 
0 0.5603983918128655 0.6099945175438597 0.013446637426900571 0.015759320175438535 
0 0.5525091374269006 0.6129413377192983 0.016843932748538026 0.019322916666666606 
0 0.5505299707602339 0.6234923245614035 0.01723866959064326 0.018018092105263162 
0 0.5476059941520468 0.6256853070175439 0.012426900584795321 0.01836622807017544 
0 0.43046418128654973 0.6097807017543859 0.00932017543859649 0.021935307017543856 
0 0.4451608187134503 0.6117050438596491 0.010491593567251436 0.025317982456140385 
0 0.4465460526315789 0.6322642543859649 0.006030701754385965 0.011239035087719298 
0 0.4346673976608187 0.6325383771929824 0.006730628654970747 0.024396929824561403 
0 0.4397843567251462 0.6399396929824561 0.008406432748538011 0.027138157894736843 
0 0.6674890350877193 0.6117050438596491 0.013523391812865496 0.014355811403508742 
0 0.6554586988304094 0.6159210526315789 0.02042214912280702 0.01973958333333327 
0 0.7287097953216374 0.6111732456140351 0.017147295321637415 0.02746710526315797 
0 0.37947733918128657 0.6119243421052633 0.013066520467836257 0.011019736842105214 
0 0.8557200292397661 0.6130756578947368 0.013706140350877192 0.023026315789473683 
0 0.07209429824561403 0.6136239035087719 0.015701754385964915 0.025219298245614034 
0 0.06697733918128655 0.6178919956140352 0.015533625730994151 0.025885416666666623 
0 0.19439875730994152 0.6138980263157895 0.016493055555555556 0.028771929824561414 
0 0.2010233918128655 0.6176617324561403 0.015899122807017545 0.020907346491228065 
0 0.3275767543859649 0.6118612938596492 0.014619883040935672 0.01958059210526311 
0 0.3208150584795322 0.6293996710526316 0.012669956140350864 0.02890624999999995 
0 0.3144188596491228 0.6415844298245614 0.009685672514619883 0.020285087719298246 
0 0.31712902046783625 0.6577576754385965 0.011178728070175451 0.028670504385964954 
0 0.29716374269005846 0.6606003289473684 0.02288925438596491 0.02671875000000007 
0 0.3098501461988304 0.6693009868421053 0.008923611111111097 0.027656249999999966 
0 0.701297514619883 0.614172149122807 0.010416666666666666 0.015350877192982455 
0 0.24424342105263158 0.613204495614035 0.01725511695906434 0.020759320175438602 
0 0.4878161549707602 0.6132675438596491 0.007721125730994152 0.02521381578947369 
0 0.813139619883041 0.6144462719298246 0.012244152046783625 0.020833333333333332 
0 0.8021747076023392 0.6248629385964912 0.017909356725146198 0.01864035087719298 
0 0.8213633040935673 0.6317160087719298 0.013706140350877192 0.0200109649122807 
0 0.8169773391812866 0.6385690789473685 0.02101608187134503 0.023300438596491228 
0 0.7172880116959064 0.613703399122807 0.013218201754385952 0.01033717105263159 
0 0.6179641812865497 0.6150054824561404 0.013987573099415198 0.02000000000000001 
0 0.21938961988304093 0.6158168859649122 0.017512792397660806 0.012883771929824562 
0 0.31679459064327486 0.6160910087719298 0.012152777777777778 0.02077576754385964 
0 0.5702065058479532 0.6145860745614036 0.008649488304093554 0.02686677631578941 
0 0.2303545321637427 0.6155345394736842 0.009654605263157881 0.028843201754386035 
0 0.840734649122807 0.6174616228070176 0.015533625730994151 0.022047697368421007 
0 0.8538925438596491 0.6286842105263158 0.011087353801169604 0.02797697368421051 
0 0.4938779239766082 0.6174616228070176 0.008740862573099402 0.021655701754385966 
0 0.49835526315789475 0.6168969298245615 0.010508040935672515 0.011990131578947308 
0 0.50234466374269 0.6243667763157895 0.010873538011695907 0.030282346491228015 
0 0.498812134502924 0.6384813596491228 0.009152046783625717 0.03078947368421057 
0 0.6320358187134503 0.6174616228070176 0.020498903508771944 0.0356359649122807 
0 0.1425438596491228 0.6160635964912281 0.01617324561403509 0.012362938596491202 
0 0.13824926900584794 0.6240405701754386 0.01804641812865497 0.01644736842105263 
0 0.4666483918128655 0.6182839912280702 0.017543859649122806 0.01699561403508772 
0 0.7588633040935673 0.6180098684210527 0.014513888888888903 0.023848684210526317 
0 0.33945540935672514 0.6180263157894736 0.014619883040935672 0.01889802631578949 
0 0.33301352339181284 0.6229605263157895 0.014999999999999987 0.01752741228070177 
0 0.6479660087719299 0.6188322368421053 0.008740862573099402 0.01864035087719298 
0 0.5083150584795322 0.6173766447368422 0.010751096491228056 0.031518640350877196 
0 0.5218384502923976 0.6193804824561403 0.01114766081871345 0.02298519736842103 
0 0.5305190058479532 0.6234923245614035 0.00989948830409358 0.01644736842105263 
0 0.5181834795321637 0.6276041666666666 0.010051169590643274 0.02768640350877193 
0 0.52640716374269 0.6388432017543859 0.008771929824561403 0.028782894736842105 
0 0.6970942982456141 0.6191063596491229 0.013812134502923963 0.02727796052631585 
0 0.749360380116959 0.6176288377192983 0.010402046783625744 0.014361293859649089 
0 0.7707419590643275 0.6185197368421053 0.00839181286549709 0.026515899122807024 
0 0.17173793859649122 0.6200657894736842 0.011056286549707603 0.030693530701754332 
0 0.5845211988304093 0.6207510964912281 0.011818347953216388 0.014528508771929825 
0 0.58171966374269 0.6295230263157895 0.0070047514619882905 0.014802631578947368 
0 0.582359283625731 0.6350877192982457 0.012273391812865471 0.03179824561403509 
0 0.4529422514619883 0.6194599780701754 0.013523391812865496 0.02760690789473685 
0 0.4436220760233918 0.6383936403508772 0.01149853801169592 0.030054824561403473 
0 0.4401498538011696 0.6655235745614035 0.013371710526315804 0.027321820175438615 
0 0.43302266081871343 0.6733826754385965 0.011513157894736841 0.029331140350877194 
0 0.4439875730994152 0.6747532894736842 0.0133406432748538 0.023092105263157834 
0 0.7307200292397661 0.6221984649122807 0.010248538011695894 0.027198464912280645 
0 0.3827978801169591 0.6211732456140351 0.02167032163742689 0.024207785087719282 
0 0.8093019005847953 0.6223958333333334 0.006761695906432748 0.008223684210526315 
0 0.21500365497076024 0.6234923245614035 0.008740862573099402 0.021107456140350877 
0 0.21975511695906433 0.627686403508772 0.013249269005847953 0.024597039473684214 
0 0.2098263888888889 0.6489857456140351 0.015593932748537999 0.015013706140350871 
0 0.6245504385964912 0.6232593201754386 0.008764619883040942 0.02161458333333331 
0 0.8803910818713451 0.6234923245614035 0.01644736842105263 0.03042763157894737 
0 0.8866045321637427 0.623766447368421 0.017604166666666653 0.01781798245614035 
0 0.7175621345029239 0.6221299342105264 0.015685307017543847 0.019457236842105267 
0 0.743344298245614 0.6243146929824561 0.016509502923976634 0.019555921052631618 
0 0.8681323099415205 0.6240405701754386 0.013720760233918116 0.009594298245614035 
0 0.45978070175438596 0.6248629385964912 0.0121673976608187 0.029605263157894735 
0 0.46759320175438596 0.6328125 0.008558114035087706 0.023300438596491228 
0 0.47094298245614036 0.6555646929824561 0.009777046783625731 0.019462719298245616 
0 0.5359100877192983 0.6222669956140351 0.014742324561403522 0.03274945175438591 
0 0.707328216374269 0.6245888157894737 0.015776681286549694 0.021589912280701815 
0 0.8378106725146199 0.6245888157894737 0.014437134502923976 0.021910635964912235 
0 0.8339729532163743 0.6388432017543859 0.01516812865497076 0.027138157894736843 
0 0.8391812865497076 0.6385690789473685 0.011239035087719298 0.025219298245614034 
0 0.05710891812865497 0.626233552631579 0.014285453216374273 0.02153508771929823 
0 0.573921783625731 0.6265076754385965 0.00932017543859649 0.024947916666666726 
0 0.5656377923976609 0.6466557017543859 0.009959795321637427 0.02700109649122807 
0 0.6320595760233918 0.6248355263157895 0.009303728070175411 0.02040570175438598 
0 0.6746162280701754 0.6255126096491228 0.01206140350877193 0.012743969298245679 
0 0.6844700292397661 0.6292489035087719 0.011162280701754373 0.02275219298245614 
0 0.12180190058479533 0.6278782894736842 0.01699561403508772 0.011652960526315849 
0 0.5912828947368421 0.6278782894736842 0.010051169590643274 0.01906249999999999 
0 0.7921235380116959 0.6284265350877193 0.009502923976608187 0.020833333333333332 
0 0.6066337719298246 0.6289747807017544 0.012792397660818713 0.023848684210526317 
0 0.5996893274853801 0.6301644736842106 0.007797880116959078 0.02238486842105259 
0 0.6660270467836257 0.6292489035087719 0.016812865497076022 0.013706140350877192 
0 0.6646418128654971 0.6362390350877193 0.019568713450292385 0.018229166666666668 
0 0.679124634502924 0.6358799342105264 0.008466739766081859 0.014476425438596476 
0 0.7190241228070176 0.6282949561403509 0.009654605263157881 0.0124671052631579 
0 0.15981359649122806 0.6285910087719297 0.013249269005847953 0.014114583333333397 
0 0.3706140350877193 0.6263130482456141 0.01836622807017544 0.02239857456140352 
0 0.7559393274853801 0.6283854166666667 0.01699561403508772 0.029322916666666737 
0 0.24552266081871346 0.6311677631578947 0.018442982456140365 0.018552631578947324 
0 0.23638523391812866 0.6341831140350878 0.011726973684210539 0.018092105263157895 
0 0.26032529239766083 0.6317160087719298 0.01675255847953218 0.014701206140350908 
0 0.4262609649122807 0.6301288377192983 0.00932017543859649 0.021049890350877183 
0 0.2042671783625731 0.6404989035087719 0.013660453216374269 0.027609649122807087 
0 0.49384685672514617 0.6322642543859649 0.0089857456140351 0.021655701754385966 
0 0.38203581871345027 0.6309703947368421 0.02124451754385965 0.024868421052631526 
0 0.40162097953216375 0.6315405701754386 0.012213084795321624 0.018514254385964903 
0 0.5648154239766082 0.6333607456140351 0.010325292397660819 0.0200109649122807 
0 0.8655884502923976 0.6310882675438596 0.019554093567251463 0.016441885964912285 
0 0.2938139619883041 0.6339089912280702 0.01804641812865497 0.01484923245614037 
0 0.656235380116959 0.6327768640350877 0.013629385964912267 0.025254934210526346 
0 0.4761513157894737 0.6347313596491229 0.008589181286549707 0.02823464912280702 
0 0.4843896198830409 0.6336842105263157 0.011787280701754386 0.030104166666666713 
0 0.7848135964912281 0.635827850877193 0.006578947368421052 0.01069078947368421 
0 0.10224780701754387 0.6343941885964912 0.01944809941520467 0.016510416666666673 
0 0.3063779239766082 0.6341639254385965 0.01964546783625731 0.02194901315789478 
0 0.29542763157894736 0.6528234649122807 0.019356725146198843 0.027138157894736843 
0 0.6144919590643275 0.6347587719298246 0.012039473684210546 0.02053179824561406 
0 0.613578216374269 0.6541940789473685 0.010051169590643274 0.024396929824561403 
0 0.6202174707602339 0.6544682017543859 0.00724963450292399 0.012883771929824562 
0 0.6037097953216374 0.6662554824561403 0.009990862573099429 0.022203947368421052 
0 0.6080957602339181 0.6755756578947368 0.010599415204678362 0.031524122807017545 
0 0.7425986842105263 0.6363760964912281 0.01437682748538013 0.018185307017543898 
0 0.7402229532163743 0.6402138157894737 0.00932017543859649 0.022478070175438597 
0 0.3358004385964912 0.6345394736842106 0.017512792397660806 0.01800986842105258 
0 0.33014985380116957 0.6358415570175439 0.009305555555555569 0.022190241228070125 
0 0.33379020467836257 0.6563870614035088 0.013523391812865496 0.02138157894736842 
0 0.33901315789473685 0.6357044956140352 0.020148026315789474 0.02712993421052626 
0 0.6934393274853801 0.6312225877192982 0.007858187134502924 0.028728070175438648 
0 0.7237902046783625 0.6368612938596491 0.011010599415204679 0.018703399122807024 
0 0.11595394736842106 0.6363103070175439 0.012457967836257302 0.028026315789473625 
0 0.6481176900584795 0.6385690789473685 0.005847953216374269 0.010172697368421087 
0 0.12398026315789473 0.6387774122807018 0.012335526315789474 0.028432017543859593 
0 0.5410124269005848 0.6373382675438597 0.012220394736842085 0.02682291666666664 
0 0.5525402046783626 0.6415844298245614 0.00967105263157896 0.02213267543859643 
0 0.13240131578947367 0.6402138157894737 0.012046783625730986 0.030153508771929825 
0 0.5584649122807017 0.6383991228070176 0.009387792397660799 0.02593749999999997 
0 0.7057894736842105 0.6406962719298246 0.01402595029239766 0.01781249999999988 
0 0.7006268274853801 0.6445997807017544 0.009259868421052645 0.017269736842105265 
0 0.8595577485380117 0.6404879385964912 0.012030336257309928 0.03344298245614035 
0 0.6503106725146199 0.6413103070175439 0.010599415204678362 0.02823464912280702 
0 0.05546418128654971 0.6396847587719299 0.020407529239766086 0.03205317982456136 
0 0.37198464912280704 0.6415844298245614 0.012426900584795321 0.01918859649122807 
0 0.8486695906432749 0.641858552631579 0.012472587719298246 0.02987938596491228 
0 0.4213267543859649 0.6421326754385965 0.012244152046783625 0.012883771929824562 
0 0.43320540935672514 0.6528234649122807 0.009197733918128642 0.023097587719298304 
0 0.2826206140350877 0.6429550438596491 0.011878654970760233 0.03062774122807018 
0 0.594389619883041 0.6435032894736842 0.010995979532163755 0.020230263157894786 
0 0.2612390350877193 0.6440515350877193 0.01437682748538013 0.011751644736842076 
0 0.2608735380116959 0.6492598684210527 0.009685672514619883 0.020285087719298246 
0 0.29158991228070175 0.6440515350877193 0.014970760233918141 0.020556469298245554 
0 0.29486476608187134 0.645904605263158 0.01239583333333332 0.017883771929824502 
0 0.6243000730994153 0.6445997807017544 0.008649488304093554 0.021025219298245565 
0 0.6285635964912281 0.6589391447368421 0.010051169590643274 0.03390625000000001 
0 0.6206451023391814 0.6668859649122808 0.009380482456140338 0.02157346491228065 
0 0.7147605994152046 0.641655701754386 0.01318713450292395 0.028892543859649022 
0 0.7553764619883041 0.6433936403508772 0.012609649122807017 0.018632127192982528 
0 0.03883406432748538 0.6444736842105263 0.023468567251461993 0.02672149122807018 
0 0.8714364035087719 0.645422149122807 0.01864035087719298 0.020285087719298246 
0 0.2694627192982456 0.6467927631578947 0.02020833333333332 0.01617324561403509 
0 0.1399250730994152 0.6455592105263158 0.018061038011695913 0.015485197368420993 
0 0.15641812865497076 0.6454906798245614 0.008177997076023392 0.013908991228070116 
0 0.13923976608187133 0.6528234649122807 0.0176498538011696 0.019320175438596498 
0 0.1470065789473684 0.6574808114035087 0.015076754385964912 0.017746710526315854 
0 0.15532163742690058 0.6453536184210527 0.017086988304093567 0.032817982456140295 
0 0.45402412280701754 0.6459265350877194 0.012152777777777778 0.022338267543859588 
0 0.39574195906432746 0.6476151315789473 0.02138157894736842 0.0200109649122807 
0 0.417671783625731 0.6466173245614035 0.012975146198830409 0.024665570175438602 
0 0.7824378654970761 0.6478892543859649 0.006761695906432748 0.01425438596491228 
0 0.218156067251462 0.6487116228070176 0.01804641812865497 0.015076754385964912 
0 0.32579495614035087 0.6461540570175439 0.008543494152046784 0.028873355263157874 
0 0.5136147660818714 0.6489857456140351 0.017909356725146198 0.02631578947368421 
0 0.5116648391812866 0.6541940789473685 0.013157894736842105 0.024671052631578948 
0 0.5307931286549707 0.6538760964912281 0.011878654970760233 0.02224780701754382 
0 0.5740442251461988 0.6487116228070176 0.010842470760233905 0.024671052631578948 
0 0.6693019005847953 0.6487116228070176 0.013569078947368422 0.03346765350877197 
0 0.7327613304093568 0.6489857456140351 0.011467470760233918 0.026345942982456176 
0 0.6397112573099415 0.6483580043859649 0.011878654970760233 0.01789747807017543 
0 0.6368329678362573 0.664501096491228 0.020049342105263164 0.0154605263157895 
0 0.6380062134502924 0.6723382675438596 0.012426900584795321 0.032269736842105205 
0 0.7886513157894737 0.6492598684210527 0.008771929824561403 0.015899122807017545 
0 0.1679312865497076 0.6498081140350878 0.01228983918128655 0.0317297149122807 
0 0.2305372807017544 0.6509046052631579 0.012609649122807017 0.03301260964912276 
0 0.23857821637426901 0.651452850877193 0.012244152046783625 0.036458333333333336 
0 0.6876370614035088 0.6646107456140351 0.008543494152046784 0.024503837719298212 
0 0.5059393274853801 0.6528234649122807 0.008589181286549707 0.044407894736842105 
0 0.5018421052631579 0.669202302631579 0.008559941520467863 0.027269736842105267 
0 0.5125950292397661 0.6860581140350877 0.016904239766081873 0.03165296052631586 
0 0.6325237573099415 0.6515405701754386 0.009685672514619883 0.015537280701754341 
0 0.4257127192982456 0.6516885964912281 0.008315058479532164 0.015937499999999966 
0 0.4933607456140351 0.6533086622807017 0.010020102339181273 0.026652960526315793 
0 0.6013340643274854 0.6523327850877193 0.01251827485380117 0.025553728070175384 
0 0.749437134502924 0.6514802631578948 0.010462353801169591 0.025191885964912307 
0 0.18638888888888888 0.6539199561403509 0.013706140350877213 0.025427631578947427 
0 0.40769736842105264 0.6497889254385965 0.011467470760233918 0.026334978070175482 
0 0.5909173976608187 0.6541940789473685 0.011330409356725146 0.028782894736842105 
0 0.46517178362573103 0.6547012061403509 0.011451023391812839 0.026970942982456104 
0 0.5410270467836257 0.6525493421052632 0.013645833333333347 0.02768640350877193 
0 0.8195358187134503 0.6555646929824561 0.0213669590643275 0.024983552631578913 
0 0.8129568713450293 0.6604989035087719 0.022478070175438597 0.01864035087719298 
0 0.8103983918128655 0.6651589912280702 0.0222953216374269 0.01699561403508772 
0 0.3559027777777778 0.6558388157894737 0.016067251461988317 0.0225712719298246 
0 0.3432328216374269 0.6599506578947368 0.021624634502923963 0.019462719298245616 
0 0.37818347953216375 0.654155701754386 0.009365862573099416 0.0323848684210526 
0 0.37070540935672514 0.6599972587719298 0.010964912280701754 0.034717653508771956 
0 0.7270650584795322 0.6544353070175439 0.010995979532163755 0.02714364035087719 
0 0.7669042397660819 0.6563870614035088 0.010599415204678362 0.01781798245614035 
0 0.7727521929824561 0.6742050438596491 0.0176955409356725 0.03125 
0 0.48163377192982454 0.6572094298245614 0.011864035087719311 0.0268640350877193 
0 0.4763486842105263 0.667077850877193 0.011681286549707615 0.02672149122807018 
0 0.694718567251462 0.6569353070175439 0.010964912280701754 0.011968201754385925 
0 0.27110745614035087 0.6577576754385965 0.014985380116959063 0.010142543859649123 
0 0.4529422514619883 0.6573711622807018 0.014696637426900598 0.028911732456140295 
0 0.7595942982456141 0.6562746710526316 0.014331140350877207 0.027541118421052578 
0 0.22235928362573099 0.6583059210526315 0.01000548245614035 0.03070175438596491 
0 0.6598135964912281 0.656578947368421 0.009868421052631578 0.012966008771929875 
0 0.7044042397660819 0.6571875 0.011056286549707603 0.02802083333333328 
0 0.04101242690058479 0.6585197368421053 0.015031067251461994 0.03316063596491223 
0 0.19919590643274854 0.6604989035087719 0.02183845029239766 0.0248300438596491 
0 0.6675201023391814 0.658407346491228 0.011421783625730994 0.03028234649122814 
0 0.663468567251462 0.6695449561403509 0.011681286549707615 0.04403782894736845 
0 0.6704130116959064 0.6840734649122807 0.014300073099415205 0.032102521929824594 
0 0.7862755847953217 0.6618695175438597 0.01239583333333332 0.02987938596491228 
0 0.3908077485380117 0.6626918859649122 0.017726608187134504 0.02850877192982456 
0 0.7142726608187134 0.6624177631578947 0.00932017543859649 0.021011513157894762 
0 0.5850694444444444 0.6632401315789473 0.014011330409356738 0.033294956140350884 
0 0.4174890350877193 0.6624643640350878 0.010721856725146212 0.031515899122806966 
0 0.5505299707602339 0.6635142543859649 0.015533625730994151 0.01343201754385965 
0 0.7946820175438597 0.6637883771929824 0.01285270467836256 0.029503837719298275 
0 0.8379934210526315 0.6623930921052631 0.017361111111111112 0.022502741228070215 
0 0.28222404970760234 0.6634429824561403 0.01941703216374269 0.01843750000000006 
0 0.24442616959064328 0.6652138157894736 0.020833333333333332 0.03338815789473689 
0 0.26726973684210525 0.6654194078947367 0.017086988304093567 0.011800986842105314 
0 0.21463815789473684 0.6668777412280702 0.010721856725146212 0.027266995614035033 
0 0.20952119883040934 0.6842790570175439 0.012244152046783625 0.03412006578947363 
0 0.48583698830409355 0.6659155701754387 0.015153508771929837 0.02830043859649117 
0 0.4862792397660819 0.6802357456140351 0.016736111111111097 0.02823464912280702 
0 0.694672880116959 0.6659566885964912 0.010827850877192983 0.023050986842105305 
0 0.701297514619883 0.6837993421052632 0.012244152046783625 0.038651315789473686 
0 0.42754020467836257 0.6676699561403509 0.006427266081871359 0.01836074561403509 
0 0.42808845029239767 0.6854440789473685 0.014985380116959063 0.03125 
0 0.6579714912280702 0.6678837719298246 0.006487573099415204 0.011030701754385905 
0 0.8036366959064327 0.6689967105263158 0.013523391812865496 0.019462719298245616 
0 0.7228618421052632 0.6695449561403509 0.009396929824561417 0.026419956140350906 
0 0.5616776315789473 0.6703673245614035 0.023148757309941533 0.02850877192982456 
0 0.15031067251461988 0.6694024122807017 0.01425438596491228 0.02152412280701754 
0 0.39263523391812866 0.6715679824561404 0.02081140350877195 0.02401864035087716 
0 0.7784173976608187 0.6720120614035088 0.018974780701754373 0.027960526315789474 
0 0.5742872807017544 0.6728344298245614 0.017909356725146198 0.024945175438596492 
0 0.3244700292397661 0.6713569078947369 0.018426535087719284 0.03848410087719295 
0 0.6559758771929824 0.6742050438596491 0.010493421052631593 0.03536184210526316 
0 0.6481176900584795 0.6769462719298246 0.009685672514619883 0.036458333333333336 
0 0.7378472222222222 0.6744791666666666 0.013965643274853815 0.03560032894736839 
0 0.7316337719298246 0.6810581140350878 0.012686403508771944 0.0301864035087719 
0 0.26690423976608185 0.6758497807017544 0.02238669590643275 0.0200109649122807 
0 0.34841008771929827 0.6740899122807017 0.020635964912280716 0.02932565789473685 
0 0.5289656432748538 0.6755756578947368 0.013888888888888888 0.024750548245614026 
0 0.5393823099415205 0.6755756578947368 0.019950657894736854 0.023242872807017534 
0 0.7086074561403509 0.6755756578947368 0.014894005847953216 0.021211622807017574 
0 0.7082419590643275 0.6857182017543859 0.009625365497076037 0.025183662280701725 
0 0.31332236842105265 0.6761239035087719 0.017604166666666653 0.03125 
0 0.5142397660818714 0.67578125 0.018183479532163743 0.03460800438596491 
0 0.3995102339181286 0.6752055921052632 0.017918494152046816 0.034287280701754366 
0 0.41486111111111107 0.6760279605263159 0.009024122807017565 0.035413925438596505 
0 0.42077850877192985 0.6936129385964913 0.018335160818713437 0.03684484649122803 
0 0.47322733918128657 0.6774945175438597 0.011513157894736841 0.020285087719298246 
0 0.6790021929824561 0.6780427631578947 0.008954678362573099 0.02936403508771927 
0 0.6917489035087719 0.6802768640350877 0.010645102339181287 0.03672149122807018 
0 0.6846673976608187 0.6857182017543859 0.007858187134502924 0.03125 
0 0.3625127923976608 0.6769709429824562 0.01653874269005848 0.030350877192982403 
0 0.4606176900584795 0.676828399122807 0.013097587719298259 0.033349780701754345 
0 0.5529057017543859 0.6785910087719298 0.00932017543859649 0.030153508771929825 
0 0.3307894736842105 0.6794133771929824 0.016889619883040947 0.02811677631578952 
0 0.7552083333333334 0.6773766447368421 0.012732090643274867 0.026159539473684167 
0 0.09311038011695906 0.6799616228070176 0.0133406432748538 0.02850877192982456 
0 0.06843932748538012 0.6810581140350878 0.024671052631578948 0.01425438596491228 
0 0.06533260233918128 0.6914747807017544 0.017726608187134504 0.01781798245614035 
0 0.2825749269005848 0.6786184210526316 0.015228435672514607 0.038138706140350906 
0 0.45166301169590645 0.6807839912280702 0.012487207602339168 0.03399122807017544 
0 0.615953947368421 0.6805098684210527 0.01023391812865497 0.03399122807017544 
0 0.1095577485380117 0.6818804824561403 0.021929824561403508 0.02275219298245614 
0 0.5610690789473685 0.6789967105263158 0.015442251461988304 0.02536184210526315 
0 0.8145705409356725 0.6816063596491229 0.024884868421052645 0.014802631578947368 
0 0.5971308479532164 0.6773519736842105 0.011635599415204692 0.03413377192982456 
0 0.2959612573099415 0.6810855263157894 0.01376644736842104 0.019662828947368427 
0 0.2648940058479532 0.6822258771929826 0.016904239766081873 0.021513157894736724 
0 0.7588633040935673 0.6811458333333333 0.01816885964912282 0.03171052631578943 
0 0.09749634502923976 0.6851699561403509 0.015716374269005847 0.03070175438596491 
0 0.3460343567251462 0.6838185307017545 0.019493786549707615 0.023640350877192923 
0 0.40195540935672514 0.686266447368421 0.015449561403508765 0.0337774122807017 
0 0.256624634502924 0.6871600877192983 0.017269736842105265 0.030419407894736787 
0 0.6261878654970761 0.6876370614035088 0.013706140350877192 0.03042763157894737 
0 0.08360745614035088 0.6890076754385965 0.012792397660818713 0.02905701754385965 
0 0.1908808479532164 0.6876589912280702 0.014391447368421052 0.03561403508771932 
0 0.4689181286549708 0.6903042763157895 0.012821637426900559 0.033845942982456086 
0 0.4613486842105263 0.6961348684210527 0.01069078947368421 0.026781798245613987 
0 0.6355080409356725 0.6928453947368421 0.013706140350877192 0.0200109649122807 
0 0.7144554093567251 0.6908963815789473 0.01300621345029241 0.03456962719298249 
0 0.4418548976608187 0.6933936403508771 0.011330409356725146 0.025767543859649123 
0 0.49174524853801166 0.6915378289473684 0.014194078947368434 0.018303179824561398 
0 0.20148026315789475 0.6940981359649123 0.008649488304093554 0.02724780701754376 
0 0.5317068713450293 0.691968201754386 0.021564327485380116 0.019517543859649072 
0 0.7261513157894737 0.6951425438596491 0.027960526315789474 0.03087171052631576 
0 0.7254203216374269 0.7084703947368421 0.0052394005847953345 0.012335526315789474 
0 0.4750548245614035 0.6932510964912281 0.011330409356725146 0.030844298245614032 
0 0.5081176900584795 0.6954440789473684 0.019020467836257295 0.03144736842105258 
0 0.078125 0.7016173245614035 0.006761695906432748 0.015899122807017545 
0 0.10663377192982457 0.701891447368421 0.01663011695906433 0.03289473684210526 
0 0.09731359649122807 0.7054550438596491 0.015350877192982455 0.03289473684210526 
0 0.11339546783625731 0.7166940789473685 0.018092105263157895 0.020285087719298246 
0 0.10343567251461988 0.717516447368421 0.0044773391812865495 0.019736842105263157 
0 0.4922331871345029 0.7004440789473684 0.018152412280701743 0.02877741228070176 
0 0.41602704678362573 0.7020915570175439 0.017878289473684198 0.03269462719298245 
0 0.4754970760233918 0.706203399122807 0.019080774853801143 0.030416666666666675 
0 0.6249086257309941 0.7109375 0.016264619883040937 0.024396929824561403 
0 0.45129751461988304 0.7134046052631579 0.018808479532163757 0.02650493421052633 
0 0.2204861111111111 0.733141447368421 0.03399122807017544 0.03179824561403509 
0 0.23126827485380116 0.7473958333333334 0.018092105263157895 0.027412280701754384 
0 0.2298062865497076 0.7586348684210527 0.021198830409356724 0.033717105263157895 
0 0.24150219298245615 0.7597313596491229 0.019919590643274854 0.03344298245614035 
0 0.7424159356725146 0.6593037280701755 0.01206140350877193 0.039325657894736854 
0 0.7531980994152047 0.6633991228070175 0.011056286549707603 0.035367324561403506 
0 0.7970577485380117 0.6329934210526316 0.015533625730994151 0.036450109649122875 
0 0.8070175438596491 0.6402576754385965 0.01836622807017544 0.021376096491228076 
0 0.2023629385964912 0.6315296052631579 0.014894005847953216 0.013977521929824502 
0 0.19605811403508772 0.6394791666666667 0.013249269005847953 0.036036184210526324 
0 0.2452174707602339 0.6424917763157895 0.015533625730994151 0.021650219298245617 
0 0.2436641081871345 0.6624972587719298 0.016904239766081873 0.018911732456140414 
0 0.19021016081871345 0.5911485745614036 0.016127558479532164 0.014660087719298127 
0 0.20076388888888888 0.5918311403508771 0.008908991228070175 0.02096491228070176 
0 0.1920376461988304 0.6047807017543859 0.011010599415204679 0.020005482456140356 
0 0.21619152046783627 0.5666666666666667 0.010599415204678362 0.01925164473684211 
0 0.2214455409356725 0.5703645833333334 0.012792397660818713 0.024734100877192987 
0 0.28624451754385966 0.5740433114035088 0.010416666666666666 0.028911732456140295 
0 0.28811769005847954 0.5774671052631579 0.01411732456140351 0.023432017543859655 
0 0.27582785087719297 0.627938596491228 0.018548976608187134 0.01856633771929825 
0 0.2758735380116959 0.6347889254385966 0.01745248538011696 0.01521107456140345 
0 0.3037591374269006 0.5982456140350877 0.010599415204678362 0.02404879385964913 
0 0.34247076023391815 0.6392461622807017 0.023117690058479533 0.025416666666666737 
0 0.3593293128654971 0.6362308114035087 0.013888888888888888 0.025896381578947438 
0 0.3862390350877193 0.6440871710526316 0.020056652046783627 0.012606907894736782 
0 0.38080226608187134 0.6535416666666667 0.018183479532163743 0.047066885964912354 
0 0.3779093567251462 0.6022176535087719 0.006259137426900585 0.01109649122807018 
0 0.40167397660818716 0.6140542763157896 0.007925804093567232 0.01866776315789471 
0 0.5127467105263158 0.5982401315789474 0.009639985380116959 0.03103618421052626 
0 0.5193713450292398 0.5890597587719298 0.013066520467836257 0.02637609649122814 
0 0.5226297514619883 0.6731990131578948 0.014391447368421052 0.014525767543859714 
0 0.5896984649122807 0.5698876096491228 0.009228801169590644 0.022404057017543864 
0 0.5940387426900585 0.5797532894736842 0.01667580409356725 0.017332785087719304 
0 0.6064656432748537 0.5836595394736842 0.012107090643274854 0.024662828947368366 
0 0.5957748538011696 0.61234375 0.012609649122807017 0.017949561403508778 
0 0.6709009502923977 0.594750548245614 0.017041301169590642 0.022198464912280707 
0 0.6811348684210526 0.6139336622807018 0.009639985380116959 0.022541118421052636 
0 0.6795047514619883 0.6499945175438596 0.01745248538011696 0.015413925438596496 
0 0.6784082602339181 0.654514802631579 0.01114766081871345 0.02487116228070176 
0 0.8705080409356726 0.5990652412280701 0.01918859649122807 0.024597039473684214 
0 0.8843055555555556 0.6091365131578947 0.011970029239766082 0.01753837719298246 
0 0.7132072368421053 0.451844846491228 0.006030701754385965 0.01315241228070176 
